,AV1,AV2,AV3,BA,FI1,FI2,HS,IM1,IM2,IM3,IM4,PE1,PE2,VA1,VA2,VA3
0,0.058423158,0.058272704,0.05925083,0.066896684,0.06869719,0.07128295,0.057858035,0.06102013,0.06280138,0.061620172,0.060110077,0.06755786,0.06766845,0.05696355,0.061717786,0.059859008
1,0.0629194,0.06391836,0.06301557,0.062608354,0.06418906,0.065112986,0.062800094,0.06346086,0.06353781,0.062621966,0.06212036,0.06290473,0.063045554,0.057903677,0.059606656,0.060234487
2,0.071069226,0.073540315,0.073240235,0.06638668,0.05931567,0.06021202,0.07246127,0.061948244,0.061632205,0.060835887,0.06395817,0.056884475,0.055179965,0.05275002,0.052940384,0.057645176
3,0.058350563,0.057937928,0.057865825,0.06239525,0.06876767,0.07082782,0.056339618,0.06665606,0.06690192,0.06377599,0.06199515,0.06568918,0.06721439,0.056587048,0.060323127,0.058372438
4,0.06704291,0.06873672,0.06820907,0.06229129,0.062888995,0.063987546,0.06863869,0.060647707,0.06078614,0.061185125,0.06129239,0.05868115,0.058028225,0.05819138,0.05684625,0.06254635
5,0.06166526,0.062071145,0.060383834,0.059560638,0.06501699,0.06547959,0.060781214,0.0668031,0.06593093,0.064399675,0.06244007,0.06214913,0.06369462,0.05928614,0.060207237,0.060130406
6,0.06409187,0.06507781,0.062841445,0.05841453,0.06332168,0.06343696,0.06461718,0.06563375,0.064832024,0.06371606,0.062852606,0.060113344,0.060901586,0.05978535,0.059016567,0.061347265
7,0.05902541,0.058335584,0.05832286,0.061522573,0.06938192,0.071705796,0.05767396,0.06549494,0.06633067,0.06308972,0.0618114,0.06440152,0.06627069,0.057022326,0.06025508,0.059355557
8,0.056226388,0.05481822,0.055658348,0.06378583,0.071696095,0.07459635,0.05400184,0.06643555,0.067444876,0.063678965,0.060995318,0.067196846,0.069929495,0.055433277,0.06099063,0.057111956
9,0.05499741,0.054331616,0.054296564,0.061163478,0.07070106,0.07281425,0.053726576,0.06595039,0.06641543,0.063756734,0.060841527,0.06917377,0.07095072,0.05861616,0.06264971,0.059614662
10,0.06318478,0.06463827,0.064928256,0.06596537,0.06356187,0.06467414,0.063925765,0.06294032,0.06294316,0.06204689,0.06329719,0.06365278,0.061944176,0.05545271,0.0573135,0.059530813
11,0.061471332,0.061756466,0.06029891,0.059307866,0.06465876,0.065123945,0.06091926,0.068489835,0.0671605,0.06472653,0.063892804,0.062014095,0.06336857,0.05828808,0.05916054,0.059362456
12,0.06311907,0.06470662,0.06551799,0.066347815,0.06375655,0.06506076,0.0635934,0.065174885,0.064854056,0.062027056,0.06495478,0.062956,0.061539732,0.05327733,0.05559032,0.057523634
13,0.065283455,0.06811191,0.06992007,0.0714565,0.058996044,0.059203736,0.06646413,0.057534542,0.057845756,0.060438003,0.062289223,0.06277727,0.058838367,0.05834884,0.05981593,0.06267622
14,0.06273385,0.06305842,0.061369058,0.059306342,0.0649572,0.065666474,0.061999477,0.064767554,0.064500906,0.063717686,0.061723284,0.0607934,0.062275387,0.060514826,0.060737655,0.061878532
15,0.05427986,0.053294647,0.053603623,0.06284989,0.07146258,0.07398276,0.05212014,0.06719326,0.06804179,0.063643344,0.061660867,0.0700262,0.072500415,0.055998594,0.06227118,0.057070814
16,0.06280708,0.064237356,0.0642879,0.062315542,0.061341636,0.06102844,0.06299364,0.06181088,0.061170284,0.06313023,0.06269545,0.060568772,0.05947551,0.063861385,0.06248294,0.065792985
17,0.06076977,0.061169524,0.060196415,0.059614893,0.068376794,0.070272006,0.06115552,0.06512199,0.06574502,0.06250927,0.062555574,0.0637463,0.06439612,0.056488406,0.057904385,0.05997803
18,0.062489156,0.06362781,0.062590286,0.0605162,0.06457373,0.06528961,0.062903985,0.06404399,0.06356038,0.062960014,0.062295996,0.061946947,0.061831415,0.059772696,0.05935266,0.06224513
19,0.05894909,0.059173748,0.058875598,0.062948346,0.06559868,0.066362955,0.057546075,0.066094,0.06579905,0.06404716,0.063194245,0.065714024,0.06607115,0.05842137,0.061498497,0.05970598
20,0.055636715,0.05446841,0.053802133,0.059171833,0.07207822,0.07468822,0.05401247,0.06670388,0.06744853,0.063722335,0.060021833,0.06728513,0.07109126,0.05837106,0.06252655,0.058971465
21,0.060377367,0.06045542,0.059065636,0.059028257,0.06625831,0.06707355,0.05969453,0.06606775,0.065692626,0.06401344,0.062126275,0.062760666,0.06460071,0.0602197,0.06127029,0.061295453
22,0.061830703,0.061771005,0.06167258,0.06325234,0.06760379,0.069648854,0.06157429,0.06294018,0.06419037,0.06216525,0.06132977,0.06332305,0.064226836,0.05624211,0.058916915,0.059311923
23,0.06098054,0.061872758,0.061595045,0.062418535,0.06378914,0.06426927,0.060590502,0.06178277,0.0617063,0.06296095,0.06111302,0.063557185,0.0628662,0.06296817,0.06333742,0.06419218
24,0.06465374,0.06689733,0.06620991,0.06348297,0.061584935,0.061814524,0.065454535,0.06424628,0.06333664,0.062469322,0.06423774,0.061769657,0.05989548,0.05682331,0.057087373,0.06003627
25,0.06681671,0.06836045,0.067513116,0.06202054,0.06283681,0.06389739,0.06648069,0.064891994,0.06425805,0.062591754,0.06387259,0.058036484,0.05785182,0.055576395,0.05520505,0.059790123
26,0.058857527,0.058931563,0.060351625,0.06610112,0.06838377,0.07111337,0.058368586,0.062458284,0.06380421,0.061436024,0.06147803,0.0664798,0.06669626,0.05601041,0.060550164,0.058979303
27,0.064003095,0.065790646,0.0675622,0.07020997,0.063204214,0.065055765,0.06384801,0.06027887,0.061208077,0.060321193,0.06278211,0.0634709,0.061539743,0.054178394,0.057599336,0.05894748
28,0.062672354,0.06308656,0.06084125,0.056370538,0.06525977,0.06559526,0.062244024,0.06727695,0.065946735,0.06472562,0.06198636,0.059436347,0.06149505,0.06138218,0.059583187,0.062097754
29,0.059273355,0.05915079,0.057894338,0.05802065,0.06691721,0.06765723,0.058402788,0.06551196,0.06485013,0.06428502,0.060738984,0.06265425,0.06489544,0.06327441,0.06309196,0.06338151
30,0.05726482,0.056803375,0.056678176,0.0614687,0.06923535,0.07124828,0.055936515,0.06825365,0.06808539,0.06403908,0.06308107,0.06672893,0.06824652,0.05580525,0.05948967,0.05763515
31,0.060523037,0.061571684,0.06196865,0.064616665,0.06402692,0.06469349,0.06054166,0.061398625,0.06152845,0.06260588,0.06179134,0.06455203,0.06290707,0.061276104,0.06233893,0.06365951
32,0.062777855,0.06400268,0.06466994,0.06625232,0.06404248,0.06535666,0.06252501,0.06349709,0.06351147,0.0622851,0.06338629,0.063196056,0.06225873,0.055408243,0.057721317,0.059108794
33,0.05844947,0.058268804,0.058906797,0.06550433,0.067933954,0.070274,0.056983702,0.05954564,0.060892254,0.06163924,0.058149464,0.06667059,0.067750245,0.06109314,0.06480825,0.06313014
34,0.064034455,0.065611646,0.06549137,0.06507016,0.063110605,0.06406185,0.06520364,0.06202049,0.062104058,0.06162273,0.06253701,0.06268798,0.061443206,0.056736514,0.05804742,0.060216866
35,0.061488904,0.06257679,0.063081935,0.066993065,0.06422216,0.065384194,0.061628554,0.06130313,0.061917678,0.061955765,0.061936095,0.06535772,0.06392105,0.057364486,0.06031414,0.06055428
36,0.05778979,0.057032213,0.05718971,0.06263711,0.07170975,0.075152814,0.0569562,0.065694585,0.06697465,0.06215389,0.061371002,0.06764497,0.06920556,0.053628042,0.058384664,0.05647506
37,0.062741354,0.06338508,0.06353311,0.06418184,0.0653465,0.06681968,0.063212626,0.06445358,0.06463231,0.062456608,0.0630115,0.062712505,0.062647015,0.055138085,0.05740777,0.058320444
38,0.06806719,0.07071838,0.07046847,0.06497557,0.05832222,0.05819093,0.06923788,0.061842088,0.060802132,0.061889395,0.06364191,0.05790025,0.056126688,0.058659267,0.05756641,0.06159121
39,0.06485024,0.065785415,0.065725006,0.06448677,0.06361285,0.06487874,0.064615116,0.063625574,0.0635225,0.062455144,0.06271715,0.06051135,0.060325064,0.05613851,0.05744301,0.05930761
40,0.06386092,0.06543057,0.06448477,0.061106544,0.06229539,0.062399767,0.06564423,0.059871987,0.059769396,0.06218001,0.060612857,0.060956113,0.059771698,0.06385545,0.061589908,0.06617041
41,0.06548944,0.067152515,0.06842148,0.069066115,0.062498678,0.06394497,0.066062376,0.06240626,0.06303194,0.060984883,0.06458205,0.061716184,0.060035046,0.052352313,0.055364966,0.05689079
42,0.060355887,0.061070587,0.060166407,0.06100389,0.06450091,0.06474393,0.0602338,0.06446576,0.0637425,0.06392795,0.061882276,0.063578196,0.06374391,0.061830238,0.06200893,0.062744804
43,0.061380617,0.062134653,0.061636902,0.06159726,0.066141196,0.06762175,0.06077373,0.066142365,0.065868385,0.062999815,0.06373291,0.06300314,0.06324455,0.056386515,0.05791338,0.059422772
44,0.06342181,0.06432163,0.064328596,0.0636502,0.065092355,0.06660571,0.06370365,0.06445764,0.06476386,0.06230277,0.06378208,0.06200696,0.061417434,0.054803252,0.056488145,0.058853872
45,0.06078136,0.061878096,0.06234104,0.06428154,0.06548829,0.06698457,0.06020707,0.06515831,0.065029964,0.062511705,0.06402616,0.06399272,0.06326843,0.05613079,0.058377836,0.059542123
46,0.057700794,0.057029586,0.058327936,0.06470355,0.07196887,0.075473145,0.056617763,0.06738403,0.06851862,0.06225003,0.063079834,0.067072146,0.06861025,0.050804745,0.05632198,0.054136682
47,0.058976654,0.058528848,0.057538368,0.0579602,0.069041304,0.07047683,0.05833477,0.06676893,0.06683198,0.06406728,0.062127892,0.06340704,0.06537799,0.05930494,0.06024025,0.061016746
48,0.059727628,0.060088854,0.0589964,0.060483105,0.065523215,0.0660446,0.058719277,0.06774318,0.0668235,0.064511135,0.06366449,0.06447849,0.065226056,0.058286518,0.060183827,0.0594997
49,0.0679719,0.07081175,0.06950226,0.062401634,0.060783356,0.061018012,0.07073797,0.059651036,0.059541706,0.06085333,0.06152019,0.059139222,0.057415582,0.058759153,0.05671304,0.06317987
50,0.06108805,0.061739672,0.06298139,0.067658395,0.0649451,0.06656117,0.061077677,0.06458969,0.06507145,0.06216409,0.0643031,0.065403104,0.064499564,0.053334095,0.057789616,0.056793798
51,0.057718486,0.05715375,0.057669792,0.06331164,0.06834766,0.07039449,0.056026902,0.066607274,0.06676531,0.06376397,0.06256575,0.06609772,0.067847565,0.05648325,0.06090978,0.05833664
52,0.06171173,0.062441006,0.063071266,0.066731125,0.06542368,0.06739543,0.060575407,0.063882746,0.06429602,0.062060677,0.06280354,0.06416905,0.06388503,0.054845873,0.05862866,0.058078796
53,0.05987803,0.059712652,0.05971298,0.062658146,0.06796551,0.069724426,0.059434284,0.06280494,0.0636735,0.0628794,0.060254667,0.063964,0.06513965,0.059325226,0.061413836,0.061458707
54,0.059305195,0.05917849,0.059347767,0.062316526,0.06633245,0.067393154,0.058402173,0.06332406,0.06353813,0.06335665,0.061314866,0.06366662,0.064574696,0.061614923,0.063213564,0.0631208
55,0.06285025,0.06331419,0.06461686,0.06724668,0.06577974,0.06826129,0.062293246,0.062295116,0.06340987,0.061269514,0.06242474,0.06292488,0.0630073,0.054046158,0.057894092,0.05836607
56,0.060940877,0.061456326,0.060894053,0.061975095,0.06412369,0.06462105,0.060729787,0.062877975,0.06261342,0.06330931,0.060926788,0.06311225,0.06382483,0.062338363,0.063116394,0.063139796
57,0.061572235,0.062301774,0.060077995,0.05740142,0.063933335,0.063652955,0.061121296,0.067580186,0.065801315,0.065175496,0.06277225,0.061234754,0.0624209,0.06187385,0.06052694,0.062553264
58,0.05964566,0.059670687,0.058720887,0.059252534,0.06748669,0.06858243,0.059251044,0.06586987,0.06588938,0.06391145,0.06242758,0.0639431,0.06466581,0.059317835,0.0602374,0.061127655
59,0.060170643,0.060966033,0.061439242,0.064350694,0.06387996,0.06441535,0.060190428,0.06338675,0.06325115,0.06333983,0.06335614,0.06425328,0.06283631,0.06015337,0.061473567,0.06253726
60,0.063245684,0.06448773,0.06332011,0.06109479,0.062034257,0.06179704,0.06410492,0.06178998,0.06131147,0.06337635,0.06153978,0.061139166,0.060294785,0.063425116,0.06184715,0.06519168
61,0.06348756,0.06429623,0.06439357,0.06543933,0.062311828,0.06299871,0.06375669,0.061767075,0.06213206,0.062333412,0.062661156,0.062238246,0.06158742,0.05860097,0.060567684,0.061428092
62,0.057117324,0.056313075,0.05680948,0.063748784,0.07088772,0.073692635,0.054857153,0.06655042,0.06750344,0.063274175,0.061911866,0.067089535,0.06913868,0.054549094,0.059744205,0.056812454
63,0.065240204,0.067301355,0.068867765,0.069988824,0.062180173,0.06385833,0.066075325,0.0655794,0.06545522,0.06101209,0.06735509,0.062584765,0.05967368,0.04867336,0.052252967,0.053901464
64,0.056873884,0.056310296,0.05649634,0.06257604,0.07099115,0.07398339,0.054958686,0.06871658,0.06921159,0.06346156,0.06334998,0.06726003,0.06875921,0.05317288,0.057990104,0.055888318
65,0.06121906,0.061609037,0.061570782,0.062911496,0.066730976,0.06827233,0.060707156,0.061179522,0.06206412,0.062331837,0.060155995,0.063338295,0.06347755,0.06024254,0.061243635,0.06294566
66,0.061825622,0.06217422,0.061992694,0.064474486,0.066547446,0.06882503,0.06078684,0.06418676,0.06458571,0.062408432,0.061830495,0.064043686,0.064440474,0.055153567,0.05834027,0.058384273
67,0.061888248,0.062818505,0.062411126,0.06339668,0.06479596,0.06602347,0.061682574,0.06643818,0.06593833,0.06320453,0.064291775,0.06367331,0.0631851,0.05485474,0.057175003,0.058222488
68,0.05775008,0.057768498,0.05800996,0.06382654,0.068600364,0.07078072,0.05600334,0.06792413,0.06788578,0.06341557,0.06364658,0.06724779,0.06777548,0.054149337,0.058741346,0.056474496
69,0.06146534,0.06156185,0.061296586,0.06333908,0.06577527,0.06737904,0.060970202,0.062009618,0.06285835,0.062251776,0.060604777,0.0635389,0.06477196,0.059145387,0.061834924,0.061196987
70,0.061400443,0.06233207,0.061593916,0.06131197,0.065752484,0.06679233,0.061858475,0.063654274,0.06378489,0.062514625,0.062336005,0.06369304,0.06332282,0.058527097,0.05937349,0.061752126
71,0.062130854,0.06342267,0.063751206,0.06578045,0.06421404,0.06543741,0.0625521,0.06331541,0.0635381,0.06215967,0.06332793,0.06475974,0.06317523,0.055480164,0.057951648,0.059003346
72,0.06871677,0.07201892,0.07082018,0.06429016,0.05613104,0.055198725,0.07072594,0.056534793,0.05573542,0.06124294,0.059726313,0.057103433,0.054817718,0.06652292,0.062452108,0.06796259
73,0.061302334,0.061118882,0.059496015,0.058150064,0.06734279,0.068666615,0.06114992,0.06564491,0.06571788,0.06365672,0.06150614,0.062529705,0.064451896,0.058809903,0.059683483,0.06077275
74,0.061723523,0.062232986,0.0627001,0.064751185,0.06484171,0.065999694,0.061000038,0.0620575,0.06255449,0.06269412,0.062054843,0.0629047,0.0623608,0.059102945,0.060766328,0.062255003
75,0.06133202,0.061605982,0.06133973,0.0633539,0.06679373,0.06874491,0.06024281,0.064503856,0.06488733,0.062575415,0.061896987,0.06384404,0.06477903,0.05609431,0.0590076,0.058998335
76,0.058996152,0.059019588,0.0584449,0.060921673,0.06859025,0.07023298,0.05828736,0.0634844,0.06416157,0.06292115,0.060679935,0.06516556,0.06595455,0.059670243,0.061432317,0.062037352
77,0.06214661,0.062331162,0.06236167,0.06334513,0.06643563,0.06829866,0.061943643,0.06473464,0.06527685,0.06259949,0.06282512,0.06276502,0.06346182,0.055179175,0.058010966,0.05828446
78,0.06768371,0.06945677,0.06791391,0.06097794,0.06071006,0.060974617,0.06821595,0.06078171,0.060410593,0.062181015,0.061144635,0.057355125,0.05694034,0.061693333,0.059287623,0.06427265
79,0.064129636,0.06476079,0.064438544,0.06360782,0.06632342,0.06836595,0.06367894,0.06339727,0.06422416,0.061756093,0.062023666,0.061496384,0.062347747,0.054416128,0.056801017,0.058232374
80,0.06205214,0.063099235,0.062431883,0.06231769,0.06469634,0.06543997,0.06216545,0.06324403,0.06310829,0.063059956,0.06188218,0.06285918,0.062382583,0.059493743,0.059776507,0.0619908
81,0.058136635,0.057923116,0.056768753,0.058411743,0.06736407,0.06815484,0.057478774,0.06678303,0.0661001,0.064668864,0.061812155,0.06455649,0.06611017,0.06144307,0.062241893,0.062046297
82,0.06045064,0.061181013,0.060425162,0.060640883,0.06348204,0.06338969,0.059862334,0.06420278,0.06330213,0.06413065,0.06184576,0.06258879,0.0631587,0.06372285,0.06370399,0.06391262
83,0.059286725,0.05829838,0.056436032,0.05694033,0.06918453,0.07056995,0.057163168,0.06912801,0.06883593,0.06502917,0.061799586,0.06291336,0.066750675,0.05835142,0.06045353,0.058859203
84,0.06082254,0.061167717,0.06051565,0.060195997,0.06642339,0.067402415,0.060720433,0.06519173,0.06484984,0.06358077,0.06196296,0.062469393,0.06341103,0.059644647,0.06010985,0.06153161
85,0.06493526,0.06652075,0.067724854,0.06858398,0.0634599,0.0653555,0.06539865,0.058950353,0.06024354,0.060152393,0.061718274,0.06253844,0.06078585,0.05531472,0.05775574,0.060561817
86,0.0653032,0.06720423,0.06810207,0.06678112,0.06244455,0.064032026,0.06545727,0.06483834,0.0647318,0.06134549,0.06616756,0.061229285,0.059232444,0.052015353,0.054199595,0.05691564
87,0.06377835,0.06609237,0.06775356,0.07046927,0.061840273,0.06299239,0.064532794,0.059393,0.059860867,0.060507514,0.062583245,0.06424475,0.061078295,0.056039363,0.058317654,0.06051631
88,0.06495156,0.0671865,0.06808943,0.06749715,0.06107918,0.061944712,0.06593824,0.061841715,0.061856244,0.061223228,0.06476168,0.061926443,0.059208605,0.05546688,0.05710181,0.059926648
89,0.06648416,0.068810806,0.069745906,0.067396045,0.06109341,0.061963342,0.06752566,0.059025347,0.05928188,0.060568377,0.061838344,0.059908904,0.05787895,0.05798386,0.05815947,0.062335577
90,0.057829436,0.05762892,0.057975,0.06354147,0.06702193,0.06838257,0.057255853,0.061082244,0.061976977,0.06266173,0.059470356,0.066089205,0.067256324,0.06262842,0.06555536,0.0636442
91,0.06233586,0.062772065,0.060898673,0.057473775,0.062436357,0.061937705,0.06217481,0.06892588,0.06673766,0.06594121,0.064143606,0.05930403,0.060616508,0.06194993,0.060522377,0.06182956
92,0.05971498,0.06004051,0.06025309,0.06245769,0.0666388,0.06796735,0.05924919,0.06453624,0.06429841,0.06333103,0.062015064,0.06422196,0.064201884,0.059146445,0.060352,0.061575346
93,0.062656045,0.06390864,0.06385731,0.06307489,0.064511634,0.065641,0.06344145,0.06378001,0.06381433,0.06215077,0.063496545,0.06279237,0.061921794,0.05679965,0.058108352,0.0600452
94,0.06048838,0.060410354,0.060525436,0.062874876,0.06701031,0.06883809,0.060032308,0.06593573,0.066492625,0.06278435,0.06374005,0.063749954,0.06481916,0.05533536,0.058799244,0.058163766
95,0.059681393,0.05993527,0.059165634,0.0611848,0.06555907,0.066191964,0.058761448,0.06748879,0.0664492,0.06473086,0.063211285,0.064157516,0.064844675,0.058618497,0.060232416,0.05978717
96,0.063541174,0.06465657,0.0636086,0.05991418,0.06324875,0.06351608,0.064564094,0.0632909,0.06284659,0.06291975,0.062225677,0.060154874,0.060493704,0.061381876,0.060384188,0.06325302
97,0.061069444,0.061954465,0.06377261,0.06934833,0.06531315,0.06715906,0.06105952,0.05928475,0.060697228,0.06080794,0.061106857,0.06535294,0.06359391,0.057277407,0.06094496,0.061257478
98,0.06515698,0.06631878,0.06829898,0.071335346,0.06533219,0.06851345,0.06523769,0.060827784,0.062419277,0.05950374,0.06247864,0.06321128,0.06151756,0.049978074,0.05432037,0.055549845
99,0.05931218,0.05911495,0.057232995,0.056719713,0.0668805,0.06742641,0.058422204,0.066247135,0.065589204,0.06461865,0.061315298,0.06294598,0.06518986,0.06300933,0.06277247,0.06320308
100,0.058690146,0.058357377,0.058325652,0.06283273,0.06798089,0.06941065,0.05739818,0.06447513,0.065153986,0.06372688,0.06161561,0.064957194,0.06584186,0.058739748,0.06174918,0.060744815
101,0.06041325,0.06076557,0.060047023,0.061587032,0.06621268,0.06734139,0.06026698,0.06263297,0.0631341,0.062731005,0.061075296,0.06444839,0.064862676,0.06031446,0.0616719,0.06249535
102,0.060305912,0.06074018,0.06125853,0.06323254,0.066571556,0.06810528,0.060263287,0.06492061,0.06500727,0.06281966,0.06324056,0.064215705,0.063960604,0.05671131,0.05877134,0.059875663
103,0.06252034,0.06274611,0.062019806,0.06169677,0.06555585,0.06673735,0.06140339,0.06375841,0.063865006,0.06318789,0.061238505,0.061316695,0.06278483,0.059333004,0.060516868,0.06131919
104,0.055871233,0.054388795,0.053789146,0.05674201,0.07162554,0.073694766,0.05409599,0.07264863,0.072058864,0.06558724,0.06412947,0.06468818,0.06820733,0.056130685,0.05906871,0.057273462
105,0.055225812,0.053521775,0.05288228,0.05773797,0.0746037,0.07785696,0.05333179,0.0706305,0.071620226,0.06405207,0.0623545,0.06648224,0.07088393,0.054243688,0.05883465,0.055737887
106,0.058375727,0.05767207,0.058095485,0.06336008,0.06978609,0.07247665,0.05685057,0.06422211,0.06545909,0.06259779,0.061011218,0.06606008,0.06806522,0.056430638,0.060852855,0.058684334
107,0.0582285,0.05805585,0.058417164,0.06404329,0.068374254,0.07048951,0.05695088,0.063298516,0.06427744,0.06258311,0.061052106,0.066973634,0.0675542,0.057801932,0.06178915,0.060110472
108,0.06319763,0.06434532,0.06438943,0.06232673,0.06359217,0.064308316,0.06415329,0.06228066,0.062279887,0.06231128,0.062630415,0.061406862,0.060706653,0.059595738,0.059450142,0.063025504
109,0.07188574,0.076097436,0.0777699,0.07180256,0.056171965,0.056645922,0.07323881,0.061560318,0.060584467,0.059759732,0.06587208,0.05705952,0.053652517,0.050444867,0.051354848,0.056099344
110,0.06536001,0.06725609,0.06641965,0.06262342,0.06168929,0.06203275,0.066570334,0.06259064,0.062306758,0.062184818,0.063486055,0.060631685,0.059073456,0.05818851,0.05773784,0.061848663
111,0.060990524,0.06192605,0.060906146,0.061139315,0.06420247,0.06465132,0.060601905,0.06645519,0.065383114,0.06387063,0.063340686,0.06364852,0.063614465,0.058983654,0.059905432,0.060380563
112,0.059361055,0.05892746,0.05788308,0.05968608,0.06836213,0.0699146,0.058071867,0.06470474,0.06507906,0.063613415,0.0603858,0.063989475,0.06620028,0.060388174,0.062162384,0.06127043
113,0.06680079,0.06997813,0.070470594,0.067015834,0.05826786,0.058327354,0.0683036,0.065743975,0.06438488,0.062166866,0.068261124,0.0599219,0.056374658,0.053013574,0.053813156,0.057155658
114,0.05661591,0.055558193,0.054588556,0.059082437,0.07057848,0.072650835,0.054283846,0.068458,0.068466924,0.064739116,0.061430115,0.066389225,0.06953253,0.05774426,0.06125779,0.058623772
115,0.062045317,0.06283495,0.06247322,0.061848443,0.06436813,0.06528757,0.062230557,0.063841246,0.063355654,0.06290529,0.061717033,0.062195618,0.06274657,0.05984165,0.060551453,0.061757315
116,0.06329229,0.06474792,0.06551441,0.06790944,0.06360686,0.06491131,0.06410369,0.05955868,0.06059483,0.060910854,0.061644107,0.06394694,0.06201963,0.05692466,0.05941612,0.06089821
117,0.05742545,0.057319924,0.057610825,0.06381019,0.066899836,0.068004005,0.056364544,0.062073592,0.062628284,0.06330029,0.0602794,0.067008145,0.067178324,0.062057022,0.06499053,0.0630497
118,0.057426784,0.05608067,0.056019187,0.06208342,0.07085992,0.07363274,0.055102337,0.06840714,0.06917685,0.06395204,0.06256238,0.06616842,0.069006056,0.054194644,0.059320375,0.056007013
119,0.05872521,0.05793501,0.05802346,0.06274517,0.070669666,0.073634565,0.057676952,0.06596503,0.06709843,0.06264039,0.061277635,0.065910615,0.06841514,0.05415947,0.058790933,0.056332335
120,0.062313814,0.063694924,0.06369995,0.06395655,0.063394345,0.064098105,0.06222708,0.06161315,0.061554465,0.062218938,0.0617256,0.06275075,0.061700664,0.06071477,0.061051097,0.06328575
121,0.06376173,0.065583654,0.06762478,0.07110897,0.06309869,0.06486736,0.064323746,0.06144331,0.061906345,0.060898006,0.06377829,0.064029664,0.061026722,0.052771576,0.055943277,0.05783389
122,0.0605387,0.061092746,0.05999832,0.06012188,0.06575345,0.06649546,0.06116473,0.066859,0.06641254,0.06375748,0.06396,0.06414007,0.063950986,0.057482604,0.058687657,0.059584435
123,0.06311655,0.06391712,0.06438454,0.06634221,0.06419713,0.06575218,0.06334253,0.062159404,0.062880404,0.06171409,0.06262182,0.06343662,0.06271416,0.05560725,0.05861684,0.05919716
124,0.06146037,0.061569344,0.06167241,0.06335677,0.06641995,0.068217486,0.06132982,0.06276472,0.063890986,0.06219145,0.062247466,0.06343844,0.063993886,0.057127047,0.05993997,0.060379893
125,0.056381572,0.056438576,0.056787573,0.06561511,0.06729137,0.06874591,0.054618333,0.068018384,0.067558184,0.06402397,0.06382122,0.06968264,0.06942354,0.05481784,0.06032922,0.05644652
126,0.05832169,0.05809891,0.057811018,0.05985489,0.0664671,0.06726383,0.057536475,0.06709586,0.06656353,0.06446342,0.063371144,0.063816644,0.0653383,0.060336366,0.06226737,0.061393496
127,0.059501078,0.058930133,0.058391325,0.0602736,0.06851093,0.07028499,0.05881298,0.06173827,0.06282868,0.06289917,0.05899648,0.06391055,0.065787084,0.062019553,0.063429266,0.06368593
128,0.062227543,0.06300777,0.06266956,0.064373255,0.065034285,0.06651032,0.061438832,0.06423494,0.06438262,0.06256502,0.06289794,0.06387479,0.0632831,0.056031242,0.058507234,0.05896158
129,0.06671684,0.06868706,0.06791084,0.06372319,0.060446545,0.060522877,0.06779101,0.062235456,0.06156575,0.06251561,0.062921286,0.05893406,0.05780269,0.05858192,0.057686035,0.061958816
130,0.05850408,0.058285486,0.059591386,0.06615456,0.06943928,0.072379254,0.05767724,0.06302276,0.06465028,0.06157835,0.061674222,0.06759423,0.067847304,0.05428852,0.059490155,0.05782287
131,0.06390959,0.06539427,0.06418401,0.060812667,0.060813688,0.060317084,0.06369904,0.065655075,0.064103685,0.06432429,0.06433714,0.059608955,0.05902874,0.061230298,0.060062807,0.06251867
132,0.06032887,0.059688352,0.058608618,0.05969145,0.06935926,0.07177899,0.058484428,0.067970656,0.06821341,0.063579336,0.062448386,0.063397706,0.066278495,0.054949988,0.05797535,0.05724668
133,0.05829426,0.05865418,0.059592716,0.06564306,0.06725385,0.06919078,0.057025876,0.06766802,0.06761984,0.06314121,0.064943165,0.06724998,0.06662983,0.05321408,0.057906643,0.05597253
134,0.06745604,0.070516706,0.070074975,0.065206274,0.05961157,0.05992177,0.068675704,0.061142754,0.06027958,0.061463088,0.06302668,0.0596949,0.05700852,0.057486076,0.0563947,0.06204065
135,0.060883656,0.062140927,0.062187284,0.0641439,0.06403463,0.064506605,0.06123033,0.060993403,0.061031237,0.062264875,0.060869243,0.064559095,0.06337949,0.061757438,0.06229844,0.063719444
136,0.06119957,0.06181017,0.06315562,0.068425894,0.06501751,0.06676383,0.06112142,0.06583881,0.06636698,0.062344138,0.065723576,0.065722615,0.06415169,0.0512961,0.056161966,0.054900113
137,0.06328959,0.064496785,0.063199244,0.060180157,0.062954746,0.0634086,0.063097306,0.06588667,0.06481667,0.063605815,0.0638896,0.0606062,0.060870476,0.05914109,0.05899194,0.061565146
138,0.06481912,0.06654969,0.06719829,0.06871791,0.061493378,0.062570654,0.06420428,0.065339856,0.065038905,0.062224418,0.06630528,0.06238376,0.05999335,0.05202773,0.055049744,0.05608366
139,0.06560849,0.06718614,0.066213585,0.06415343,0.06146098,0.061902065,0.065094516,0.06290322,0.06258756,0.06264254,0.063120835,0.06083564,0.05981332,0.05751437,0.058267772,0.060695596
140,0.061622165,0.062175766,0.06376384,0.06825817,0.06536348,0.0674236,0.060870472,0.062303502,0.0634911,0.061653156,0.06331247,0.064588964,0.06346469,0.05454495,0.058492765,0.058670886
141,0.06100263,0.061155267,0.060732387,0.06161106,0.06684238,0.06832999,0.060668733,0.06300948,0.063733116,0.06265604,0.061162848,0.06322592,0.064122915,0.05927684,0.060982447,0.06148793
142,0.056720056,0.055859417,0.055654813,0.06141203,0.07018777,0.07205373,0.055055633,0.06370915,0.06478154,0.063461654,0.059695262,0.067007035,0.069290355,0.06013302,0.06374594,0.061232638
143,0.05872692,0.058739595,0.05848868,0.0618527,0.0676889,0.06925772,0.05755159,0.064780846,0.0648543,0.06335144,0.061506268,0.06542017,0.06632066,0.059044585,0.061340433,0.061075177
144,0.065178975,0.06661899,0.06743797,0.06908961,0.063316345,0.06510125,0.065536305,0.059883717,0.060905207,0.060587775,0.061661687,0.06296377,0.061244,0.054402895,0.057207417,0.058864076
145,0.060979664,0.06178538,0.06289212,0.06499971,0.06491205,0.06605459,0.061466996,0.05813114,0.059422456,0.06135947,0.060450274,0.063536815,0.062026795,0.062550694,0.06324597,0.066185854
146,0.055547528,0.054663476,0.053684738,0.057263155,0.070086665,0.07141373,0.054055717,0.0696829,0.06910617,0.06532581,0.06260191,0.06623737,0.06899147,0.059553504,0.061857056,0.05992874
147,0.061338913,0.06201107,0.06219844,0.06375311,0.06697206,0.06896613,0.060783453,0.065561645,0.0658889,0.062396012,0.063615285,0.06427978,0.06409557,0.0538408,0.056676306,0.057622578
148,0.06682181,0.06937865,0.06878956,0.06325368,0.059239887,0.059156343,0.06891694,0.062089358,0.061414834,0.061861467,0.06417034,0.058897637,0.057076436,0.05885118,0.05790809,0.062173773
149,0.06348016,0.06438529,0.0639685,0.06085418,0.06558518,0.06677109,0.0648057,0.0627649,0.06320317,0.062110815,0.06250883,0.061213985,0.060584795,0.058131143,0.057549194,0.062083114
150,0.06497533,0.06691965,0.06503629,0.059195567,0.06098479,0.060628437,0.06524996,0.067849286,0.06579714,0.0644127,0.06589283,0.058969513,0.05803747,0.05848817,0.056693118,0.06086971
151,0.059356283,0.05924685,0.058584448,0.060983285,0.06737046,0.068760976,0.05761634,0.06992784,0.06917528,0.06447546,0.06443881,0.06427284,0.06622394,0.054903843,0.058165684,0.056497708
152,0.059111796,0.058839,0.058070496,0.06031739,0.067519106,0.068949446,0.05710932,0.06906795,0.06848692,0.064421855,0.06361059,0.06362548,0.06575567,0.05708049,0.059860285,0.058174185
153,0.05981551,0.05972548,0.06018968,0.06363328,0.066306,0.06760511,0.0589859,0.065086715,0.06520182,0.06348088,0.06262914,0.06395527,0.06469565,0.05799623,0.06087836,0.059815004
154,0.06989268,0.07267746,0.07261868,0.06709449,0.058084346,0.058518317,0.07113449,0.062096387,0.061625533,0.06120121,0.06511119,0.057649378,0.05540129,0.05386536,0.054398425,0.0586308
155,0.063389726,0.065198414,0.06694593,0.06965564,0.06251315,0.0637762,0.06342907,0.0636118,0.063842274,0.061395343,0.06570467,0.06334278,0.06077561,0.052965306,0.056373283,0.05708072
156,0.061663277,0.062014233,0.060957443,0.060116563,0.06597695,0.06721954,0.06151755,0.06508254,0.064670086,0.06300048,0.06178399,0.062803514,0.06406474,0.058863197,0.059702523,0.060563367
157,0.06120144,0.061426513,0.059465956,0.058013372,0.065521285,0.06606211,0.060126245,0.067853965,0.06668569,0.06476595,0.06278486,0.061776076,0.06327419,0.059957467,0.060050193,0.061034705
158,0.064114355,0.06536242,0.06421812,0.060486153,0.062091712,0.061894402,0.06486693,0.06289243,0.06229571,0.063502364,0.0623282,0.05947794,0.059171952,0.062223386,0.060497846,0.06457601
159,0.06187229,0.06306653,0.0615485,0.058753647,0.06324286,0.06310108,0.062029306,0.066799715,0.06519444,0.064354114,0.06381418,0.060932603,0.061045177,0.061567757,0.06032636,0.062351484
160,0.06660106,0.06913792,0.06904662,0.06457993,0.059236284,0.059005864,0.06887239,0.059048522,0.058879547,0.06133693,0.06236208,0.059396595,0.057046942,0.061142042,0.059543453,0.064763784
161,0.05744861,0.056936722,0.05604297,0.05972221,0.06956609,0.0713402,0.05636782,0.06850348,0.068443164,0.06416806,0.062829226,0.066327564,0.06862352,0.056263458,0.05983906,0.057577875
162,0.0575442,0.05715905,0.05652058,0.059632007,0.06836047,0.06956078,0.056514766,0.064779855,0.06475493,0.06399515,0.060284134,0.065344535,0.067197524,0.0620588,0.0635989,0.06269432
163,0.06639707,0.06757953,0.06697179,0.06342499,0.06371359,0.065236196,0.06732396,0.05990513,0.060663227,0.06111439,0.060284436,0.059308514,0.05928426,0.058274467,0.05827996,0.062238444
164,0.05843154,0.05867541,0.06000126,0.066722065,0.06751505,0.06987507,0.057232898,0.06402358,0.064820476,0.061940778,0.06295854,0.067500435,0.06714441,0.05495364,0.059874143,0.058330707
165,0.06323059,0.064358726,0.06313329,0.06091469,0.06342444,0.06376031,0.06344004,0.065770894,0.06501588,0.06365669,0.06402245,0.061649144,0.061215047,0.057848983,0.058116388,0.06044238
166,0.06016207,0.06069834,0.060161304,0.06126356,0.0656027,0.06655914,0.05992672,0.063818626,0.063648045,0.063068405,0.061426118,0.06402167,0.064746745,0.060710598,0.061980292,0.06220569
167,0.061762165,0.06312484,0.063273735,0.06516003,0.06263518,0.06334732,0.061951146,0.06302654,0.06262437,0.06252446,0.06308035,0.0643539,0.06300502,0.058607206,0.06046065,0.06106314
168,0.06724693,0.07002973,0.07024099,0.066321194,0.06008236,0.060826488,0.06909466,0.058809098,0.0591007,0.060240384,0.0622917,0.060325354,0.057645142,0.057830293,0.05763968,0.06227534
169,0.057817347,0.057767596,0.05758443,0.060695946,0.067189306,0.06825977,0.05716974,0.06636889,0.0661436,0.064058274,0.06313776,0.06547918,0.06594983,0.05959892,0.06166258,0.061116833
170,0.059565682,0.059682872,0.059148327,0.061179135,0.06772518,0.06937119,0.059016068,0.06645181,0.06650934,0.06358527,0.06300716,0.06482527,0.06553647,0.056379754,0.058680512,0.059335995
171,0.06780138,0.07061168,0.0716379,0.06939311,0.060192227,0.06121387,0.06965127,0.061352808,0.06185921,0.060341947,0.06573405,0.060147453,0.056831542,0.05200726,0.05364064,0.057583697
172,0.05981742,0.059800178,0.05861069,0.059061013,0.06770433,0.06902477,0.05938602,0.065881275,0.06586507,0.06355649,0.061643567,0.063817695,0.065660335,0.059132315,0.06059129,0.060447548
173,0.05820738,0.05762316,0.058497578,0.06451067,0.07008102,0.07290623,0.05690942,0.06455338,0.06609815,0.062424757,0.06216528,0.06635353,0.06740558,0.05482752,0.059505764,0.057930537
174,0.064049944,0.065298356,0.06524674,0.0639159,0.06288731,0.06380146,0.06467797,0.06339649,0.063618965,0.061920952,0.064123414,0.06176595,0.061038893,0.056460544,0.058145642,0.059651483
175,0.06051012,0.061127476,0.060565546,0.06198257,0.065365076,0.06628685,0.06056027,0.061855916,0.061985392,0.06288976,0.060455028,0.0639999,0.06375937,0.062123172,0.062444426,0.06408913
176,0.06401313,0.06576173,0.065668575,0.06583659,0.062115867,0.06306563,0.06371812,0.06470298,0.064245984,0.06250242,0.06509094,0.062314708,0.060264744,0.055043153,0.056755997,0.05889944
177,0.061272595,0.062173482,0.062130835,0.064744584,0.06478333,0.06604415,0.060605384,0.06394704,0.06388647,0.06265392,0.06259585,0.064251594,0.0637793,0.05735561,0.059743196,0.06003268
178,0.06373123,0.06399581,0.06460612,0.066089526,0.06593997,0.068435825,0.0634622,0.060304776,0.061915778,0.060798373,0.06068703,0.06271465,0.06295709,0.05576396,0.05911076,0.059486873
179,0.062433925,0.06298271,0.06319452,0.06531416,0.06553042,0.06751484,0.06253665,0.06155007,0.06270723,0.061462503,0.061781075,0.06420016,0.063697435,0.056119762,0.05909649,0.05987807
180,0.06614027,0.06784632,0.06889986,0.06824992,0.062601015,0.06423147,0.06602437,0.06098394,0.06181051,0.06086717,0.06355443,0.060644295,0.05850214,0.0542623,0.056004994,0.059376996
181,0.06592771,0.06838564,0.069340095,0.06821908,0.061245494,0.06252084,0.06745576,0.0592683,0.059810966,0.05998489,0.06261439,0.061793458,0.05934721,0.055914152,0.057457685,0.060714338
182,0.060024492,0.060939427,0.063446775,0.07253815,0.065307535,0.067732826,0.059438538,0.061699834,0.06322344,0.060752925,0.06398422,0.06827892,0.0657111,0.0523204,0.05841478,0.05618665
183,0.060872667,0.06103303,0.060402498,0.061549857,0.06629872,0.06758285,0.060243007,0.065058514,0.064966634,0.06352456,0.061946295,0.063246705,0.064279065,0.058338653,0.06004184,0.060615037
184,0.057854716,0.056911148,0.056837685,0.06236051,0.069319144,0.07136437,0.05634582,0.06583364,0.06664572,0.06365474,0.061739568,0.066093944,0.06811418,0.05710377,0.06131699,0.058504052
185,0.061226685,0.061387625,0.060184974,0.059713304,0.0663129,0.06734829,0.0606396,0.06426846,0.064345255,0.06341965,0.061168518,0.06250153,0.06412138,0.060269695,0.061068237,0.062023874
186,0.06493916,0.06665623,0.06495058,0.060921274,0.060798544,0.060647815,0.06581633,0.06449127,0.06338425,0.0631253,0.06380296,0.06018098,0.05976328,0.059665754,0.059143838,0.06171242
187,0.06777216,0.07035494,0.07090486,0.066103294,0.059770014,0.06039512,0.070859104,0.05815629,0.058569696,0.05996624,0.062087856,0.059202094,0.057058007,0.05823911,0.05795045,0.062610775
188,0.063802086,0.06446762,0.063362665,0.061506625,0.06501208,0.06666836,0.06254104,0.06939372,0.06816182,0.06381474,0.06503006,0.061135657,0.061248653,0.053047173,0.054472458,0.056335296
189,0.0623764,0.062823124,0.06188636,0.061890196,0.06590837,0.067425065,0.06200386,0.064192556,0.064638376,0.062340986,0.062197097,0.06322566,0.06416154,0.056702256,0.05900646,0.059221715
190,0.055017997,0.0540021,0.054094132,0.060920805,0.07243613,0.075140245,0.053083535,0.06690143,0.067986034,0.06353815,0.061845664,0.06848248,0.070658304,0.05637927,0.061003283,0.05851046
191,0.05996945,0.05966769,0.05807573,0.05738438,0.06750248,0.068693504,0.058727957,0.06909283,0.06841161,0.06460148,0.063370585,0.062361598,0.0647424,0.058418114,0.05967606,0.059304085
192,0.06537061,0.06751507,0.067688644,0.06656765,0.061236765,0.06208668,0.066821724,0.064988576,0.064526424,0.061794046,0.066698425,0.062061075,0.059465155,0.05215027,0.05417718,0.05685171
193,0.06577886,0.067701586,0.06609058,0.060410947,0.06099801,0.061101224,0.06550909,0.06832271,0.066307865,0.0638701,0.06611544,0.058620114,0.057821166,0.05662895,0.05568756,0.05903577
194,0.0701315,0.07349785,0.07537733,0.07351424,0.05933206,0.061100908,0.07165576,0.060465652,0.060839057,0.058926903,0.064881206,0.059698496,0.05601184,0.048434425,0.051095627,0.055037156
195,0.059407312,0.059401385,0.060544968,0.06565674,0.067646824,0.06981104,0.05840945,0.059484098,0.060889315,0.061777547,0.05937289,0.06544406,0.06539632,0.06028072,0.06292931,0.063548006
196,0.056804158,0.05635674,0.056680933,0.06397299,0.06872727,0.07091216,0.054980915,0.06608361,0.066524155,0.06339453,0.061789986,0.06789961,0.06950358,0.056625865,0.061810616,0.057932854
197,0.06181046,0.062345643,0.06279408,0.06553066,0.0656146,0.067016214,0.06054087,0.06324811,0.063736655,0.06266907,0.06237782,0.06329678,0.062855504,0.05698506,0.05921801,0.059960496
198,0.055667367,0.054530393,0.054477703,0.059659425,0.07174729,0.07411226,0.054117925,0.06438238,0.06512154,0.06376921,0.05905771,0.066649504,0.06946211,0.061206516,0.0639425,0.06209616
199,0.06074322,0.061049625,0.06145082,0.06281269,0.06611999,0.067711204,0.060238548,0.06338599,0.06380308,0.0625062,0.06220669,0.06325829,0.06386342,0.058812153,0.060722772,0.06131535
200,0.060278434,0.05958902,0.05936563,0.061751332,0.07003852,0.07295756,0.059335917,0.06491778,0.066215545,0.06232629,0.061345775,0.06406344,0.066108316,0.055153567,0.05864668,0.057906177
201,0.061457243,0.0619281,0.061922632,0.064049184,0.06530871,0.0667536,0.060416542,0.0650459,0.06493234,0.06312006,0.06306885,0.063322626,0.06336738,0.056695294,0.05909461,0.05951695
202,0.059269957,0.05840124,0.0568693,0.057201475,0.06846028,0.069613926,0.05851287,0.066975005,0.06706206,0.064478286,0.061468784,0.06289794,0.066164725,0.060220506,0.061769344,0.060634356
203,0.058102354,0.05749134,0.057351276,0.06086831,0.0684536,0.06979876,0.057276074,0.06324063,0.06389129,0.063764066,0.060020197,0.06458954,0.066216506,0.061984155,0.06372165,0.06323023
204,0.059843544,0.059932236,0.06037774,0.063189864,0.06902463,0.0714806,0.05989773,0.062455215,0.06391293,0.06165398,0.06134811,0.06503863,0.06529847,0.056666132,0.059425306,0.060454883
205,0.06233289,0.063590765,0.06255048,0.0620672,0.061875157,0.06171426,0.062261198,0.06802575,0.066243015,0.06449959,0.06544634,0.06262899,0.06196402,0.057545014,0.058374662,0.05888068
206,0.064533815,0.06543658,0.064383104,0.06150319,0.063909896,0.06479809,0.06448224,0.061763834,0.0619702,0.062365573,0.060825575,0.06015725,0.060772747,0.060208276,0.060105562,0.06278407
207,0.061371416,0.061952744,0.06228501,0.06485065,0.06710741,0.06914965,0.06110389,0.06650588,0.066874884,0.06252865,0.06451943,0.06470425,0.06375543,0.051999103,0.055227093,0.056064483
208,0.061605524,0.061959416,0.061841145,0.0631731,0.06684218,0.068750694,0.06061789,0.064436585,0.06505366,0.06247046,0.062405385,0.06366581,0.06420927,0.055753104,0.058542944,0.058672853
209,0.059858207,0.060216803,0.06112126,0.06566424,0.06673019,0.068694316,0.05963284,0.06292685,0.063702054,0.06198994,0.062005524,0.066041574,0.06581555,0.056354053,0.0600577,0.05918895
210,0.06408451,0.0652272,0.06439779,0.060567833,0.06340468,0.06396699,0.06565473,0.062922545,0.06275862,0.06260148,0.06281476,0.06030234,0.05980747,0.059760973,0.058830097,0.062897995
211,0.064131305,0.06527154,0.064126104,0.060831774,0.06283078,0.063113436,0.06460394,0.064934805,0.06417874,0.06334279,0.0634117,0.060026128,0.060169745,0.059015717,0.058642372,0.061369143
212,0.06536486,0.06707226,0.06715206,0.06516884,0.06142829,0.06207921,0.06602724,0.06104607,0.061140984,0.0616373,0.06267246,0.060401462,0.059188943,0.05864616,0.059152618,0.061821204
213,0.061882183,0.06283402,0.062138736,0.06252629,0.064039655,0.06480216,0.062363174,0.06462775,0.06425427,0.06301802,0.0631343,0.06362269,0.06323739,0.057952467,0.059426494,0.06014043
214,0.06476086,0.06643196,0.06736957,0.06721121,0.06225848,0.06356919,0.06527658,0.05586645,0.05705577,0.06011776,0.059075147,0.061105706,0.05976665,0.061817072,0.06249019,0.065827355
