,AV1,AV2,AV3,BA,FI1,FI2,HS,IM1,IM2,IM3,IM4,PE1,PE2,VA1,VA2,VA3
0,0.058665164,0.057908244,0.05801196,0.06377452,0.06741713,0.06945652,0.05953614,0.06541943,0.066550866,0.06418662,0.06269095,0.06349892,0.06562869,0.05773371,0.06046428,0.05905684
1,0.05996827,0.059812244,0.059202053,0.062710114,0.06479165,0.06572519,0.062096488,0.06363393,0.06437382,0.06348181,0.062449723,0.062475704,0.06346214,0.061218843,0.061928775,0.06266921
2,0.053083178,0.052298076,0.053162612,0.062292185,0.069974,0.07358981,0.053296834,0.06489674,0.066679746,0.06446628,0.061582994,0.06704271,0.07034475,0.06097554,0.06423402,0.06208048
3,0.055304993,0.054162566,0.054284588,0.060479138,0.07095261,0.07492302,0.056235913,0.066635534,0.069032624,0.065325245,0.06210363,0.063637756,0.06816719,0.05803857,0.061040036,0.05967654
4,0.051395964,0.04993864,0.05050842,0.059295632,0.07285641,0.07752575,0.05224203,0.063475564,0.066649675,0.06503517,0.059258495,0.065600544,0.07130913,0.06381994,0.0668086,0.06428006
5,0.057764564,0.057090733,0.05703502,0.06195212,0.068289824,0.07086647,0.059308417,0.060805883,0.063219614,0.06276909,0.059720855,0.062481973,0.0652039,0.06373714,0.06478655,0.06496783
6,0.060788337,0.061379157,0.06189271,0.066976614,0.065462604,0.06641478,0.06395332,0.0588272,0.06044491,0.060567852,0.06084168,0.06370221,0.06334158,0.060582213,0.062024586,0.06280027
7,0.0549354,0.053929225,0.056150053,0.06714582,0.06946169,0.072844476,0.054910846,0.06400068,0.065863915,0.0635128,0.06259525,0.06689022,0.06907609,0.057538103,0.06228378,0.058861643
8,0.049689315,0.04821579,0.050260223,0.061919857,0.07193498,0.077368,0.048646268,0.069336005,0.07041164,0.06642088,0.06260767,0.068412684,0.07314033,0.0590074,0.0640972,0.058531787
9,0.060338788,0.05987646,0.059876926,0.062656894,0.06648594,0.068536535,0.06261774,0.065240085,0.06623544,0.063418,0.063406326,0.06185332,0.06385391,0.057180613,0.05919004,0.05923297
10,0.052938744,0.05178019,0.052193493,0.06035765,0.07147447,0.075558215,0.053762045,0.06462146,0.067207724,0.06496638,0.06055425,0.06514767,0.07002081,0.06197075,0.064924516,0.06252163
11,0.06354796,0.06389333,0.06242985,0.06310623,0.06439676,0.06474428,0.06730237,0.058347724,0.060232986,0.060849622,0.05961245,0.060138486,0.060756013,0.063134946,0.062443294,0.06506366
12,0.059711527,0.06001257,0.060743365,0.06716835,0.06513739,0.066011675,0.061789356,0.058989402,0.060580134,0.061259042,0.060836982,0.06385157,0.06362325,0.06253853,0.06371914,0.06402774
13,0.049156018,0.04733945,0.049743924,0.063088536,0.07358678,0.07946047,0.04810688,0.06863798,0.070549674,0.06615819,0.062249273,0.06954963,0.07555565,0.05669258,0.063257664,0.05686732
14,0.06506809,0.06595753,0.06543071,0.06768476,0.061999205,0.061493866,0.0677921,0.061330955,0.061775945,0.06129659,0.063193604,0.062370025,0.06046383,0.05680735,0.05775162,0.059583858
15,0.07033616,0.072455406,0.06924606,0.06498145,0.058177337,0.056040253,0.075266324,0.0595153,0.0594084,0.060111426,0.0625847,0.058189575,0.054922942,0.059432928,0.056911543,0.06242025
16,0.056881372,0.056400478,0.05916999,0.071201675,0.068638526,0.07132467,0.057390563,0.061570648,0.06349294,0.061903894,0.06242109,0.067920096,0.06803996,0.055478074,0.060434833,0.057731222
17,0.05568143,0.053954788,0.054044787,0.062347416,0.071197316,0.074638896,0.05522674,0.065104604,0.06765082,0.06516739,0.059962235,0.06443156,0.07030257,0.058565266,0.06297684,0.058747314
18,0.058114417,0.058172688,0.05933997,0.065228134,0.064098746,0.06582826,0.059071556,0.066923425,0.06635005,0.06432523,0.06547324,0.06480793,0.06399049,0.05849931,0.059924316,0.059852228
19,0.058538273,0.05820536,0.057474922,0.06065503,0.06704144,0.068840556,0.06100268,0.06103043,0.06289924,0.062760495,0.05991479,0.061604142,0.0636995,0.06522845,0.06483156,0.06627313
20,0.058436003,0.058725245,0.05917466,0.06472496,0.06657719,0.06830871,0.060955685,0.057186022,0.05966261,0.06116093,0.059045535,0.06254878,0.06305123,0.06623983,0.065949515,0.06825309
21,0.06161576,0.060754187,0.059498973,0.060121287,0.06574563,0.067506574,0.06321281,0.06617919,0.067026086,0.06444231,0.062417842,0.059810247,0.06274652,0.05903948,0.059901908,0.05998117
22,0.0629435,0.06302106,0.06237198,0.0643575,0.06382877,0.064565346,0.064965315,0.063870855,0.06413473,0.06267758,0.063169375,0.061403647,0.061792538,0.05802689,0.058969937,0.059901003
23,0.06450198,0.065118596,0.06435321,0.06457072,0.06050613,0.060398784,0.06628567,0.067409836,0.06610664,0.06366728,0.066813946,0.061391797,0.05942063,0.055640843,0.055908535,0.0579054
24,0.06141126,0.061314255,0.060448755,0.06322306,0.06503326,0.0657975,0.0631442,0.06431622,0.06494084,0.063465446,0.062540665,0.062037587,0.06283914,0.059094787,0.059885304,0.060507666
25,0.06480774,0.06625013,0.06652694,0.06869355,0.06052741,0.060008653,0.067635864,0.061401054,0.060943056,0.061001915,0.06413117,0.062335096,0.05892306,0.057951253,0.057927735,0.060935352
26,0.049461856,0.04791452,0.049960118,0.062392406,0.07324636,0.07887691,0.04886579,0.06690431,0.069250576,0.06550617,0.061381124,0.0690762,0.075178556,0.058581956,0.06479353,0.058609623
27,0.052009705,0.0509727,0.051932786,0.06181442,0.07074786,0.074919336,0.05195667,0.064590864,0.066748254,0.06499776,0.060650412,0.06634122,0.07082462,0.06265311,0.066040374,0.06279994
28,0.06671672,0.06820799,0.06741088,0.068380274,0.060984783,0.060125377,0.070660725,0.05791439,0.058625054,0.05953513,0.06153168,0.060825784,0.058432356,0.059310444,0.05910375,0.062234662
29,0.057689384,0.05679896,0.057984993,0.06657163,0.068251565,0.07061207,0.05808143,0.0651872,0.06682877,0.06386913,0.06359392,0.06591505,0.067707315,0.054777864,0.05918622,0.05694448
30,0.05622068,0.05488097,0.055404734,0.06326419,0.06901157,0.07162785,0.05607535,0.064672135,0.06636253,0.06440898,0.061022703,0.0647885,0.068533055,0.06013069,0.063618734,0.05997736
31,0.061291188,0.06124796,0.060507987,0.06340908,0.064116605,0.06498134,0.063481025,0.06367658,0.06423615,0.06303313,0.062903024,0.061976373,0.062304135,0.06025398,0.060957067,0.06162435
32,0.0689936,0.06993608,0.06902338,0.06775692,0.06015549,0.059205797,0.07174679,0.061718635,0.061617102,0.060674503,0.0637781,0.05951586,0.05768598,0.054920085,0.05545475,0.057816893
33,0.065578446,0.066811785,0.064351976,0.062185623,0.06105271,0.06045542,0.069286615,0.06189231,0.061902765,0.06160874,0.062423144,0.05944306,0.05844351,0.061384164,0.059420336,0.06375944
34,0.050721936,0.04938406,0.051292636,0.063906126,0.07371526,0.079069935,0.050670277,0.06126929,0.0647703,0.06350256,0.058585398,0.06829458,0.07350541,0.06190236,0.06706909,0.062340733
35,0.052303642,0.050658885,0.051445723,0.060908075,0.07230393,0.07659385,0.052680183,0.06364637,0.066776335,0.064854056,0.059798524,0.065847464,0.07112847,0.06230067,0.06621994,0.0625339
36,0.055979427,0.055166773,0.05728406,0.06686161,0.06898825,0.07186636,0.057048604,0.06247752,0.06439269,0.06281691,0.061977915,0.06646617,0.067952946,0.05830369,0.062380016,0.060037117
37,0.060749277,0.06047452,0.059314575,0.06360118,0.06612698,0.06702533,0.061975475,0.059744265,0.061879825,0.06205505,0.059219625,0.062091827,0.06424442,0.06311339,0.06431198,0.06407231
38,0.05777796,0.057174843,0.057894543,0.06542787,0.06757087,0.06932552,0.05908671,0.063030146,0.06475315,0.06326859,0.062125757,0.06514507,0.06685662,0.05861849,0.061797798,0.06014603
39,0.0555737,0.054386728,0.054276977,0.06043951,0.06896469,0.07177713,0.055817816,0.065807864,0.06736281,0.064967446,0.061234232,0.06418789,0.06874264,0.061136395,0.06393722,0.061387006
40,0.052648477,0.05130611,0.05173441,0.05889418,0.07091705,0.07517601,0.05308097,0.066835135,0.06855315,0.06565663,0.06126755,0.064766385,0.069752164,0.062323004,0.06503315,0.062055618
41,0.058588874,0.05781479,0.057786446,0.06327491,0.066912174,0.06889166,0.05965747,0.06254834,0.06406864,0.063317135,0.060839217,0.0625691,0.06514313,0.062101755,0.063745685,0.06274071
42,0.054450877,0.053555127,0.05511799,0.064751804,0.070578195,0.07381357,0.05671243,0.06295005,0.06570232,0.06342124,0.06231662,0.067220405,0.06979521,0.05769479,0.062040675,0.059878677
43,0.053355243,0.05248832,0.05508655,0.067393325,0.071518555,0.075684704,0.054147236,0.060783826,0.063604616,0.062102288,0.06085159,0.06788339,0.07037098,0.059315253,0.064228825,0.061185293
44,0.054989513,0.054056134,0.055190742,0.06366262,0.0692449,0.07233978,0.056349833,0.06432487,0.06615365,0.064054474,0.0624288,0.066242404,0.068212435,0.059362687,0.06257914,0.060808014
45,0.057882495,0.057002384,0.057565052,0.06402141,0.06851185,0.07120784,0.058844063,0.06688313,0.06826299,0.06440384,0.06405953,0.06434474,0.06663928,0.05475744,0.058454014,0.057159863
46,0.068206824,0.06930698,0.067173235,0.064488225,0.05949618,0.058554664,0.07170412,0.0616741,0.06127809,0.06136698,0.063122325,0.05843657,0.05666576,0.059276942,0.057809196,0.06143978
47,0.05704063,0.056782633,0.056688953,0.06184074,0.06765288,0.06981937,0.059608966,0.060842406,0.062820375,0.06261059,0.06017806,0.06351018,0.06519938,0.06448529,0.06507862,0.065840915
48,0.06616215,0.06754403,0.066748604,0.06663876,0.06305245,0.06288913,0.07144033,0.05605522,0.05790304,0.058825154,0.06023035,0.05968156,0.05808843,0.060473066,0.059756882,0.06451088
49,0.066558994,0.06824872,0.06721442,0.06759206,0.061514735,0.060756013,0.070881926,0.058012336,0.059060663,0.059620284,0.06199563,0.061415665,0.05851338,0.05842635,0.05795646,0.062232345
50,0.060941596,0.061112452,0.060833283,0.06438482,0.064494,0.0655103,0.06296487,0.06427563,0.06466841,0.063106544,0.06339219,0.06321169,0.0632467,0.058246747,0.05955219,0.060058657
51,0.057201084,0.05654474,0.05629438,0.06186849,0.06775696,0.0701871,0.057657868,0.06477874,0.06598367,0.064239256,0.061111517,0.06379569,0.066842236,0.061177924,0.063055694,0.061504662
52,0.056288496,0.056045227,0.05663738,0.06402356,0.06719957,0.0694583,0.05780469,0.06218975,0.0636075,0.06304532,0.061257947,0.06532933,0.066329956,0.06271362,0.064374514,0.06369486
53,0.057845414,0.057362363,0.057033326,0.06198846,0.06571572,0.067591645,0.058263145,0.0666096,0.067109,0.06494432,0.06308868,0.06425398,0.066082574,0.059887502,0.061702847,0.06052139
54,0.058403086,0.05844723,0.059032246,0.06456454,0.06403762,0.06541002,0.05996546,0.06563988,0.06525394,0.06392344,0.064203635,0.06436435,0.063939445,0.060278863,0.061456446,0.061079767
55,0.06399686,0.06472172,0.06416489,0.065844454,0.062501304,0.062430296,0.06696427,0.06259091,0.06280297,0.061849616,0.06367333,0.062265,0.060903817,0.057429954,0.05812277,0.05973784
56,0.056989383,0.056336228,0.056781758,0.06344981,0.06609387,0.0681549,0.057404686,0.06676156,0.06699759,0.0647753,0.06336989,0.06479673,0.06670831,0.059567172,0.06218792,0.059624847
57,0.052821167,0.05128702,0.0519343,0.060473308,0.071515694,0.07612944,0.05300979,0.06749077,0.06927466,0.06585369,0.061699778,0.0650374,0.070681795,0.059492126,0.063290745,0.060008347
58,0.06003247,0.059857562,0.061473403,0.06972484,0.0673149,0.06899056,0.06214366,0.060421985,0.0625904,0.0612819,0.06244393,0.06529586,0.06519549,0.055388644,0.05904955,0.05879483
59,0.06783427,0.06964925,0.06804806,0.066935,0.05931871,0.058168128,0.071985714,0.05910253,0.059350073,0.060153373,0.06281409,0.060018025,0.056614336,0.059413303,0.058106363,0.06248877
60,0.058776293,0.05826056,0.057708107,0.061058786,0.066025175,0.06785566,0.06005453,0.066205636,0.066613704,0.06454639,0.062477976,0.06260921,0.06468045,0.060450573,0.061464515,0.061212447
61,0.05592554,0.05518787,0.05527714,0.06144088,0.06868928,0.07158824,0.0568478,0.06391997,0.06567653,0.06408524,0.060879026,0.06379263,0.06724998,0.062221136,0.06427201,0.0629467
62,0.06908419,0.0709947,0.07025435,0.0700838,0.059463724,0.058002602,0.07370809,0.054541975,0.05565866,0.057793494,0.060557403,0.059641905,0.05612335,0.060557425,0.05939005,0.06414433
63,0.061580073,0.061617184,0.059777547,0.059603356,0.06403344,0.06464215,0.064049825,0.065483496,0.0654614,0.06389839,0.062437505,0.060630824,0.061651334,0.061717857,0.060811292,0.0626043
64,0.06758494,0.067941196,0.0651636,0.06248381,0.060647298,0.05959545,0.07099474,0.06345397,0.0632957,0.062383365,0.06315633,0.058422837,0.05777916,0.058801927,0.057858527,0.06043718
65,0.05738996,0.057162885,0.058304142,0.06679207,0.06677033,0.068779685,0.05783171,0.062357914,0.0635747,0.06283095,0.061469097,0.06608003,0.067279376,0.059806157,0.0629856,0.060585435
66,0.06190284,0.0621239,0.061838318,0.06512072,0.06529582,0.06636586,0.06459668,0.060466718,0.06204443,0.061791286,0.061547495,0.06146177,0.061662752,0.06009551,0.060766157,0.06291977
67,0.06523593,0.0649157,0.06430712,0.06510054,0.06312529,0.06339974,0.067790546,0.06638497,0.066307314,0.06311473,0.06548344,0.060492218,0.06039372,0.053072263,0.05480425,0.05607222
68,0.06248027,0.06322716,0.063635126,0.068473265,0.06260083,0.06300745,0.064059325,0.060166188,0.06083761,0.0611742,0.06258857,0.062673,0.06106751,0.060440417,0.061288603,0.062280513
69,0.056183882,0.05567634,0.05835356,0.07082434,0.06774343,0.07033868,0.055831812,0.06413476,0.06524728,0.06321216,0.06363851,0.06877703,0.06865056,0.054766327,0.059997886,0.056623492
70,0.057919223,0.057902858,0.0588983,0.065493114,0.06766742,0.06991065,0.060169205,0.05812721,0.06063636,0.060902536,0.059859063,0.06405187,0.06543614,0.062904164,0.064735405,0.06538646
71,0.06683566,0.06761963,0.06699945,0.068021215,0.06137529,0.060567662,0.06924832,0.06112643,0.06153827,0.06080476,0.06334844,0.06094903,0.05945231,0.05607545,0.057145514,0.058892496
72,0.063227974,0.0631465,0.0642285,0.068945125,0.0643814,0.06527696,0.064835936,0.06457272,0.064913444,0.062263694,0.06513965,0.06299144,0.062078714,0.052669156,0.055535898,0.05579287
73,0.063012496,0.063361354,0.06389345,0.06813184,0.06421494,0.064693265,0.06546594,0.059626337,0.06103673,0.060889475,0.06198155,0.06255736,0.06195699,0.058230743,0.059865493,0.061082017
74,0.061004,0.06107026,0.061413407,0.06534464,0.06474907,0.066002496,0.06310893,0.06349712,0.06399474,0.06273046,0.063098975,0.06275615,0.06267729,0.05842159,0.059731282,0.060399577
75,0.06310583,0.06399811,0.06404891,0.066849954,0.06310285,0.06353751,0.06582638,0.061363075,0.06184684,0.061299387,0.06306145,0.062439673,0.06103705,0.0582778,0.059046935,0.061158247
76,0.058746178,0.058133256,0.05882269,0.06505841,0.06701866,0.06900172,0.060034722,0.061708067,0.06325684,0.062472768,0.061125387,0.06365519,0.065003745,0.060942873,0.06318083,0.061838698
77,0.053612832,0.052301552,0.05405599,0.064526975,0.06926505,0.07297919,0.052749667,0.066173285,0.06731552,0.065059744,0.062039815,0.06665883,0.07020081,0.05963196,0.06408297,0.059345856
78,0.05753929,0.057131432,0.058533017,0.06643633,0.06662294,0.06864274,0.05870243,0.062366374,0.063563175,0.06269438,0.062071938,0.065458424,0.06642409,0.05994517,0.06289749,0.06097077
79,0.06107459,0.061905153,0.062430043,0.06695167,0.0634666,0.064133905,0.06384869,0.059769854,0.060543515,0.061281748,0.06200369,0.06308706,0.061408356,0.062041517,0.061999638,0.06405396
80,0.056331158,0.05558366,0.05695779,0.06514687,0.0664012,0.06882075,0.055777784,0.0678674,0.06771458,0.06490076,0.06409721,0.06610553,0.06773391,0.05757932,0.061230756,0.05775132
81,0.05936975,0.05864664,0.05994242,0.06776058,0.067494474,0.06953716,0.060757253,0.06374413,0.06516932,0.06307004,0.0630706,0.06509792,0.06581851,0.054805305,0.058482815,0.057233088
82,0.05341501,0.0529503,0.055994164,0.06877674,0.07001975,0.073667906,0.0541648,0.06205874,0.06405918,0.062399667,0.062351447,0.069383375,0.070430756,0.057762668,0.062868014,0.05969747
83,0.05548348,0.054672495,0.055322353,0.06409157,0.06989683,0.07266487,0.057029728,0.05959641,0.06254206,0.06252382,0.058790557,0.06507511,0.06840995,0.063443586,0.06633123,0.06412594
84,0.05385559,0.05252476,0.05270009,0.060428526,0.07086092,0.074352816,0.05471548,0.061824877,0.064720206,0.06406105,0.05858736,0.064515896,0.069490924,0.06510433,0.06759718,0.06465998
85,0.0541549,0.053429347,0.05574663,0.06642147,0.06940929,0.07283094,0.055016033,0.060772,0.06282514,0.06237313,0.060560565,0.06663643,0.06873969,0.062166814,0.0658779,0.063039735
86,0.057127304,0.056499906,0.05655906,0.062168974,0.06815911,0.070843056,0.058936387,0.06293361,0.06468195,0.06351713,0.06116997,0.063546926,0.06586375,0.0616763,0.06317806,0.0631385
87,0.0613312,0.061651878,0.06103317,0.06333387,0.06332067,0.06438564,0.062411774,0.06350483,0.06344678,0.062884904,0.062107425,0.06149939,0.062469196,0.06192967,0.061894145,0.06279547
88,0.05981096,0.05914223,0.05893228,0.06336573,0.065967664,0.067623004,0.06067426,0.06512283,0.06578124,0.06397233,0.062350377,0.06256168,0.06489437,0.058969334,0.061025538,0.059806217
89,0.062725335,0.06333127,0.06570878,0.073603734,0.062222395,0.06245881,0.06408468,0.061171044,0.061344914,0.060896453,0.06490395,0.06495801,0.06128196,0.055376515,0.058016952,0.0579152
90,0.05239564,0.05072867,0.05220277,0.063056275,0.071894154,0.076427236,0.052048687,0.06375954,0.06641104,0.064643584,0.05984391,0.06585032,0.071344875,0.061649438,0.066316776,0.061427113
91,0.06489131,0.06551509,0.06446742,0.06496163,0.06195698,0.061727315,0.06783597,0.06368216,0.063523,0.06225279,0.06403818,0.060830668,0.05985748,0.05726822,0.0574809,0.059710916
92,0.058276176,0.05797335,0.058342688,0.06427509,0.06706091,0.06864492,0.060604293,0.06434919,0.065640666,0.06341876,0.0631931,0.065283746,0.06607365,0.057463177,0.06000438,0.059395913
93,0.060874987,0.0607172,0.06122354,0.06575352,0.06368338,0.06477545,0.061476745,0.06648007,0.06606231,0.06383761,0.06494193,0.063751556,0.06324198,0.05663834,0.058676425,0.05786496
94,0.051399373,0.049962666,0.051222604,0.061111107,0.0729063,0.07797394,0.051584642,0.064878315,0.06747552,0.06476667,0.060268015,0.06639075,0.07222943,0.06098158,0.06531308,0.061536018
95,0.05659652,0.056410793,0.056661382,0.062448904,0.06735431,0.06968844,0.058466516,0.061473195,0.06315296,0.06280364,0.060606185,0.06433143,0.065989,0.063938506,0.06489616,0.065182105
96,0.058846112,0.058327634,0.05824752,0.063251905,0.06760675,0.06945116,0.060958657,0.062709644,0.06471819,0.063224375,0.061753623,0.0631231,0.06496768,0.059692428,0.061457794,0.061663464
97,0.052903324,0.05181384,0.053538084,0.06454855,0.069980614,0.07376985,0.053089652,0.06317209,0.06542213,0.064050674,0.0612324,0.067218095,0.070192024,0.061537057,0.06548495,0.062046614
98,0.05960134,0.05966504,0.061369643,0.06924842,0.06577858,0.06724888,0.061790157,0.060382742,0.061954893,0.06132994,0.062824376,0.06550305,0.06408408,0.057905503,0.060727306,0.060586035
99,0.0564471,0.05594397,0.05679065,0.06443033,0.06892515,0.07181242,0.05844791,0.06277498,0.06523381,0.06350467,0.062354255,0.06467463,0.0661508,0.05909392,0.061722223,0.061693106
100,0.057034582,0.056480255,0.057724457,0.06577594,0.06642563,0.06845257,0.05785563,0.061968587,0.063188605,0.062844306,0.061473325,0.0651582,0.06658442,0.062039718,0.06471444,0.062279373
101,0.0512824,0.049484316,0.050915156,0.062170327,0.07229058,0.077233106,0.049935985,0.06938645,0.07110061,0.066606596,0.062316686,0.0674123,0.0734821,0.0569667,0.06261858,0.05679803
102,0.06295499,0.06289729,0.061567526,0.062545255,0.06376793,0.06386771,0.06626429,0.064417996,0.06491228,0.06327843,0.063228056,0.061438844,0.061333805,0.05852262,0.05886802,0.060134985
103,0.04961483,0.04746044,0.049005143,0.061590176,0.07447001,0.08027377,0.048047166,0.06819087,0.0706352,0.06665399,0.060501028,0.067952745,0.07554549,0.058047157,0.06459672,0.057415273
104,0.050868984,0.04903147,0.05015601,0.059840478,0.072337374,0.077607006,0.050123505,0.06751747,0.06953701,0.06610227,0.0610723,0.06613703,0.07230054,0.06122004,0.06560332,0.06054521
105,0.05793626,0.057378545,0.05806711,0.06442747,0.06656103,0.06840831,0.059268244,0.0639796,0.065234765,0.06342003,0.06299881,0.06430803,0.06541458,0.059567895,0.062101018,0.06092828
106,0.064669885,0.06536379,0.06562218,0.06785832,0.061084926,0.061016217,0.066462144,0.064522415,0.063938156,0.062238228,0.06589167,0.062485874,0.059780404,0.055120584,0.05609204,0.057853214
107,0.055893987,0.055693313,0.057153422,0.066054314,0.06858621,0.07121757,0.05719178,0.06159708,0.06329453,0.062452596,0.061130375,0.06651778,0.06776826,0.060335137,0.06322817,0.06188547
108,0.061788872,0.06158847,0.06286963,0.06827246,0.06556522,0.06709766,0.06419467,0.06493761,0.065540366,0.06265102,0.0652313,0.06370767,0.062890075,0.052430734,0.055515613,0.05571864
109,0.054807838,0.053869464,0.055289485,0.06507773,0.06878978,0.07155934,0.055961024,0.06508798,0.06670695,0.06410342,0.063183345,0.06795005,0.06925542,0.057566684,0.06180804,0.058983415
110,0.05288072,0.052145742,0.0540602,0.06587417,0.07083503,0.074814186,0.0529393,0.064073205,0.066266425,0.06391193,0.06192381,0.0684714,0.07137422,0.057892557,0.06273139,0.05980572
111,0.05587079,0.05555259,0.055858042,0.061845277,0.06616293,0.06850538,0.056993216,0.064382315,0.06513226,0.06430397,0.062159654,0.06448989,0.06601619,0.06388149,0.064813934,0.06403207
112,0.05514921,0.054195546,0.05650675,0.06626235,0.06838228,0.07200775,0.054561183,0.06962896,0.069666974,0.06514388,0.06551167,0.0667474,0.06900417,0.05358069,0.05853375,0.055117436
113,0.068914756,0.070367455,0.069575846,0.06724395,0.05969156,0.058714483,0.07331889,0.062285222,0.06191297,0.060697645,0.06541292,0.059469897,0.056335267,0.054123018,0.053881023,0.05805514
114,0.05810134,0.057455454,0.056944586,0.061459705,0.06794789,0.07009673,0.05993787,0.061968416,0.06400272,0.06315576,0.06006074,0.062674455,0.06583832,0.06273405,0.06398399,0.06363795
115,0.068499446,0.07085772,0.068610825,0.06651796,0.058030978,0.056045417,0.07299297,0.056763437,0.056914598,0.05914482,0.06109596,0.060075928,0.056122877,0.0629757,0.060222585,0.06512873
116,0.056602895,0.05676665,0.05834899,0.0665406,0.066920824,0.069193885,0.05745751,0.06343057,0.06461115,0.063095346,0.06329714,0.0660985,0.06632289,0.058872044,0.061469138,0.060971882
117,0.055084243,0.053849053,0.054776676,0.062756844,0.06946698,0.07300422,0.055165563,0.06498132,0.06681778,0.06447599,0.06163983,0.06476371,0.068440355,0.060102805,0.063603915,0.0610707
118,0.063047096,0.06347338,0.062679686,0.06467039,0.06322034,0.06350247,0.06469615,0.06356454,0.06399161,0.06233862,0.063301615,0.06215807,0.062217724,0.05804005,0.059170384,0.059927892
119,0.058100756,0.058103673,0.0576685,0.062073022,0.0658318,0.067583755,0.0601679,0.062470447,0.06359506,0.06336096,0.06119067,0.06337151,0.06440123,0.06371636,0.063836746,0.06452759
120,0.056262434,0.055358674,0.056996554,0.06742516,0.06973317,0.07248813,0.057481688,0.060317133,0.063003145,0.06222823,0.060432255,0.06589558,0.06796846,0.059702273,0.06386411,0.060843077
121,0.06339276,0.06410936,0.063589305,0.0651005,0.06287703,0.06335919,0.06592955,0.062936395,0.06311956,0.062148746,0.06334774,0.061540328,0.060717713,0.058404613,0.058631454,0.060795784
122,0.061558012,0.061983585,0.062663116,0.06730696,0.06406706,0.06488111,0.063592516,0.061664063,0.062476415,0.061776213,0.063235305,0.063529424,0.062146015,0.05846262,0.05973397,0.060923632
123,0.058900703,0.05822499,0.05966008,0.0677885,0.0674546,0.06945689,0.060311824,0.062759936,0.06458327,0.06257278,0.06288486,0.065073915,0.06610721,0.05600105,0.059923433,0.058295947
124,0.06520186,0.06553524,0.0642445,0.064573444,0.062619865,0.06258552,0.06665843,0.06264635,0.06277956,0.061838295,0.06198608,0.060428884,0.060764246,0.058737922,0.059102137,0.060297716
125,0.060753666,0.059680294,0.059260692,0.06339827,0.067349836,0.06902209,0.062079433,0.0648909,0.06651721,0.06385614,0.062185396,0.062234603,0.06519247,0.056206837,0.05907759,0.058294564
126,0.06537368,0.066306286,0.06620153,0.06953296,0.06410244,0.06390319,0.06974981,0.054608133,0.056958493,0.05837484,0.05938844,0.06183769,0.060116563,0.059652437,0.06039748,0.06349605
127,0.0685656,0.06969581,0.069588676,0.06937303,0.060881566,0.060272336,0.072918646,0.060161192,0.06049711,0.059801236,0.06398814,0.059758916,0.057095733,0.054218158,0.054883,0.05830084
128,0.05381834,0.052794814,0.0542622,0.064685516,0.0710431,0.074679025,0.05446816,0.06189567,0.06455759,0.06307824,0.05995003,0.06674297,0.07071674,0.060687274,0.06516534,0.06145492
129,0.060824964,0.060653497,0.06183577,0.06806447,0.066330954,0.06776167,0.06339171,0.059251603,0.061394382,0.060940214,0.06171003,0.063270204,0.06305846,0.058898788,0.06126636,0.061346915
130,0.05197345,0.05078041,0.0521872,0.061860982,0.07120505,0.07569469,0.051701326,0.066385835,0.06816046,0.06514622,0.061211973,0.06646309,0.07194613,0.060355827,0.064865604,0.060061693
131,0.05879725,0.057969425,0.058275025,0.06433881,0.06908928,0.07147923,0.060469557,0.062143527,0.06446363,0.062679306,0.060800616,0.06380775,0.066798694,0.057794247,0.06104307,0.060050547
132,0.06319395,0.06350393,0.06352048,0.067063354,0.06500232,0.06550358,0.066225074,0.057681315,0.05975531,0.060297735,0.06037033,0.061887983,0.06127541,0.06026534,0.061046652,0.06340725
133,0.055436578,0.05419678,0.054485817,0.061089158,0.068574004,0.071641445,0.05575993,0.069218025,0.07001793,0.06587727,0.063853405,0.065100424,0.068797305,0.0572323,0.060891412,0.05782821
134,0.055870883,0.054853227,0.055787284,0.06379833,0.06851444,0.0711574,0.056433566,0.062945716,0.064767815,0.06356144,0.061028227,0.06508093,0.06792172,0.06159466,0.06472289,0.061961453
135,0.055909894,0.054426596,0.054032728,0.05912906,0.068389945,0.071343094,0.05556855,0.07039307,0.07110554,0.06700163,0.06357772,0.063678615,0.06793671,0.05809478,0.060818378,0.058593657
136,0.06241994,0.06291006,0.061420362,0.062036414,0.06389243,0.06453588,0.064743094,0.062494393,0.063459925,0.06268642,0.06196685,0.06049885,0.061117753,0.06143966,0.060856167,0.06352179
137,0.066217735,0.067256376,0.065463714,0.064329654,0.06058517,0.059920087,0.06928228,0.061554372,0.061597425,0.061491545,0.06271431,0.060267773,0.0588766,0.059691228,0.058928378,0.06182333
138,0.06595428,0.06697001,0.067081586,0.069296114,0.06073947,0.05987616,0.06924087,0.059181873,0.059227284,0.06009175,0.062353045,0.06154612,0.058672413,0.05929566,0.059401575,0.061071787
139,0.051636748,0.04979373,0.050097782,0.05866523,0.07295289,0.07766156,0.05203595,0.065609045,0.06836086,0.06557197,0.05950883,0.065890014,0.07256844,0.062167406,0.06608117,0.061398305
140,0.055561215,0.054972082,0.05488595,0.060998224,0.068182826,0.07053184,0.057297412,0.062504,0.0642622,0.06357315,0.060441624,0.06426619,0.06733655,0.06451645,0.065867215,0.0648031
141,0.06423079,0.06472655,0.062776625,0.062364638,0.06267825,0.06271326,0.06750678,0.061478443,0.062307946,0.06214844,0.061697286,0.059828624,0.05985168,0.06169116,0.06052317,0.06347635
142,0.064061634,0.064720005,0.06432381,0.06606617,0.06102876,0.060885374,0.065687336,0.06349156,0.06290503,0.062346842,0.063980505,0.061882753,0.06026254,0.058924817,0.059086308,0.060346562
143,0.057673004,0.056936316,0.058239613,0.066427134,0.067800805,0.07042132,0.057783168,0.06782924,0.06855208,0.06455236,0.06505702,0.06616583,0.0671083,0.05300739,0.057266697,0.05517975
144,0.0635013,0.063473165,0.0629721,0.0647503,0.063084446,0.06346223,0.065585196,0.06491451,0.06479756,0.06311118,0.06401451,0.061079603,0.0607447,0.05733099,0.058016196,0.05916207
145,0.05528511,0.05449612,0.05538786,0.06356776,0.069293216,0.07245537,0.055972025,0.06624555,0.067514285,0.064438924,0.0629009,0.06613599,0.068874516,0.05736065,0.06108682,0.05898494
146,0.056426007,0.054960866,0.055829357,0.06371625,0.068636715,0.07155176,0.056002583,0.0677894,0.0686077,0.06513303,0.06300553,0.06498052,0.068735294,0.056637593,0.06101647,0.05697093
147,0.06064794,0.060689885,0.06037099,0.06380807,0.066398375,0.067829505,0.064025894,0.059545204,0.061813477,0.06153189,0.06076625,0.061693307,0.06260026,0.061638728,0.062418215,0.06422201
148,0.06652045,0.066553295,0.066137284,0.0681004,0.062449437,0.062035214,0.0686271,0.063784465,0.063963324,0.062063504,0.064525835,0.06118966,0.060332865,0.052929595,0.05489337,0.055894192
149,0.052560594,0.0513809,0.05354839,0.065306574,0.06938204,0.07314916,0.052046567,0.06508891,0.0667655,0.06458816,0.062484585,0.067752756,0.07103911,0.059914477,0.064893514,0.060098715
150,0.068640225,0.069813676,0.06867741,0.06619122,0.061042957,0.06056306,0.073136635,0.060991522,0.061409175,0.060407963,0.06379828,0.058597777,0.056566805,0.05553025,0.05507304,0.059559967
151,0.063505694,0.063938744,0.06318066,0.066301405,0.06341808,0.06312605,0.06622028,0.058427233,0.05984691,0.060698293,0.060317546,0.062022846,0.061535813,0.061896093,0.06238997,0.063174374
152,0.06427157,0.064063966,0.0634328,0.0648032,0.064460084,0.06516303,0.06689933,0.06279931,0.063926235,0.062031914,0.062973,0.060444556,0.060978997,0.05654534,0.05788417,0.05932249
153,0.056156315,0.05547835,0.05638761,0.06491126,0.06649254,0.06873232,0.055963542,0.06529599,0.0660348,0.064572625,0.06267748,0.0658964,0.06755321,0.060222354,0.06331873,0.060306467
154,0.05681838,0.05604154,0.055383384,0.059347,0.06981154,0.072319336,0.06026641,0.061544783,0.06429283,0.063174196,0.059659123,0.062328625,0.06593464,0.063618094,0.06436856,0.06509154
155,0.06115787,0.061803937,0.061268486,0.06424126,0.06340209,0.06383368,0.063330054,0.061395958,0.06175397,0.06222346,0.06151126,0.062332015,0.061800554,0.063224435,0.062539384,0.06418158
156,0.056057822,0.05546442,0.05477671,0.059484623,0.06600326,0.06816738,0.05647517,0.06557622,0.06599681,0.06518703,0.061170638,0.06299928,0.06599369,0.065848865,0.065980025,0.06481803
157,0.06244357,0.06309152,0.06435224,0.06869979,0.06266123,0.06305592,0.06483528,0.062031224,0.062051535,0.061580673,0.0640685,0.06318484,0.061003268,0.05779604,0.058992006,0.060152378
158,0.06229817,0.0629318,0.062065244,0.064267635,0.06322681,0.06360488,0.06447015,0.06014118,0.061003488,0.06155079,0.0610369,0.061572,0.061345655,0.063104555,0.06272959,0.06465113
159,0.06423604,0.06439593,0.061924543,0.060401436,0.06270131,0.06295252,0.06661093,0.06449776,0.064660564,0.06344738,0.062374648,0.05912364,0.060149867,0.06067814,0.059773605,0.062071696
160,0.06452625,0.06472096,0.0624381,0.06226167,0.06348381,0.06335695,0.06729429,0.062263492,0.063155636,0.062566996,0.061316516,0.059894618,0.060892016,0.06005364,0.059644207,0.06213087
161,0.067763,0.06922386,0.06839919,0.06842175,0.060103264,0.058935557,0.07152564,0.06013207,0.060234718,0.060129236,0.063685805,0.06104679,0.057980094,0.056235865,0.056312375,0.059870772
162,0.058328405,0.05750229,0.05927705,0.06810953,0.067224994,0.06939656,0.059573382,0.065025754,0.06636831,0.063579224,0.06461909,0.065781295,0.06606017,0.05419071,0.058482796,0.056480367
163,0.060385603,0.059859414,0.06095707,0.06813463,0.06691349,0.0682235,0.062229443,0.060806047,0.063004084,0.061683506,0.062333826,0.06386503,0.06430199,0.057169203,0.060320966,0.059812196
164,0.07079449,0.07292945,0.07124596,0.06795941,0.057903938,0.05617343,0.07524,0.059596546,0.059465673,0.059505224,0.064085096,0.058821972,0.055333596,0.05587306,0.055194996,0.059877142
165,0.058478132,0.05830964,0.058462992,0.064039275,0.06588273,0.067370124,0.059263118,0.063849576,0.06452091,0.063521646,0.06202654,0.06425488,0.065501995,0.060625166,0.06225662,0.06163662
166,0.048799183,0.04694262,0.049365442,0.06299455,0.07429441,0.080789454,0.047921073,0.06877703,0.07097366,0.06639922,0.062299933,0.06880196,0.074901305,0.056709867,0.063207075,0.056823224
167,0.05313417,0.05235843,0.053510763,0.06320586,0.06971509,0.07312359,0.054301795,0.062699884,0.064662404,0.06365196,0.060581617,0.066855475,0.06976798,0.0630285,0.06615604,0.06324642
168,0.06664928,0.06811506,0.06772132,0.067589216,0.061069794,0.06063614,0.0706049,0.062268473,0.06233276,0.060967468,0.06534966,0.061579462,0.058079872,0.054070666,0.054482527,0.058483396
169,0.05644745,0.05569136,0.05621613,0.062457766,0.066977486,0.06946525,0.05707877,0.066127084,0.06689675,0.06440807,0.06299593,0.064945444,0.067219935,0.059914794,0.06263356,0.060524248
170,0.05777843,0.05707088,0.0562863,0.06039839,0.06759046,0.06963582,0.059054576,0.06334919,0.065170415,0.06398427,0.06067972,0.06252885,0.06581685,0.062919736,0.06402757,0.06370855
171,0.07102973,0.07274989,0.070980206,0.06809867,0.057898093,0.056037918,0.07495594,0.059952214,0.059425063,0.059764564,0.0633417,0.058770325,0.055484574,0.056462392,0.05575882,0.05928988
172,0.051966943,0.050653573,0.052493684,0.0643499,0.07118635,0.07511742,0.05235263,0.064440556,0.06662693,0.06442494,0.06145516,0.06837535,0.07174082,0.059812043,0.0647989,0.060204793
173,0.060366925,0.05988857,0.05910848,0.0616602,0.06524455,0.06679763,0.06142235,0.0650014,0.06568876,0.064052366,0.062358584,0.06118737,0.063381955,0.060717948,0.06142718,0.061695725
174,0.055897273,0.055374157,0.05691161,0.06601365,0.069701076,0.07289272,0.05807984,0.06127019,0.06373488,0.06256687,0.061398417,0.06592275,0.06733742,0.059124585,0.062349614,0.061424937
175,0.05668073,0.055779167,0.055479314,0.061145946,0.06815659,0.0704485,0.057077333,0.06566987,0.06697241,0.06466949,0.06157213,0.06391728,0.06779274,0.060653858,0.06305055,0.060934067
176,0.05665638,0.056217734,0.056471325,0.06318629,0.0682707,0.07074109,0.05827213,0.06144308,0.0635818,0.062919505,0.060352117,0.06439345,0.06661117,0.06256338,0.064459845,0.06385995
177,0.061391577,0.061696026,0.061813258,0.066130206,0.06462371,0.06563092,0.06320893,0.06089881,0.06207934,0.062080823,0.061871447,0.061968397,0.06171991,0.06070652,0.061309867,0.0628702
178,0.05890905,0.058849797,0.06022358,0.06823984,0.06718475,0.06919136,0.06060526,0.05911824,0.06131318,0.06129418,0.06087849,0.06463213,0.06504402,0.05984131,0.062325604,0.062349178
179,0.057046697,0.05669105,0.05791782,0.06608725,0.06850369,0.07116849,0.058256365,0.061781608,0.063740745,0.06263474,0.06142855,0.0653382,0.06716104,0.059033386,0.0620893,0.061121076
180,0.05199501,0.050466176,0.052309398,0.06439177,0.07339003,0.07826432,0.052186333,0.063040726,0.06617167,0.06395277,0.060076978,0.0673137,0.07191234,0.05955816,0.06489914,0.060071483
181,0.058179393,0.05745462,0.05876185,0.066896,0.0670458,0.069085576,0.05880382,0.061745916,0.063302904,0.06239618,0.061265018,0.06479992,0.066730134,0.059719205,0.06318912,0.0606246
182,0.06835843,0.06994347,0.06755848,0.06417433,0.06034753,0.05933749,0.07347366,0.05817634,0.05875927,0.059594598,0.06103723,0.058179878,0.056275822,0.061452646,0.059217423,0.064113386
183,0.06441466,0.064835645,0.0636877,0.06346145,0.06360948,0.06395535,0.06798204,0.061963536,0.06289764,0.061769117,0.06274846,0.059962068,0.059590906,0.058733877,0.058487244,0.061900854
184,0.05848851,0.058234584,0.06001447,0.068194896,0.06701639,0.06908319,0.060697123,0.06027126,0.062136155,0.061344765,0.062208433,0.06501575,0.06485535,0.058890402,0.061817925,0.061730813
185,0.055560827,0.054344557,0.055167466,0.06297662,0.07000471,0.07338749,0.05600287,0.06678888,0.06847502,0.065143116,0.06257384,0.06472843,0.06893142,0.056857403,0.06083988,0.05821749
186,0.06817364,0.06976223,0.068068095,0.06694083,0.05843669,0.056792002,0.07163612,0.059435524,0.059013855,0.060255226,0.062429085,0.059669655,0.05642475,0.0609753,0.059223086,0.062763944
187,0.057624303,0.05651061,0.056394666,0.060586154,0.067739755,0.07030869,0.058166113,0.068963006,0.069829784,0.065873176,0.06392736,0.06282431,0.06611254,0.05716927,0.059642285,0.05832794
188,0.06224254,0.06254203,0.061624866,0.064027466,0.06559591,0.06629161,0.06552608,0.05947444,0.061531458,0.0613939,0.06058539,0.061838843,0.062367138,0.060416553,0.06093538,0.063606404
189,0.07271518,0.07646897,0.07369313,0.06687535,0.055672057,0.052972484,0.07949797,0.058058772,0.057345353,0.058448542,0.06364968,0.05794171,0.052383196,0.057690445,0.054394774,0.06219237
190,0.057920713,0.05765097,0.056945026,0.061139442,0.065887526,0.06741863,0.059489284,0.06476807,0.06560401,0.06430738,0.062098615,0.063574076,0.0652624,0.062181324,0.062835686,0.06291685
191,0.054139733,0.053659994,0.055814065,0.06778214,0.066856846,0.06918745,0.054033913,0.063032776,0.06385873,0.063648775,0.0618947,0.068731375,0.06915954,0.061682798,0.06550364,0.061013475
192,0.053824924,0.052563652,0.054060727,0.06479941,0.071758695,0.07586925,0.054271676,0.06252105,0.06550945,0.063601285,0.060306862,0.066520005,0.07065638,0.059347887,0.0641504,0.060238387
193,0.056965705,0.055534452,0.05577292,0.061354727,0.07027226,0.07372295,0.05781329,0.06716038,0.06916197,0.06506149,0.06275056,0.0632789,0.06780866,0.055980958,0.059577078,0.057783693
194,0.06399379,0.064677596,0.06480964,0.067537755,0.061495308,0.061668705,0.06671114,0.061714273,0.061829265,0.061692387,0.063837536,0.061718922,0.059742995,0.05852188,0.058996536,0.061052278
195,0.061152857,0.060337156,0.059332643,0.061644185,0.06674862,0.0682267,0.06240644,0.06565309,0.06682505,0.06424907,0.06229801,0.061314538,0.06405788,0.05744811,0.05917445,0.059131145
196,0.059893068,0.05963784,0.059071448,0.062006317,0.066229545,0.06800737,0.06157535,0.06301739,0.06430766,0.063028984,0.06139615,0.062018614,0.06406441,0.060986303,0.061850168,0.06290937
197,0.058485396,0.05824689,0.057752714,0.061973713,0.06523184,0.06674577,0.06016751,0.064267635,0.064774156,0.06399063,0.06201068,0.06292907,0.06416445,0.06287324,0.063159846,0.063226484
198,0.055324968,0.05472868,0.05669287,0.067088656,0.07012899,0.0736258,0.056363724,0.060936645,0.0633983,0.062399115,0.06096431,0.0661679,0.06787432,0.059509393,0.06329206,0.061504282
199,0.06008575,0.05981743,0.059862792,0.06485154,0.06539807,0.066320814,0.0618892,0.06362726,0.06455716,0.063068606,0.062817045,0.0639762,0.064655475,0.05849426,0.06077146,0.05980692
200,0.06353161,0.06442969,0.06498168,0.069136925,0.06316109,0.06326232,0.06648834,0.06039529,0.06124858,0.060858756,0.06327243,0.06348201,0.061011974,0.056686137,0.058029894,0.060023304
201,0.05361923,0.053108186,0.055298477,0.06792462,0.068021454,0.07082233,0.053570673,0.06277797,0.064194135,0.0634772,0.062165253,0.0689082,0.06949552,0.060602836,0.06473666,0.061277244
202,0.047101546,0.045097053,0.04779387,0.06323091,0.07510992,0.081640214,0.045221873,0.07142321,0.07323175,0.06707044,0.063296065,0.07065074,0.07831623,0.054391377,0.0625103,0.05391446
203,0.06519257,0.066101074,0.06451008,0.06362483,0.06053384,0.060215738,0.067394055,0.0642437,0.06346818,0.06257007,0.06398124,0.06041336,0.05917733,0.05915466,0.058494575,0.060924724
204,0.059915192,0.05985763,0.06060325,0.06570663,0.06573256,0.06726659,0.06204132,0.061483435,0.06298396,0.061968587,0.062553845,0.06363741,0.06390395,0.059323765,0.061415743,0.061606117
205,0.06457198,0.064962216,0.06360368,0.064200856,0.06317643,0.063337885,0.067351155,0.061061468,0.06191048,0.061671227,0.061575245,0.06039442,0.060758688,0.059692428,0.059747733,0.06198412
206,0.065891355,0.06626802,0.06711242,0.07093933,0.061772767,0.061708227,0.06740186,0.06422336,0.063909814,0.061658807,0.06589396,0.06230323,0.060039487,0.05166872,0.054258056,0.054950543
207,0.06486606,0.0657147,0.06612824,0.07000144,0.063776284,0.06384952,0.06874039,0.055908076,0.057847124,0.058725223,0.060235444,0.062736206,0.06069394,0.058725733,0.059985623,0.062066026
208,0.06636012,0.06701522,0.06657153,0.06785096,0.06057836,0.05993477,0.06895228,0.06298735,0.06266031,0.061736103,0.06470707,0.06139549,0.058780972,0.055777837,0.056419063,0.058272533
209,0.06615733,0.06770234,0.066053145,0.06513689,0.061077826,0.060305517,0.06991492,0.0584447,0.058963418,0.060140178,0.061108276,0.060339868,0.057893384,0.06205323,0.060091075,0.06461795
210,0.054241277,0.05259643,0.053222455,0.060798436,0.07102893,0.07507407,0.05464688,0.068237625,0.069934,0.065853365,0.06246848,0.06491846,0.070217386,0.057337448,0.061499696,0.057925083
211,0.051424388,0.049947873,0.050977487,0.060453054,0.072849005,0.07789623,0.051653903,0.063993104,0.06667773,0.06459271,0.059305172,0.06588494,0.07197958,0.06291545,0.066666156,0.06278325
212,0.056489374,0.05526761,0.05425335,0.058601487,0.069806345,0.07262846,0.057101645,0.06533103,0.06759408,0.06522332,0.060217842,0.06233648,0.067689635,0.06182959,0.06369697,0.061932765
213,0.05512647,0.054468047,0.055980295,0.06546164,0.069684476,0.07293823,0.05595067,0.059441846,0.062058862,0.062097464,0.059197158,0.06512099,0.06801987,0.06341508,0.06641688,0.06462195
214,0.056234673,0.05522556,0.056268137,0.06458411,0.070238724,0.07308858,0.058267627,0.06264626,0.065212995,0.06330338,0.06155055,0.06535521,0.067446694,0.058479425,0.061984893,0.06011317
