,AV1,AV2,AV3,BA,FI1,FI2,HS,IM1,IM2,IM3,IM4,PE1,PE2,VA1,VA2,VA3
0,0.06169232,0.059126493,0.05809178,0.061044328,0.06493059,0.067570135,0.059762683,0.069215395,0.0701551,0.064938724,0.064048454,0.062081516,0.06669572,0.055449825,0.058285434,0.056911502
1,0.05551153,0.051948007,0.05303835,0.06360419,0.07082827,0.077450454,0.051868822,0.06925591,0.07148112,0.06424744,0.062317688,0.06449619,0.0726431,0.054135185,0.061005663,0.056168053
2,0.058835477,0.055724394,0.057294454,0.06607033,0.06743695,0.072481126,0.055483803,0.06840742,0.07051379,0.06413842,0.06439171,0.0636064,0.06832564,0.053024795,0.058425907,0.0558394
3,0.059344064,0.056796346,0.0581966,0.06764643,0.067426346,0.072275095,0.05678168,0.065871336,0.06839298,0.06243507,0.06325539,0.06588952,0.069569714,0.052480318,0.058278766,0.05536038
4,0.060556836,0.058737982,0.057897683,0.06139348,0.06454216,0.06655065,0.058601797,0.06326561,0.0644978,0.0631227,0.06126829,0.06257217,0.06524896,0.063259214,0.06397089,0.0645138
5,0.065590076,0.0642534,0.06328584,0.06393321,0.061132908,0.062003672,0.064183235,0.062509425,0.063366376,0.063043445,0.0620899,0.06083904,0.06134363,0.060200725,0.060282532,0.061942633
6,0.06734447,0.066084765,0.064338185,0.062428296,0.060878552,0.061493956,0.067255795,0.06457356,0.06570735,0.06336946,0.06439661,0.05942351,0.060375575,0.056486234,0.05706927,0.058774438
7,0.06395133,0.062297225,0.062011134,0.06563499,0.06301737,0.06475751,0.062148396,0.060948987,0.06286917,0.06219221,0.0612614,0.0620554,0.06343899,0.059930272,0.06178098,0.061704673
8,0.06314621,0.06101203,0.06121078,0.06491805,0.064085186,0.06682387,0.060927,0.06822905,0.068986334,0.06417549,0.06440702,0.062565394,0.06508716,0.05299542,0.056107134,0.05532384
9,0.059642293,0.05671454,0.056329906,0.06263304,0.06629882,0.06964915,0.057090763,0.06703743,0.06895341,0.06426078,0.06297814,0.06381848,0.06839825,0.056876935,0.060601637,0.058716442
10,0.065879904,0.06406936,0.064733386,0.068111494,0.06361201,0.06633619,0.064244136,0.064472236,0.06602227,0.062493604,0.06317741,0.062171366,0.06338166,0.051676344,0.055084437,0.05453422
11,0.065500535,0.06405965,0.064547054,0.06729214,0.06269588,0.06444383,0.06413894,0.06265952,0.06470093,0.062153857,0.063588776,0.062099308,0.06216202,0.05493081,0.057070687,0.057956066
12,0.06506455,0.06293608,0.062253427,0.06362093,0.061396115,0.06203391,0.063085616,0.06626101,0.06650175,0.0645143,0.06377062,0.060880844,0.06260589,0.057664357,0.058680125,0.05873047
13,0.06053321,0.057664603,0.057817314,0.06353753,0.06754955,0.071875304,0.058893707,0.06799877,0.070393845,0.063874416,0.06393744,0.06323677,0.06819332,0.052374214,0.056906696,0.055213314
14,0.0610711,0.058204662,0.057882257,0.061215747,0.06489005,0.06773436,0.058207333,0.07018037,0.07074962,0.06566727,0.06452931,0.06056762,0.06574902,0.05642398,0.058811676,0.058115635
15,0.06478395,0.06290206,0.062809564,0.06530997,0.06358121,0.06589814,0.063425064,0.065919034,0.067273654,0.063273974,0.063727215,0.062464777,0.06447587,0.052937828,0.05579087,0.055426773
16,0.06517015,0.06266789,0.06268384,0.06477655,0.06376974,0.06677424,0.06320448,0.070712484,0.071258195,0.06475744,0.065289035,0.06052315,0.06424893,0.04928843,0.0529124,0.05196308
17,0.057640616,0.054361064,0.055110987,0.06330099,0.067134954,0.07146764,0.055022277,0.0686625,0.07047804,0.06446019,0.063913286,0.06401423,0.07010635,0.055848934,0.060939126,0.057538833
18,0.060113966,0.057921853,0.058445558,0.06516241,0.06403445,0.066410415,0.057390753,0.0650775,0.06617451,0.063441366,0.06301933,0.064164564,0.06629504,0.05942309,0.062318314,0.06060693
19,0.056338705,0.052848585,0.05338618,0.062785335,0.06922986,0.074454874,0.052884668,0.06914719,0.07086032,0.06457047,0.06251247,0.06457403,0.071802005,0.055759083,0.061497997,0.057348154
20,0.058534365,0.055844605,0.057311468,0.06614547,0.06626175,0.07048182,0.05512475,0.066943906,0.06823173,0.06373621,0.063103385,0.06441373,0.068483755,0.056359973,0.060959876,0.058063157
21,0.058870196,0.05618686,0.056920774,0.06495082,0.06614084,0.06987277,0.056037977,0.06735428,0.068969764,0.063814715,0.06390701,0.06476983,0.06849911,0.055713244,0.0601232,0.057868667
22,0.0628651,0.062132027,0.06413702,0.07093759,0.061364308,0.06261781,0.06225455,0.05865788,0.06047756,0.060154457,0.062544875,0.066090204,0.063280255,0.059419997,0.061638903,0.061427463
23,0.06182753,0.059071805,0.060664393,0.06678034,0.06557503,0.069770455,0.05993708,0.0689053,0.070843525,0.063919015,0.06605906,0.062183313,0.06555997,0.050269496,0.055084065,0.053549603
24,0.06041964,0.057883997,0.057105046,0.060475178,0.06477776,0.067492105,0.058075804,0.07028103,0.07071094,0.06552211,0.064721785,0.06188199,0.066516556,0.056596972,0.058997728,0.058541317
25,0.06818815,0.06715641,0.067591794,0.06793721,0.06225155,0.06478633,0.067035295,0.066175304,0.06771631,0.061977714,0.06630013,0.061087936,0.06124429,0.047627274,0.051027007,0.05189725
26,0.059553474,0.056941595,0.055993922,0.06047501,0.06401476,0.06602314,0.05693948,0.06918564,0.069219306,0.065277524,0.063747585,0.06348162,0.06765665,0.05970443,0.061935302,0.059850547
27,0.06317017,0.061288144,0.060155634,0.062436905,0.06369585,0.06567167,0.061680794,0.063680746,0.06513543,0.0631966,0.06248749,0.061813038,0.06380965,0.05947855,0.060657434,0.061641917
28,0.06708089,0.06673221,0.06800312,0.071347065,0.059524186,0.05979959,0.06627323,0.05895422,0.060307715,0.06052103,0.062800296,0.063871585,0.060321752,0.056800045,0.05806698,0.05959608
29,0.06143127,0.059029177,0.060393862,0.067086115,0.0640604,0.06700962,0.05879511,0.066484354,0.06762219,0.06351788,0.06405683,0.0631433,0.066078596,0.055202097,0.059239086,0.05685009
30,0.06261904,0.060795374,0.062178988,0.06867149,0.06396581,0.06705825,0.06113783,0.06478457,0.066626236,0.062095735,0.06476144,0.065069795,0.06579167,0.05236864,0.056690965,0.055384196
31,0.06151572,0.05997928,0.060101382,0.06469778,0.06330023,0.06515963,0.059503093,0.063042015,0.06452056,0.06268379,0.06286553,0.063472725,0.06462036,0.060253236,0.061967436,0.062317207
32,0.0682783,0.067329675,0.06686517,0.066996366,0.059442174,0.05955509,0.0667431,0.061287057,0.062187653,0.062219687,0.06267216,0.061001554,0.05965195,0.057735633,0.058030605,0.06000387
33,0.059515994,0.05655662,0.057430442,0.06495369,0.067710586,0.07242141,0.057363365,0.06804032,0.070575304,0.06352198,0.06432153,0.06434589,0.06919197,0.051958438,0.057210606,0.054881807
34,0.06495344,0.06357068,0.06254719,0.064147644,0.061534863,0.06219656,0.06431929,0.06221992,0.06350669,0.06267197,0.0625749,0.06243641,0.06280464,0.05927063,0.060012113,0.061233062
35,0.06438225,0.062140442,0.06079805,0.06144393,0.06457735,0.06737561,0.06290343,0.06783509,0.06881418,0.06448274,0.06330852,0.05978064,0.06401509,0.054551,0.056805473,0.056786217
36,0.066496,0.065530874,0.06650805,0.06844391,0.05993736,0.060855065,0.065769374,0.06300209,0.06386575,0.062002126,0.06514076,0.06285814,0.060684785,0.05472734,0.056248154,0.05793023
37,0.059599563,0.057224315,0.05661424,0.061367337,0.06589862,0.06834308,0.05815331,0.06393825,0.06557064,0.06345324,0.061164886,0.06324447,0.06703938,0.061882414,0.063331515,0.06317479
38,0.06442103,0.06244772,0.06396941,0.0701144,0.06262935,0.06454542,0.062400855,0.06069276,0.0627995,0.061748873,0.06220811,0.06279918,0.06298972,0.056922447,0.060247414,0.059063792
39,0.05578112,0.052755985,0.054313574,0.06616066,0.0688662,0.074359864,0.052468896,0.065857336,0.0683665,0.06295064,0.062107194,0.06675414,0.07221569,0.056250293,0.062847614,0.057944313
40,0.06396023,0.06201052,0.061953865,0.06569321,0.061885655,0.06304218,0.06214638,0.064574376,0.065637566,0.06344212,0.06379527,0.06251482,0.06357584,0.057382397,0.05955615,0.058829464
41,0.05925028,0.056276545,0.05536397,0.05944475,0.06672052,0.07024881,0.056682654,0.06967505,0.07062118,0.06547846,0.0633149,0.061188877,0.06747237,0.057973366,0.060873367,0.05941492
42,0.06410353,0.062234737,0.06092961,0.061637834,0.06177469,0.06258314,0.062313844,0.06568682,0.06585747,0.064366326,0.06290168,0.060834296,0.06281051,0.060451265,0.060592983,0.060921274
43,0.060874857,0.05808055,0.057700012,0.062264062,0.06644431,0.070076846,0.059058398,0.06691009,0.06882776,0.0639982,0.06334718,0.0624609,0.06715229,0.055680443,0.059007995,0.058116104
44,0.057682,0.054536726,0.05461612,0.06247997,0.06919317,0.07445199,0.054746214,0.06677454,0.06897956,0.06385709,0.061586045,0.06379192,0.070272654,0.056630753,0.061565984,0.058835253
45,0.054340072,0.050819356,0.051830374,0.061629158,0.07052345,0.07637262,0.05119375,0.07134784,0.0725087,0.06477892,0.06309903,0.06507443,0.073336355,0.055215683,0.06129677,0.056633513
46,0.066000685,0.06491381,0.06601788,0.06886354,0.059999738,0.060960576,0.06409254,0.06261533,0.063423924,0.06205776,0.0641198,0.06197174,0.061399832,0.056522332,0.058586847,0.058453627
47,0.067413464,0.06539922,0.06448414,0.06269296,0.06164403,0.063172914,0.06540132,0.06811047,0.068060406,0.06487151,0.064150006,0.0575802,0.06044857,0.05454257,0.055441063,0.056587204
48,0.06440844,0.06310661,0.06323182,0.06622521,0.061129577,0.062172595,0.062123187,0.06363451,0.06453194,0.06287796,0.063888766,0.062248737,0.062476378,0.058125418,0.059454825,0.060363997
49,0.06268998,0.06102653,0.06043481,0.06294052,0.06384629,0.065968335,0.061203133,0.06510029,0.066378385,0.06337444,0.063059956,0.06217121,0.065133944,0.057553537,0.059569724,0.05954891
50,0.06149461,0.059787568,0.061945308,0.06963269,0.06391357,0.066942185,0.05911853,0.06505376,0.06672537,0.06226944,0.06504029,0.065337084,0.06569862,0.05328232,0.057465833,0.056292806
51,0.05815875,0.05563327,0.055220127,0.06110669,0.0670389,0.07034224,0.056185786,0.06499488,0.066944756,0.063534945,0.06198818,0.06362958,0.06815968,0.060918454,0.06353196,0.06261184
52,0.06202188,0.059727475,0.061622705,0.06944395,0.06483821,0.06864197,0.058795337,0.0670456,0.06843943,0.062999636,0.065092735,0.064024955,0.065693766,0.051199164,0.0560962,0.05431699
53,0.05897373,0.056479637,0.057905562,0.06638652,0.06584539,0.06965813,0.05648445,0.06590389,0.06765828,0.06337924,0.06325126,0.06490508,0.06803976,0.056291167,0.060736254,0.05810158
54,0.06727753,0.06586768,0.06525326,0.06598416,0.0608698,0.061682634,0.065896705,0.06205125,0.063186385,0.06261979,0.062232383,0.0602159,0.060853563,0.05767515,0.058890384,0.059443407
55,0.0644616,0.06213129,0.062372144,0.06543855,0.06508753,0.06832073,0.06251464,0.06522262,0.06669917,0.063135654,0.061628137,0.06093143,0.06531993,0.053733904,0.057328213,0.055674452
56,0.06206934,0.059239384,0.05849731,0.061242826,0.065431945,0.06861235,0.059401743,0.06877441,0.06963847,0.06550664,0.06304956,0.059870742,0.06504662,0.05647963,0.058650125,0.05848892
57,0.059208337,0.05639847,0.05807564,0.0669297,0.06346071,0.06623125,0.05594759,0.07179372,0.071773045,0.06494508,0.067603916,0.065221526,0.06777526,0.052826,0.057872534,0.053937245
58,0.05927305,0.056666434,0.05783796,0.06703897,0.06660029,0.07078674,0.056751367,0.06508661,0.067397624,0.06286053,0.06313828,0.0654855,0.068154946,0.055117738,0.05999608,0.05780786
59,0.05711995,0.0541085,0.054764338,0.06286372,0.068236925,0.07337897,0.05411,0.06873165,0.070457295,0.06423708,0.06354263,0.06404139,0.07016191,0.055575166,0.060605504,0.05806496
60,0.065307766,0.06339782,0.064020894,0.0667718,0.06267067,0.0650854,0.06321665,0.067205004,0.0680705,0.06354876,0.06514028,0.060640976,0.06256866,0.052174646,0.05549462,0.05468553
61,0.06274304,0.060503867,0.06017044,0.06343357,0.06415452,0.06642888,0.060575355,0.06549323,0.06692138,0.064052396,0.06280601,0.061100595,0.064282805,0.057815462,0.059744343,0.059774067
62,0.062588945,0.06061629,0.060585923,0.06366884,0.064158276,0.06667284,0.061275195,0.06411083,0.065588616,0.06316991,0.06259474,0.061824672,0.064128965,0.0583828,0.060273807,0.06035931
63,0.069114015,0.068474516,0.0656785,0.060977805,0.058496613,0.057562634,0.069265984,0.061626054,0.062195044,0.06304104,0.06273591,0.058544774,0.05813645,0.061630163,0.059292406,0.06322812
64,0.06671309,0.06586042,0.06881449,0.07479804,0.06159019,0.06363173,0.06545842,0.05981077,0.062063344,0.059997283,0.06397201,0.06372431,0.060883123,0.051679086,0.05543313,0.055570595
65,0.058963437,0.05681165,0.05755197,0.06590775,0.06626959,0.07000639,0.056560162,0.06287426,0.06516817,0.062293306,0.061742187,0.06575146,0.06803596,0.058549505,0.06232716,0.06118703
66,0.060275212,0.05805536,0.059612714,0.06942307,0.06529726,0.06881754,0.05714181,0.06123982,0.06356315,0.061601494,0.06122962,0.06615341,0.067524426,0.057746664,0.062489137,0.05982929
67,0.067593895,0.06690077,0.068626344,0.07049184,0.059539985,0.060586136,0.066100985,0.06423586,0.06490116,0.06204836,0.06649204,0.0619548,0.05950807,0.051738597,0.05395933,0.055321842
68,0.06327743,0.060886186,0.06183562,0.066382475,0.06381829,0.06647834,0.061457407,0.06692177,0.06851828,0.06359155,0.06532102,0.06196567,0.06437209,0.053022917,0.056732625,0.055418335
69,0.06037607,0.057814017,0.05832956,0.06440317,0.06502328,0.06843531,0.05727991,0.06774305,0.068860926,0.064312235,0.06404759,0.06278138,0.06631721,0.05624106,0.059733942,0.058301277
70,0.05915728,0.056077085,0.05694704,0.06412791,0.06801378,0.07294878,0.056346033,0.06853451,0.070496015,0.06422016,0.063635066,0.0630089,0.068404414,0.05358697,0.058241393,0.056254704
71,0.07051656,0.069893785,0.070299916,0.069234475,0.058695115,0.059163455,0.06950905,0.06373905,0.064365044,0.06188547,0.06515485,0.060439724,0.058766555,0.05127923,0.053019743,0.05403799
72,0.060019545,0.057302915,0.05672513,0.060823422,0.06573562,0.06880329,0.057798676,0.06792544,0.06914272,0.06470434,0.06306805,0.061540447,0.06698182,0.058600307,0.06126866,0.059559643
73,0.06539567,0.063480206,0.06098883,0.05903745,0.06032344,0.060156494,0.06417266,0.068650685,0.06796116,0.065603934,0.06432015,0.059503466,0.061951857,0.059776753,0.058975752,0.059701473
74,0.061473645,0.05972932,0.06042546,0.06510205,0.06262844,0.064500324,0.05955958,0.06542965,0.06627955,0.063396715,0.064699784,0.06314315,0.06419543,0.058500618,0.06053971,0.060396574
75,0.06279609,0.060768075,0.059522532,0.061616167,0.06418916,0.0666623,0.06037655,0.06682937,0.06751104,0.06433653,0.0625698,0.061300028,0.06481969,0.057681777,0.05922277,0.059798103
76,0.061727665,0.059518762,0.06059182,0.067189075,0.06485364,0.068015754,0.06001888,0.06583719,0.067770325,0.063081734,0.06474741,0.06464205,0.065867744,0.053080928,0.057091758,0.055965256
77,0.05956032,0.05710354,0.05878561,0.067954175,0.06633089,0.07029341,0.057009816,0.06253123,0.065088384,0.062236223,0.06198907,0.064735055,0.06706774,0.057412434,0.06171231,0.060189746
78,0.0658899,0.0647099,0.06479208,0.06715416,0.062591344,0.06439658,0.06466747,0.062232606,0.06412046,0.061809435,0.063543886,0.06298052,0.06233047,0.054351263,0.05652392,0.057905987
79,0.060125146,0.057625603,0.058728777,0.06614106,0.06369001,0.06630663,0.057506718,0.06853492,0.069243036,0.06419184,0.06535465,0.064678654,0.0675174,0.05490501,0.059125993,0.0563246
80,0.06832964,0.06652797,0.06414704,0.060656812,0.061921537,0.06312336,0.06757011,0.06623617,0.06682733,0.06451973,0.0629194,0.057294097,0.060414895,0.055764895,0.056081854,0.057665184
81,0.05711816,0.054021142,0.05563517,0.06663267,0.06856123,0.07446401,0.053469013,0.06658195,0.06912583,0.06336897,0.06272084,0.06448036,0.070031,0.05490949,0.06145359,0.057426594
82,0.06548326,0.06462058,0.065404356,0.06818269,0.05981209,0.060329016,0.06344328,0.062159665,0.06275213,0.062195625,0.06349765,0.06263239,0.061173353,0.0586409,0.059620533,0.06005252
83,0.06456866,0.06326026,0.063200265,0.064952984,0.06146588,0.06279893,0.06313364,0.066121325,0.06644586,0.06351518,0.06489181,0.062361952,0.062473137,0.055751868,0.057181366,0.057876874
84,0.060034286,0.057327304,0.056310885,0.05973694,0.06552503,0.06825106,0.057829525,0.06814536,0.06896655,0.06511803,0.062520206,0.061612174,0.06711597,0.059634596,0.061632425,0.060239665
85,0.058621418,0.05624617,0.057137955,0.06547439,0.06546404,0.068616465,0.056178786,0.06612443,0.06764061,0.063317776,0.063450396,0.06557937,0.06881503,0.057228826,0.06151908,0.058585238
86,0.06547621,0.06383629,0.063145615,0.06333382,0.06380065,0.06622253,0.06483858,0.06677003,0.068329215,0.0634719,0.06486946,0.060559135,0.06264257,0.05238061,0.054597188,0.055726197
87,0.06386473,0.06148525,0.06141834,0.06410277,0.06305408,0.065496214,0.061243925,0.06835687,0.068795756,0.064600915,0.064603314,0.06088362,0.06395101,0.05453052,0.05705514,0.056557562
88,0.065102205,0.06357911,0.06336665,0.06455569,0.061283514,0.06248239,0.06374132,0.06703701,0.067307204,0.063841335,0.06565797,0.061421096,0.06206148,0.054892495,0.05659975,0.057070754
89,0.05753379,0.054699644,0.05513162,0.063138716,0.06794708,0.07241936,0.055097673,0.067141786,0.06948935,0.06382478,0.06348827,0.064777456,0.06949921,0.056213096,0.060613792,0.058984388
90,0.06188303,0.059608385,0.058641054,0.06095097,0.06360565,0.06531349,0.06021525,0.0685704,0.06887223,0.06507491,0.06401473,0.061683655,0.06510714,0.058034133,0.059565183,0.058859773
91,0.06498982,0.06320933,0.06464341,0.06839598,0.061741147,0.06396379,0.06295152,0.0663957,0.06737809,0.06295559,0.06600041,0.062084828,0.062781885,0.05212677,0.055612158,0.05476953
92,0.06720693,0.0668575,0.06598812,0.06458752,0.059315927,0.059323218,0.06694185,0.06302628,0.06346854,0.06257391,0.06390714,0.061469834,0.060164955,0.0578208,0.05743107,0.059916485
93,0.058830768,0.0559282,0.05605939,0.06329318,0.06771736,0.0719783,0.05581987,0.06439364,0.06680294,0.063469395,0.060972877,0.063046105,0.06844739,0.059131466,0.06287705,0.061232116
94,0.06424785,0.06243852,0.06495981,0.07252919,0.06273334,0.06551584,0.061509926,0.06351942,0.06523075,0.06148101,0.06473776,0.064950295,0.06446831,0.051196564,0.056170676,0.05431074
95,0.05762279,0.05441055,0.054234248,0.060535945,0.06756117,0.07211895,0.05435325,0.06998406,0.07108924,0.065392636,0.0632785,0.0623932,0.06912023,0.057445124,0.06130605,0.059154063
96,0.058471706,0.05585572,0.05595066,0.06398388,0.06687294,0.070935234,0.055295102,0.06609696,0.06784861,0.063449554,0.06232793,0.064873695,0.06939582,0.05737597,0.062038857,0.05922732
97,0.05976858,0.05736365,0.05795501,0.064127155,0.0658507,0.06955698,0.05772419,0.06824415,0.06954763,0.06404506,0.06436637,0.06398207,0.06772902,0.054441933,0.058285166,0.05701235
98,0.057377815,0.054406498,0.05715505,0.070085615,0.0680675,0.07359361,0.05466432,0.06776962,0.07002752,0.06257574,0.06441107,0.06761619,0.07172502,0.050215878,0.057476375,0.05283217
99,0.062120937,0.0598747,0.05802455,0.059535474,0.062742285,0.06392293,0.059606228,0.06787754,0.067629196,0.06541564,0.06254375,0.061087497,0.06508101,0.06135107,0.061853852,0.061333306
100,0.06316049,0.061005194,0.05979038,0.061538804,0.06510099,0.067896426,0.0620947,0.06699184,0.068569146,0.063909106,0.06342912,0.061216358,0.065019175,0.0551326,0.05729789,0.05784777
101,0.0585604,0.05630129,0.057457417,0.06705547,0.06669807,0.07024515,0.056553327,0.060760543,0.06373593,0.061413072,0.06114303,0.06614612,0.06771288,0.060079496,0.063783415,0.062354445
102,0.05704691,0.0535886,0.054349083,0.06342414,0.07088782,0.077667765,0.053984974,0.07036998,0.07281508,0.06398798,0.06348057,0.06459883,0.07211477,0.050696984,0.05743027,0.053556245
103,0.06448833,0.06331706,0.0632624,0.0652013,0.06192603,0.0636301,0.06304429,0.063961335,0.0649598,0.06277793,0.063902244,0.061869826,0.06212682,0.057192348,0.05848712,0.05985306
104,0.058678664,0.05585538,0.057357624,0.066453665,0.066993065,0.07161882,0.056344554,0.06889025,0.07063424,0.063632704,0.06490065,0.065550685,0.06938633,0.05186831,0.05743165,0.054403465
105,0.06367368,0.06156489,0.06313078,0.06930364,0.062304992,0.06401659,0.061722916,0.06459608,0.065903045,0.06286528,0.06467028,0.06439136,0.064189814,0.054092668,0.05752492,0.056049075
106,0.059517413,0.057168394,0.056407563,0.060956698,0.06458371,0.066677876,0.056951493,0.06594737,0.06671542,0.064362414,0.062343046,0.063075244,0.06655349,0.06218583,0.063554004,0.06299997
107,0.058443632,0.05606167,0.055346485,0.061205313,0.065849744,0.068310164,0.056257993,0.063456774,0.06480767,0.063260615,0.06078253,0.06483409,0.06795506,0.06362755,0.0649948,0.06480593
108,0.05835503,0.05525113,0.056528293,0.06497286,0.06706251,0.07148802,0.055606794,0.068108596,0.06977307,0.06435123,0.063550755,0.06413658,0.069022544,0.05498419,0.059702914,0.057105444
109,0.055831943,0.0527534,0.05448165,0.06541776,0.07071321,0.077400066,0.053307623,0.067888826,0.07039159,0.06309575,0.06298142,0.06581335,0.072040096,0.052675564,0.05923867,0.055969108
110,0.060277555,0.057738315,0.056668937,0.060678914,0.06507387,0.06718707,0.058189314,0.06777507,0.0687328,0.064719126,0.06319797,0.06309132,0.067484036,0.058685973,0.060822077,0.059677638
111,0.06056543,0.057898175,0.058664404,0.06499843,0.064935625,0.067987695,0.05791945,0.06696463,0.06817968,0.06419554,0.06377369,0.06321983,0.06638098,0.056348626,0.059594423,0.058373436
112,0.06446417,0.06269722,0.061781608,0.06301775,0.061997917,0.063241236,0.06286399,0.06638259,0.06667627,0.064222574,0.063235745,0.061459355,0.06395128,0.057194296,0.058613535,0.058200426
113,0.06329846,0.061204907,0.061302435,0.06566046,0.064817786,0.06800085,0.061138194,0.06607975,0.06770486,0.06324259,0.06330241,0.062964685,0.06567066,0.053112727,0.05687032,0.05562889
114,0.05806717,0.05486167,0.05499273,0.061589587,0.067200705,0.07145032,0.05562843,0.07120112,0.07244592,0.0651177,0.06486992,0.06331797,0.07008047,0.0541202,0.059031278,0.056024812
115,0.060820866,0.0580928,0.05783874,0.062105134,0.06536451,0.06849182,0.05823599,0.06833005,0.06951754,0.06477045,0.06352157,0.061972104,0.06692303,0.056538828,0.059506476,0.057970144
116,0.06327382,0.060916808,0.062121753,0.06716913,0.06297586,0.06551284,0.06067226,0.068757825,0.069703445,0.06403788,0.06672539,0.062599,0.064050846,0.05174323,0.055531625,0.05420831
117,0.061267823,0.058671445,0.058787603,0.062969334,0.06531037,0.068461835,0.05963165,0.068433605,0.06917491,0.06462223,0.06336959,0.062148515,0.06654654,0.05541536,0.058356516,0.056832734
118,0.064766556,0.06314148,0.06405724,0.0674473,0.06179607,0.063549295,0.06362275,0.06678707,0.067598395,0.06311195,0.06596869,0.06347562,0.06359844,0.051842343,0.05493711,0.054299727
119,0.06267472,0.06095671,0.060356293,0.063586876,0.06508717,0.06777628,0.06156509,0.064469606,0.06652189,0.06295185,0.062927976,0.06270207,0.06481673,0.05607485,0.058267146,0.059264824
120,0.05738062,0.054199245,0.055355072,0.0654671,0.06884642,0.074357845,0.05384465,0.06636891,0.068845265,0.0634688,0.062271282,0.06470105,0.0703058,0.055408332,0.061136745,0.058042895
121,0.064416915,0.063676484,0.06579942,0.073180504,0.060743116,0.06203223,0.06237584,0.05951581,0.061157588,0.06029547,0.06336531,0.06596141,0.06275029,0.05630942,0.059576165,0.058844052
122,0.069279455,0.067990735,0.06825476,0.06755415,0.0590683,0.05965378,0.06779866,0.065513015,0.06582799,0.06289646,0.06569526,0.059980474,0.05939707,0.05237421,0.05400455,0.05471111
123,0.06581025,0.064454496,0.06413893,0.065193735,0.061541352,0.06293871,0.06452445,0.06424195,0.06546766,0.06279185,0.06436389,0.060733795,0.06135788,0.056085777,0.057803877,0.05855144
124,0.060554888,0.057206467,0.05761241,0.06419198,0.066576056,0.07061798,0.057394307,0.0694399,0.07051311,0.06515039,0.06318099,0.06218856,0.067539066,0.05400515,0.05823142,0.05559732
125,0.060095076,0.057076164,0.05887267,0.06751446,0.06660629,0.07141872,0.05734134,0.068963684,0.07060708,0.06365625,0.064838395,0.06434993,0.06840731,0.050656926,0.056404315,0.053191382
126,0.06973475,0.069281206,0.07121392,0.07390064,0.059257068,0.060203467,0.068553455,0.059980467,0.06183371,0.05993076,0.065086715,0.06330279,0.05899095,0.05048128,0.05338586,0.054862957
127,0.059857897,0.056991436,0.057467934,0.063497275,0.06512902,0.06800768,0.057795286,0.06877552,0.07014278,0.064744785,0.06517798,0.06316491,0.06708625,0.05564131,0.059379313,0.05714062
128,0.055403262,0.052208796,0.05272023,0.060951337,0.069351405,0.074743666,0.05262098,0.070849836,0.07235683,0.06487104,0.06403419,0.0644429,0.0716576,0.05542933,0.06064912,0.057709485
129,0.07172064,0.072226636,0.070895776,0.06610638,0.05584167,0.054410473,0.07184683,0.058230266,0.058783397,0.060859416,0.06266546,0.059135303,0.05558903,0.06076308,0.05829687,0.06262875
130,0.06634201,0.06580367,0.06843846,0.07386731,0.06042369,0.061727483,0.065400764,0.05871697,0.060492136,0.059900235,0.062831275,0.06430559,0.061323788,0.054925345,0.05793157,0.057569724
131,0.06500906,0.06336381,0.06454684,0.06781674,0.063341305,0.0663305,0.06358533,0.06589885,0.067428805,0.062547386,0.06554107,0.062477954,0.0628139,0.050692346,0.053945336,0.054660726
132,0.062797084,0.060775965,0.060270675,0.0628586,0.06313527,0.064688176,0.06119493,0.06555167,0.066482835,0.06383348,0.06320279,0.06174281,0.06435186,0.058874458,0.060317777,0.059921585
133,0.06285653,0.06090518,0.062006056,0.068343565,0.063194044,0.06529788,0.060892902,0.06386464,0.06561684,0.06256814,0.06409311,0.06452782,0.064663544,0.05511496,0.058484267,0.05757056
134,0.06211915,0.060219064,0.060053833,0.06435943,0.06455007,0.06672403,0.06133438,0.06392256,0.06643612,0.06254477,0.06428094,0.06463927,0.06533157,0.055944104,0.058318663,0.05922199
135,0.060671806,0.058898047,0.05800046,0.061480884,0.063493796,0.06488962,0.05965092,0.06689097,0.06771538,0.064056,0.06402384,0.06442304,0.066513106,0.058920193,0.060334023,0.06003787
136,0.06702652,0.06500945,0.062379636,0.060607992,0.061879203,0.06277798,0.0651226,0.0663319,0.06693786,0.0648595,0.062182758,0.058457755,0.062215384,0.057549205,0.058061797,0.05860048
137,0.06309519,0.0613953,0.060893778,0.06272531,0.06191002,0.063107975,0.06116003,0.066378035,0.06679986,0.06423711,0.064254604,0.061161157,0.063228175,0.059038214,0.05999482,0.060620476
138,0.061813504,0.06008292,0.06006206,0.0652381,0.063924015,0.066001356,0.059916727,0.06307955,0.06479505,0.06267035,0.062294487,0.06384997,0.06539508,0.058834977,0.061162494,0.06087938
139,0.062467676,0.06071848,0.059401628,0.061156034,0.062190227,0.06313721,0.06098751,0.06533168,0.06565037,0.06422408,0.063123934,0.06232631,0.063747026,0.061494224,0.06137634,0.06266727
140,0.062766075,0.06073599,0.059275307,0.06120413,0.06335393,0.06476427,0.061075762,0.06401384,0.06481012,0.06375632,0.061262976,0.06120001,0.06412316,0.06220187,0.06260391,0.06285237
141,0.058088392,0.0553095,0.05669496,0.065548465,0.06674614,0.0709543,0.055840813,0.0668843,0.06866769,0.06358308,0.063670404,0.06507998,0.06883301,0.05577649,0.06053808,0.05778443
142,0.05983778,0.05682608,0.057025004,0.06333844,0.068627186,0.07403247,0.05754012,0.06889196,0.07113175,0.063828506,0.06336658,0.062964834,0.069422565,0.051655762,0.057143357,0.054367602
143,0.06533101,0.0636198,0.06284932,0.0648065,0.061924376,0.06330304,0.06341507,0.062862106,0.0640559,0.06309867,0.061859205,0.06083684,0.062468138,0.058889125,0.060248658,0.060432248
144,0.0623772,0.061005015,0.060304582,0.06344389,0.062359676,0.06353842,0.061091557,0.0644027,0.065375574,0.06298069,0.06357036,0.06384747,0.064715266,0.05940001,0.060723707,0.060863856
145,0.061288465,0.058983956,0.061415832,0.07166329,0.065701716,0.06985885,0.057956256,0.06146198,0.06417838,0.06147018,0.06197757,0.06515632,0.06614065,0.054768257,0.059977088,0.058001213
146,0.054056197,0.050516356,0.051475544,0.062058866,0.07083761,0.0770819,0.051316846,0.070173085,0.07238227,0.06419677,0.063472554,0.06558804,0.0739709,0.05468169,0.061698515,0.05649286
147,0.06722404,0.06575766,0.0625238,0.05842034,0.05980904,0.0591311,0.06629727,0.0652775,0.06507301,0.06479215,0.06267169,0.057797473,0.059689354,0.06265436,0.060072448,0.062808685
148,0.06535121,0.063953675,0.063629024,0.06456171,0.059275605,0.059405927,0.06379452,0.06552686,0.06536939,0.063852005,0.0649812,0.060842384,0.06102519,0.05903425,0.059545226,0.059851777
149,0.059148952,0.056841217,0.057135087,0.0635233,0.06410307,0.0662266,0.056957413,0.06629654,0.067252,0.06399121,0.063736424,0.064560294,0.067291245,0.05987399,0.06249247,0.060570214
150,0.06469782,0.06305773,0.06289516,0.06429805,0.06286403,0.064773716,0.06362756,0.06631118,0.067568086,0.06349921,0.06512847,0.06178575,0.06247106,0.054193664,0.055846434,0.056982152
151,0.06616981,0.06532897,0.067825235,0.07328189,0.061662897,0.06377763,0.06481246,0.06096217,0.06292825,0.060253195,0.064581655,0.0647529,0.061691355,0.051442556,0.05492294,0.05560606
152,0.05900725,0.055944476,0.05511414,0.059742853,0.06724035,0.07071816,0.056269962,0.06798863,0.069381155,0.06508963,0.06228417,0.061672214,0.06775483,0.059256807,0.061788358,0.06074698
153,0.05715732,0.054076705,0.056290526,0.06824014,0.06830687,0.073759235,0.05386081,0.0667064,0.069315694,0.06306564,0.06377148,0.065853424,0.07046494,0.053195447,0.05975302,0.056182347
154,0.06617887,0.06492583,0.06525017,0.06699434,0.06184827,0.06368624,0.06437733,0.06600044,0.06692278,0.06304465,0.065242924,0.06188224,0.06188878,0.052048545,0.05440055,0.05530805
155,0.060554456,0.05771067,0.057787187,0.06427115,0.06660987,0.070879266,0.057472054,0.06784087,0.06921524,0.06406802,0.06228784,0.06268436,0.06850876,0.054625966,0.05958269,0.05590162
156,0.05925716,0.056375798,0.056663264,0.06338522,0.06710986,0.0711773,0.057035983,0.06691658,0.069054596,0.06400647,0.06301158,0.06319053,0.068180025,0.056095917,0.06011152,0.0584282
157,0.06414497,0.06221615,0.061908055,0.06397068,0.062278815,0.06390499,0.062679335,0.0670599,0.06765306,0.06411366,0.06450161,0.061726794,0.06393976,0.05533299,0.057509605,0.05705963
158,0.06708084,0.06573577,0.06647172,0.06895633,0.061932866,0.06368466,0.06548927,0.06493535,0.06631075,0.062390313,0.0649816,0.062011775,0.061660863,0.05066567,0.053734932,0.0539573
159,0.06968812,0.06897162,0.06886307,0.06796568,0.059762955,0.06029197,0.06917272,0.062138665,0.063099794,0.061807062,0.063445605,0.060978215,0.059349712,0.053492874,0.054647747,0.05632419
160,0.059809275,0.057577167,0.058923308,0.066883214,0.067174286,0.07174021,0.057837866,0.06586233,0.06802456,0.06281058,0.06308073,0.065421805,0.06836881,0.05288713,0.057526335,0.05607236
161,0.057173662,0.054803774,0.056979716,0.06857381,0.067384936,0.07245424,0.054968912,0.06681778,0.06947963,0.06228533,0.06531626,0.06739494,0.070586495,0.052008078,0.058569223,0.055203248
162,0.064456046,0.06353417,0.063487776,0.06608305,0.061364602,0.06261038,0.06281205,0.063631356,0.06432202,0.062418483,0.06354406,0.06323763,0.063144974,0.057199966,0.059040397,0.059112992
163,0.05867624,0.0561137,0.056874372,0.06532305,0.066191986,0.06960345,0.056047402,0.06447105,0.06664184,0.06309181,0.06259855,0.064814016,0.06820726,0.058472976,0.062439956,0.060432386
164,0.06092323,0.05842877,0.058303777,0.06370343,0.065484986,0.06876698,0.058748238,0.066516414,0.06812825,0.06378842,0.063134186,0.06291859,0.06679825,0.056297164,0.059752427,0.058306895
165,0.06062564,0.058158465,0.059007898,0.06630919,0.065515794,0.068728186,0.057720505,0.06623976,0.06776811,0.06361628,0.0629012,0.064264335,0.067436256,0.055334087,0.059495356,0.056878928
166,0.061928533,0.060099196,0.059352048,0.06320825,0.06335418,0.06475626,0.060437113,0.06259099,0.06424918,0.06286729,0.062258437,0.06345771,0.06483043,0.061284166,0.0624699,0.062856324
167,0.061836943,0.05993914,0.061867405,0.07041464,0.06439119,0.06748057,0.059731428,0.061150726,0.063455485,0.061219446,0.062325925,0.06525116,0.0654989,0.05626751,0.06037736,0.058792196
168,0.060253747,0.057464432,0.057465546,0.062344264,0.065078296,0.068510436,0.057503015,0.071844965,0.07235706,0.06558444,0.06566047,0.062449243,0.06739346,0.053467922,0.0573562,0.05526651
169,0.058523837,0.05581009,0.056282762,0.063978955,0.06497732,0.06774996,0.05525122,0.06620704,0.0672107,0.06411832,0.06256405,0.06446484,0.06816892,0.060248252,0.06345765,0.060986135
170,0.060676172,0.058192503,0.05806792,0.062254276,0.06526986,0.06838576,0.05891858,0.069505975,0.070630126,0.06457707,0.06498434,0.062606655,0.06710909,0.05444257,0.05757612,0.05680298
171,0.06547523,0.0637223,0.065506116,0.07103196,0.06123222,0.062746234,0.061932344,0.06501378,0.06575336,0.06300087,0.06470512,0.06293899,0.06214009,0.053045724,0.056358185,0.055397436
172,0.056266196,0.05355006,0.055438004,0.067082934,0.067997895,0.07331468,0.053666286,0.067278095,0.06992775,0.062728405,0.06471944,0.06719193,0.071564026,0.053309478,0.06027529,0.05568951
173,0.0647419,0.06296947,0.0608205,0.06031139,0.0626474,0.06396638,0.062904306,0.06591229,0.06615438,0.06462542,0.061640814,0.059539206,0.06301045,0.059925567,0.060201727,0.060628824
174,0.062749594,0.06092834,0.06159353,0.06654224,0.06427417,0.06712959,0.060392287,0.06517039,0.06682689,0.06293517,0.06372975,0.063172884,0.06520616,0.05430956,0.05771177,0.05732766
175,0.06635813,0.06465396,0.06493477,0.0666242,0.06115338,0.06242127,0.0636859,0.06645997,0.06665258,0.06394767,0.064202435,0.060627803,0.06169184,0.05430219,0.056325343,0.055958524
176,0.06155547,0.05944349,0.059327863,0.063498415,0.06343933,0.06538451,0.05947266,0.06560056,0.06648049,0.063700855,0.06343234,0.06272062,0.06533909,0.059059452,0.06109631,0.060448524
177,0.060711928,0.058205653,0.05842956,0.063365616,0.0654635,0.068712234,0.058370776,0.06640077,0.06768727,0.0640538,0.06312595,0.06251554,0.06600355,0.05735201,0.060000278,0.05960157
178,0.05901938,0.056618005,0.057109673,0.06515024,0.06543489,0.06809433,0.05673869,0.06208175,0.063900895,0.06263353,0.06051699,0.06487453,0.067768805,0.062075052,0.06506371,0.062919565
179,0.061368443,0.05939016,0.060305305,0.06734734,0.06479818,0.067641154,0.05945489,0.061937634,0.06417839,0.061846912,0.06221505,0.0649918,0.06616077,0.05746168,0.060942546,0.05995973
180,0.061134532,0.05937057,0.060400892,0.06849837,0.06299265,0.0651313,0.058377527,0.06289998,0.06434163,0.062299747,0.06285484,0.065204956,0.06595811,0.05839942,0.06219007,0.059945446
181,0.058246464,0.05541043,0.055326153,0.061552398,0.06825011,0.07270371,0.05620826,0.06845015,0.07058732,0.06422781,0.063417494,0.06344907,0.0695207,0.055315357,0.059600245,0.057734303
182,0.06517192,0.06394171,0.063127875,0.064316764,0.061283514,0.061945334,0.0642949,0.06208815,0.0636052,0.06261892,0.063429356,0.06216612,0.061487794,0.05927287,0.059665874,0.061583683
183,0.06102799,0.05913307,0.05795868,0.060314786,0.063864864,0.06565533,0.059839834,0.06710183,0.067973204,0.06417733,0.06420294,0.06258394,0.06567225,0.05911631,0.060383733,0.060993917
184,0.056445453,0.053299002,0.055032644,0.06700427,0.06939728,0.075476654,0.05298606,0.06673858,0.06910545,0.06310344,0.062114995,0.06625987,0.07197543,0.053966388,0.060799837,0.056294683
185,0.060707107,0.0583345,0.05878927,0.06475872,0.06614492,0.06993544,0.05837381,0.06873227,0.07053408,0.06397605,0.06483882,0.06412468,0.06773063,0.051950112,0.056363646,0.05470588
186,0.06586642,0.064823955,0.06375058,0.06323519,0.06098163,0.06171922,0.06503733,0.06499204,0.06555558,0.06331912,0.063988484,0.06103252,0.06199164,0.057064082,0.058008716,0.05863354
187,0.060883623,0.059022393,0.058478896,0.062449895,0.06329082,0.06472087,0.05925073,0.06434839,0.06550214,0.063304946,0.0631121,0.06359117,0.0655844,0.06134266,0.06269064,0.06242628
188,0.06515563,0.0640791,0.062404267,0.061215043,0.060746353,0.06078261,0.064437255,0.06410261,0.064480275,0.063717425,0.06337162,0.06075201,0.060870558,0.061305076,0.059928726,0.062651426
189,0.059917074,0.05735791,0.05816472,0.065383874,0.06686694,0.07136346,0.05821618,0.06729814,0.06980109,0.062999964,0.064745024,0.065189496,0.06885173,0.05184416,0.05691459,0.055085633
190,0.06315463,0.06107361,0.061411105,0.06501224,0.06334681,0.06570963,0.06121666,0.06879968,0.06960193,0.06402857,0.06561299,0.06282325,0.06541067,0.05250799,0.05580983,0.054480452
191,0.06429984,0.063022256,0.06656097,0.07546254,0.06333588,0.0668555,0.062345818,0.06146683,0.06336084,0.060034074,0.06376239,0.066175975,0.063990325,0.05020329,0.055175956,0.053947456
192,0.064884245,0.0635347,0.06217942,0.06196609,0.06226802,0.063442506,0.0642667,0.063020766,0.06412666,0.06308811,0.06219191,0.06030008,0.06163167,0.060442515,0.060220473,0.0624361
193,0.062411662,0.060012225,0.058774214,0.06000664,0.06291808,0.06436641,0.059951484,0.0677547,0.06755325,0.06548728,0.06309659,0.05980264,0.063494235,0.06114443,0.061308756,0.06191744
194,0.06260183,0.06039332,0.060337696,0.06409514,0.065011896,0.06792128,0.060711026,0.066171214,0.06795055,0.063622214,0.06341586,0.06191133,0.06574794,0.05485013,0.05786244,0.057396132
195,0.060102828,0.056640603,0.057179797,0.06272193,0.069000185,0.07543632,0.05821006,0.07158108,0.07391049,0.06461671,0.06504963,0.061666276,0.068533115,0.04886297,0.05437627,0.052111737
196,0.058164224,0.055197775,0.056232993,0.06509673,0.06710074,0.07122112,0.05523339,0.06579139,0.06812543,0.063553944,0.06327989,0.06498529,0.068675205,0.05683996,0.06145452,0.059047375
197,0.06096872,0.058130644,0.057831384,0.061931085,0.06615559,0.069866955,0.058112532,0.06882925,0.069908336,0.06480947,0.063057125,0.06138991,0.06708874,0.055609595,0.058968857,0.057341814
198,0.06396309,0.062061235,0.06356569,0.070075326,0.064230815,0.06714276,0.062284514,0.06140283,0.064315215,0.061214887,0.06323034,0.06388116,0.0640161,0.053742588,0.05761821,0.0572552
199,0.05733036,0.054364424,0.055930078,0.06675121,0.0664214,0.070705295,0.053389087,0.065805934,0.067515895,0.06378039,0.06261433,0.06527626,0.06905488,0.058139414,0.0633915,0.059529573
200,0.05838137,0.055940427,0.05626734,0.063881546,0.06606801,0.069560826,0.055584114,0.06640183,0.067864425,0.063598886,0.06288748,0.06502977,0.06909879,0.057964016,0.0620006,0.059470538
201,0.06310553,0.06042081,0.05995643,0.062127974,0.064633705,0.06753509,0.061202765,0.06877189,0.06940886,0.06501236,0.06333428,0.060147412,0.06526576,0.054946337,0.05771243,0.05641839
202,0.06325717,0.060346402,0.060236525,0.06334092,0.06436561,0.067344196,0.060172744,0.07184478,0.0721797,0.06562735,0.06542781,0.0603517,0.06525281,0.051584173,0.05517718,0.053490937
203,0.057168968,0.054695304,0.05427109,0.060903255,0.06514891,0.06775652,0.054119922,0.06856295,0.068842,0.06482849,0.06345828,0.06576235,0.069459,0.060531914,0.063001774,0.061489258
204,0.05699591,0.05433732,0.054983623,0.06389796,0.066100754,0.069237605,0.05410104,0.063307,0.06510942,0.06310408,0.06131064,0.06516363,0.06879547,0.063172214,0.066378154,0.06400519
205,0.06271721,0.0609377,0.06277565,0.06971095,0.061786123,0.06367633,0.05984192,0.0645335,0.0656024,0.06266502,0.065147705,0.064485215,0.06389897,0.05550209,0.05898902,0.05773025
206,0.057103567,0.053755593,0.05466568,0.063561805,0.06849427,0.073802434,0.053799078,0.069424585,0.07114305,0.06452726,0.0633294,0.063904285,0.07055237,0.054821216,0.060552634,0.056562796
207,0.0585,0.05586788,0.057463963,0.06690556,0.0676256,0.07277521,0.05573734,0.06795184,0.06985345,0.06340761,0.06377501,0.0658712,0.07007064,0.051927354,0.057526745,0.054740634
208,0.060009923,0.057258915,0.057104964,0.06265257,0.06573536,0.069148555,0.057049606,0.06856041,0.06962823,0.06473128,0.063380055,0.062723905,0.06774265,0.056367777,0.059880145,0.05802568
209,0.06081527,0.057857707,0.057034075,0.060391687,0.067224175,0.0712903,0.05775172,0.06815354,0.06934305,0.06507751,0.06168191,0.06058802,0.06686788,0.057116438,0.05973478,0.05907193
210,0.064061515,0.06291976,0.06300646,0.06740501,0.062142994,0.06321869,0.062513895,0.06007062,0.061812073,0.061546013,0.061694328,0.06434797,0.06307056,0.059518196,0.060905218,0.06176671
211,0.060825605,0.05822941,0.05943165,0.067114376,0.066060945,0.069786765,0.05775132,0.0651213,0.067135304,0.063276395,0.06277135,0.063234694,0.06651435,0.055384383,0.059637114,0.057725053
212,0.05670895,0.053587053,0.055833135,0.06790129,0.06909937,0.07524337,0.053660154,0.06875176,0.07097679,0.063077584,0.06412351,0.066197746,0.07201867,0.05098612,0.05848968,0.053344816
213,0.0659138,0.06483215,0.06385614,0.06397129,0.0612471,0.06159258,0.0652215,0.060993128,0.062357195,0.0622822,0.062131226,0.061387185,0.061047204,0.060513493,0.060150065,0.06250375
214,0.06157457,0.05909934,0.061560895,0.07072795,0.06553992,0.06987035,0.059034422,0.06697816,0.068843484,0.06252197,0.06533888,0.0652588,0.06677929,0.0493799,0.055090774,0.05240131
