,AV1,AV2,AV3,BA,FI1,FI2,HS,IM1,IM2,IM3,IM4,PE1,PE2,VA1,VA2,VA3
0,0.06746403,0.0686539,0.06959181,0.06737285,0.059724484,0.05614488,0.065806106,0.0636097,0.062924884,0.065178335,0.06482453,0.059264295,0.056936756,0.057243735,0.056452826,0.05880689
1,0.06158116,0.06172571,0.06224632,0.06449231,0.062843464,0.059682585,0.059246786,0.06486941,0.06388013,0.06613577,0.06357383,0.061391305,0.06059834,0.06291427,0.06295016,0.061868448
2,0.055598143,0.05559881,0.056150217,0.06316393,0.07131089,0.07150185,0.054196607,0.0666088,0.06647316,0.0657188,0.061437592,0.064745136,0.06652003,0.05872059,0.062196318,0.06005912
3,0.06278961,0.06384933,0.064342074,0.06504109,0.065749906,0.06408749,0.06227433,0.06339947,0.06360194,0.06462626,0.06239403,0.060942195,0.060540263,0.05778027,0.05818318,0.060398575
4,0.06176859,0.06203535,0.062081322,0.06401825,0.06924211,0.06954676,0.06071461,0.06763468,0.06774817,0.06601976,0.06287282,0.060500044,0.06223085,0.05240927,0.05502634,0.056151032
5,0.06432243,0.06502171,0.06561813,0.06525012,0.062495444,0.05954368,0.06341502,0.06282501,0.06240668,0.06473342,0.06300506,0.060810834,0.059769884,0.060192775,0.059713654,0.060876165
6,0.06646358,0.06833386,0.07136599,0.07159591,0.05982007,0.056370262,0.06728584,0.05799015,0.058508165,0.061926063,0.063234895,0.062334124,0.058244728,0.05856189,0.058003694,0.05996077
7,0.058999676,0.05948475,0.060929786,0.066066444,0.070611484,0.071531594,0.057886124,0.06543219,0.06595979,0.064882874,0.06186558,0.062248785,0.0639379,0.05452182,0.0580391,0.05760208
8,0.06358312,0.06419858,0.06528728,0.06665717,0.06426479,0.062230956,0.062492914,0.06011167,0.06068719,0.06324089,0.061393257,0.060919948,0.060483616,0.060774922,0.061166406,0.06250731
9,0.06582786,0.06699971,0.069724865,0.07044503,0.062929325,0.06127057,0.065416604,0.060560584,0.06122663,0.06305233,0.06292964,0.060213033,0.05860256,0.05566984,0.056674518,0.058456928
10,0.06863144,0.069737,0.06921121,0.06407609,0.05814958,0.05350215,0.06772781,0.05900263,0.058804035,0.06367794,0.06237794,0.0585156,0.05576066,0.064925514,0.061221235,0.06467916
11,0.061644193,0.061698705,0.060160816,0.06015239,0.06734063,0.06583332,0.05975455,0.06528073,0.06484516,0.065801024,0.061254624,0.060568333,0.062032785,0.060460933,0.06077946,0.062392328
12,0.061428685,0.06204364,0.063100815,0.06575728,0.065375775,0.06377615,0.059965834,0.06628992,0.065471664,0.06566015,0.06345523,0.062061295,0.062116317,0.056877434,0.058759842,0.057859946
13,0.06285806,0.063594155,0.064897984,0.06791161,0.06568587,0.06399542,0.06196584,0.06204309,0.062501594,0.06404316,0.061759192,0.061918065,0.06181768,0.057087973,0.058921356,0.058998976
14,0.055811577,0.0558217,0.057863202,0.06843548,0.07267367,0.07336413,0.054660838,0.06526224,0.06554759,0.06510606,0.060759403,0.067289606,0.067933336,0.053901255,0.059133217,0.056436673
15,0.063954435,0.06397127,0.063107766,0.06227716,0.06446264,0.062527865,0.061789796,0.065826915,0.065260865,0.06603002,0.062791854,0.058907997,0.0602033,0.05912039,0.059758835,0.060008902
16,0.061594486,0.062053327,0.0622182,0.064027354,0.06650988,0.06495035,0.06031355,0.064623296,0.06445258,0.06528382,0.062193967,0.061282735,0.06156034,0.05872647,0.059588853,0.060620792
17,0.06250783,0.06373496,0.06646377,0.06997147,0.06487101,0.06358029,0.06128415,0.06656096,0.06648983,0.06552915,0.06576793,0.06243513,0.060241,0.051725153,0.053743903,0.055093404
18,0.062405977,0.062433485,0.060354505,0.05922042,0.062667556,0.058700047,0.060221225,0.065250754,0.064020395,0.06622998,0.06253024,0.060713697,0.060587354,0.066058554,0.06449454,0.06411125
19,0.06527825,0.06591471,0.06676972,0.06667234,0.06434161,0.06269528,0.06342121,0.06309591,0.06385005,0.06502734,0.06338059,0.0589008,0.058691513,0.055889104,0.056777593,0.05929392
20,0.061990928,0.062040903,0.060873527,0.061704427,0.06890535,0.067890935,0.060692295,0.063574135,0.06470002,0.065299414,0.06125648,0.060011968,0.061534125,0.058321096,0.059589844,0.06161452
21,0.063080624,0.06379669,0.062849656,0.06193851,0.06643855,0.06450631,0.06281264,0.06109738,0.062212132,0.06374196,0.061187685,0.059981577,0.06018203,0.061210047,0.061183434,0.0637808
22,0.062405836,0.0629735,0.06327971,0.06405085,0.06466427,0.0625093,0.06155133,0.06504513,0.06453935,0.065385655,0.06312466,0.060729254,0.060615234,0.05933363,0.059632,0.060160283
23,0.064521946,0.06575795,0.06975984,0.07437518,0.06395666,0.06237322,0.06481843,0.058277775,0.059360817,0.061734177,0.061364166,0.06318223,0.060974147,0.054959692,0.0571942,0.05738954
24,0.06521456,0.06588442,0.066269144,0.06460393,0.0646621,0.06294272,0.06472392,0.06341759,0.06385423,0.065045826,0.062842146,0.058485284,0.058611043,0.056815773,0.056831926,0.059795376
25,0.06686493,0.067874104,0.06655425,0.061174743,0.06054801,0.056793034,0.06637677,0.06315816,0.06272926,0.064962775,0.06365163,0.05776082,0.05679909,0.062314276,0.059465922,0.0629722
26,0.060456976,0.06182211,0.06438085,0.0694036,0.06688117,0.0659713,0.059685178,0.06481539,0.064893335,0.06484442,0.06414357,0.06457644,0.061785847,0.053610213,0.05534462,0.05738501
27,0.068674825,0.06977832,0.07044946,0.065621465,0.06152022,0.05910858,0.068709366,0.060651798,0.061236188,0.063561015,0.062846884,0.05705751,0.056319818,0.057607807,0.05662004,0.060236644
28,0.062751286,0.06370962,0.06378391,0.064644605,0.06444395,0.061532922,0.06217855,0.061208554,0.06123433,0.06416825,0.06140685,0.06240596,0.060993582,0.061560616,0.06103857,0.06293844
29,0.054177847,0.053639613,0.054381307,0.0635253,0.07151246,0.07187699,0.0518492,0.06839961,0.067585826,0.066752374,0.061465047,0.06528747,0.068174295,0.05879577,0.063579634,0.05899721
30,0.06262763,0.06396965,0.06609692,0.06938247,0.0669934,0.066185825,0.06258973,0.060090445,0.06110622,0.06253161,0.060866587,0.063444726,0.062358562,0.05559073,0.057452895,0.058712658
31,0.05486893,0.054221984,0.053544898,0.060271814,0.075329244,0.07731973,0.053209253,0.06852096,0.06818216,0.06630248,0.059533324,0.064106755,0.0688907,0.056164376,0.06096344,0.058569912
32,0.07395921,0.0762218,0.07581883,0.06502882,0.054930154,0.0498027,0.07420139,0.056555595,0.05687275,0.062194005,0.0629208,0.056266326,0.052140314,0.062418193,0.05688522,0.063783824
33,0.06538158,0.06650792,0.06729522,0.066688925,0.06309126,0.060422175,0.065408096,0.059656184,0.060642533,0.06324315,0.0623379,0.060201313,0.0585728,0.059534803,0.059165865,0.061850324
34,0.0618763,0.06315679,0.066163324,0.07119182,0.06781616,0.067590706,0.06261263,0.059374094,0.060450163,0.06201134,0.060353052,0.065034665,0.06343861,0.054346874,0.056870352,0.05771311
35,0.063683406,0.064563006,0.06623053,0.06821129,0.064080246,0.061983816,0.06232776,0.06161496,0.062241483,0.06443781,0.06295485,0.061050367,0.05956152,0.058027696,0.058510765,0.060520496
36,0.064690515,0.06508842,0.06528567,0.06472318,0.063328534,0.06081889,0.063053004,0.06294251,0.06275297,0.06494767,0.062246133,0.0593811,0.059427574,0.060200885,0.060141046,0.060971897
37,0.058665667,0.05858441,0.057109527,0.05858783,0.06918633,0.068290405,0.057087217,0.06954522,0.06862861,0.06723313,0.062991686,0.060744535,0.062997445,0.059009813,0.060479008,0.06085919
38,0.063059054,0.06398567,0.0650814,0.065460086,0.062938645,0.059983853,0.06260762,0.06042046,0.060619425,0.063628644,0.062363293,0.061263006,0.059486628,0.063102655,0.062060293,0.06393924
39,0.07273291,0.07417107,0.07536128,0.067950614,0.058273412,0.05504868,0.07258171,0.059024118,0.0598777,0.06291294,0.06338598,0.055684164,0.053515065,0.056237184,0.054361247,0.058881916
40,0.061050132,0.060520757,0.058162134,0.057307296,0.06771954,0.066339344,0.058944438,0.068798825,0.06789465,0.0675082,0.06202331,0.058474585,0.062043514,0.06059829,0.061297577,0.061317366
41,0.056160368,0.055979397,0.056871865,0.064189,0.07057458,0.07065482,0.05434164,0.0675856,0.06726715,0.066663824,0.062206496,0.06425437,0.06601711,0.05733985,0.061014112,0.058879796
42,0.062069494,0.06295396,0.06749717,0.07429313,0.06739912,0.06800739,0.062095292,0.062395405,0.063425675,0.063227326,0.06306144,0.06305904,0.061825033,0.050329953,0.053873684,0.054486886
43,0.06722119,0.068556264,0.06936077,0.066616,0.06356327,0.061761115,0.06790387,0.05873055,0.05988941,0.06236338,0.06095914,0.05964784,0.058569197,0.05737779,0.0572705,0.06020971
44,0.06716726,0.06752489,0.06595503,0.06112531,0.062585935,0.059854075,0.064364314,0.0639444,0.0638728,0.06587101,0.06277029,0.055957556,0.056987032,0.060439993,0.059117053,0.06246311
45,0.06275199,0.06322829,0.06253691,0.062207863,0.064897425,0.06253107,0.061834075,0.06444162,0.064165354,0.065513395,0.06264439,0.060733642,0.06063163,0.060285006,0.060157597,0.061439764
46,0.057645008,0.05793594,0.06035334,0.069063336,0.06938673,0.06905333,0.055793826,0.06444261,0.06396248,0.064551175,0.061117474,0.06597428,0.06599797,0.05643536,0.060369425,0.057917707
47,0.053876877,0.05332842,0.053298548,0.061845887,0.07460613,0.0764028,0.052109454,0.06723359,0.067312196,0.066297665,0.059904393,0.06560378,0.06880271,0.05751105,0.06215104,0.059715465
48,0.06640568,0.06763947,0.06789745,0.06448403,0.060774557,0.056924213,0.06690368,0.06205812,0.06186852,0.06439685,0.06380436,0.059968844,0.057449088,0.060098823,0.0584097,0.06091667
49,0.062799506,0.06365592,0.06625098,0.07105342,0.06833803,0.06905435,0.06235673,0.060764335,0.062424224,0.06276056,0.06138945,0.062655404,0.06241921,0.05224661,0.055266727,0.056564555
50,0.063961565,0.06441998,0.06403844,0.062439147,0.06212143,0.05926471,0.062041316,0.065922916,0.065227754,0.06642581,0.064967774,0.058323458,0.05789138,0.060864117,0.059927266,0.06216289
51,0.06113156,0.061363786,0.060601693,0.06078996,0.06640874,0.06493064,0.05968358,0.0669191,0.06600024,0.066113934,0.06253996,0.060620297,0.062152375,0.059713144,0.06035219,0.060678814
52,0.06137464,0.0616153,0.06266053,0.06633166,0.06851686,0.068546526,0.060731586,0.06504381,0.0658164,0.06515212,0.062751584,0.061291818,0.06265651,0.053671017,0.05672527,0.05711439
53,0.06579202,0.06738015,0.06991769,0.069134876,0.06154474,0.059073098,0.06555104,0.06264298,0.06291375,0.06418929,0.06519041,0.05965991,0.056971326,0.055833004,0.055581585,0.058624096
54,0.058554474,0.058143973,0.057776503,0.061690833,0.06820405,0.066776544,0.057148423,0.06371638,0.06357843,0.06509599,0.0602383,0.06276243,0.0647117,0.06335903,0.06490302,0.063339956
55,0.064513646,0.0650271,0.06281443,0.05894756,0.062030323,0.058381386,0.06289727,0.06544675,0.06472346,0.0662008,0.06392118,0.057855085,0.057753485,0.06391852,0.06148688,0.064082064
56,0.0640445,0.06552698,0.06628381,0.06593269,0.06412855,0.06149227,0.06483799,0.05997213,0.060776584,0.06313472,0.061917398,0.061724618,0.0599296,0.059409097,0.059010576,0.061878458
57,0.06467626,0.065277874,0.065414324,0.06448943,0.06641389,0.065598994,0.06302667,0.06302991,0.063917205,0.06460468,0.061997257,0.05814477,0.05931846,0.05662051,0.057433285,0.06003651
58,0.06288046,0.064402275,0.06689729,0.07066414,0.067208834,0.06652417,0.06357944,0.05605965,0.058053736,0.06069324,0.05937286,0.06410117,0.06192663,0.05740912,0.058914207,0.061312765
59,0.062074814,0.062302995,0.06166653,0.06170601,0.06504952,0.062990315,0.060171384,0.065639526,0.06495617,0.06594428,0.062906705,0.060326405,0.060858052,0.06073209,0.06096516,0.061710082
60,0.0560129,0.0561788,0.055910416,0.060870685,0.0713048,0.07160837,0.055546805,0.068539284,0.06818204,0.06660811,0.062194467,0.06395278,0.06594188,0.057398282,0.060222037,0.059528388
61,0.06501497,0.06588765,0.06581561,0.06321894,0.06297028,0.060444243,0.06474619,0.0649818,0.064671434,0.06552934,0.064036734,0.058795035,0.058522377,0.058090605,0.05757765,0.05969713
62,0.057231635,0.05703907,0.057516366,0.06342746,0.069552794,0.06914087,0.055558495,0.06714579,0.06694409,0.06610612,0.062328238,0.06320678,0.06538333,0.058352605,0.061901793,0.05916458
63,0.06725017,0.067935176,0.06591953,0.060314085,0.05832566,0.0535191,0.06591027,0.060929384,0.060488854,0.06490837,0.0630999,0.05780666,0.055661865,0.06773507,0.06312622,0.06706967
64,0.059781186,0.05995279,0.059445098,0.061748553,0.06689845,0.06532412,0.057860687,0.06609753,0.065496884,0.065909706,0.062360216,0.061705045,0.06289198,0.060877167,0.062089797,0.061560772
65,0.06217763,0.06251634,0.06295384,0.06529749,0.06637728,0.065321326,0.06111821,0.06487549,0.0650872,0.06505487,0.062673934,0.06106726,0.06239091,0.056387868,0.058631092,0.058069196
66,0.06699182,0.068271816,0.06764194,0.06322984,0.06000975,0.055891957,0.06670357,0.060605727,0.06003366,0.06369588,0.062072117,0.05983699,0.057984963,0.06333669,0.060617536,0.06307573
67,0.058595687,0.059091426,0.06073394,0.067013174,0.06945562,0.0694259,0.05760053,0.066423185,0.066732764,0.06567814,0.06345911,0.063427374,0.06347588,0.054129995,0.057141107,0.05761611
68,0.06352627,0.06493788,0.065507755,0.06543893,0.06414674,0.06162928,0.06426488,0.063267104,0.06337368,0.06430881,0.06333203,0.061893325,0.060477726,0.05724753,0.057538155,0.059109867
69,0.06091831,0.06168865,0.06334133,0.06713276,0.06712031,0.06600979,0.06074458,0.06440594,0.06444283,0.06449863,0.06249608,0.06313179,0.063327275,0.05538206,0.05800283,0.057356857
70,0.06383845,0.065016486,0.067168005,0.068494506,0.064598806,0.06313871,0.06368535,0.061298996,0.06220096,0.06362812,0.06308382,0.06105016,0.059544962,0.056352947,0.057408843,0.059490874
71,0.063068934,0.064188965,0.06514519,0.0655291,0.06805883,0.068363376,0.06408688,0.06038023,0.06255283,0.0628634,0.061895132,0.059433937,0.059685946,0.05609296,0.057145912,0.061508402
72,0.060758803,0.060624544,0.059773654,0.061497543,0.06833885,0.067421675,0.058140695,0.06627887,0.06606932,0.06639674,0.061232015,0.060234904,0.062956385,0.05898314,0.060894866,0.060398046
73,0.06258098,0.06305991,0.06284337,0.06306108,0.06532762,0.06326224,0.062417116,0.06375754,0.06352236,0.064768,0.061709125,0.061175726,0.061828177,0.059838533,0.060477823,0.06037044
74,0.064708635,0.06521806,0.06435277,0.06195744,0.062219262,0.058961857,0.0634443,0.06321436,0.06288941,0.06528133,0.06297217,0.05912814,0.058778483,0.06259255,0.06114762,0.063133605
75,0.059719253,0.06009303,0.06124279,0.06615608,0.067649774,0.066490486,0.05789846,0.06534135,0.06496611,0.065589964,0.062355176,0.062889636,0.06303696,0.057492312,0.059729137,0.059349418
76,0.06293398,0.063040815,0.060488556,0.057895996,0.06548384,0.06311128,0.061952353,0.067278855,0.066652946,0.06633847,0.06290775,0.058942165,0.06084569,0.06047293,0.06020905,0.061445322
77,0.061851826,0.06231734,0.06272409,0.064996056,0.06859639,0.06838191,0.06164424,0.061441638,0.062473092,0.063406624,0.06002902,0.061658178,0.06322233,0.057536185,0.05978065,0.059940472
78,0.061141714,0.06134766,0.06161668,0.06477103,0.06636979,0.06487566,0.059464958,0.06527023,0.065250404,0.06580815,0.06278773,0.061994772,0.062321506,0.05785923,0.05952343,0.05959708
79,0.065557785,0.06750364,0.06990488,0.06949712,0.06152933,0.058653086,0.06719155,0.05813763,0.058874995,0.061936043,0.06265144,0.06212383,0.058553874,0.0588596,0.057959158,0.061066084
80,0.07171614,0.07357511,0.0750887,0.069191895,0.0578387,0.05416798,0.0721215,0.05638284,0.057139307,0.061236657,0.061734755,0.058046095,0.055334892,0.058986176,0.05703305,0.060406186
81,0.0635216,0.064304024,0.06356942,0.0628325,0.0626989,0.059244353,0.062478326,0.06332328,0.06277245,0.06487301,0.06297521,0.061617102,0.060251527,0.062043983,0.06115322,0.06234113
82,0.05698825,0.057531834,0.060402293,0.06951068,0.069603406,0.069791995,0.055673774,0.061469488,0.062303822,0.06347616,0.06093939,0.065996796,0.06535329,0.058403503,0.061640717,0.060914543
83,0.06059574,0.060686093,0.059777956,0.061583947,0.06819812,0.066686146,0.059545573,0.06329728,0.06355633,0.0649308,0.06054755,0.061989896,0.06323936,0.060901593,0.062019207,0.06244442
84,0.0661399,0.06795317,0.07149513,0.07117709,0.058760133,0.055218086,0.067404985,0.06100303,0.06086584,0.06322473,0.065804176,0.062042173,0.05738149,0.057010643,0.056111142,0.05840823
85,0.062458277,0.062418085,0.061659675,0.06243346,0.06804738,0.06729032,0.06124558,0.06489225,0.06545674,0.06583579,0.061767172,0.0597032,0.061556365,0.056892868,0.05838462,0.059958212
86,0.061655063,0.06139104,0.05902049,0.05801897,0.06582142,0.06333251,0.05961653,0.06703541,0.066008836,0.06693718,0.061962098,0.059360556,0.06134528,0.06300898,0.06272278,0.062762916
87,0.071111076,0.07264775,0.07214982,0.063337706,0.05860963,0.055161364,0.07183362,0.059691098,0.059903383,0.06292664,0.06265982,0.055346213,0.054497093,0.060741745,0.057754517,0.0616285
88,0.06512356,0.06616911,0.06685976,0.06579258,0.0586978,0.05444143,0.06395638,0.062284667,0.061428796,0.064872354,0.06467963,0.06107812,0.057726722,0.063047945,0.061047237,0.06279382
89,0.058117528,0.057694893,0.05756662,0.06281017,0.06965368,0.06877921,0.055197675,0.06692419,0.06664899,0.0670469,0.06193764,0.06245934,0.06394066,0.058807634,0.06143841,0.060976457
90,0.06459859,0.06532156,0.06581681,0.065529436,0.06235662,0.059185933,0.063134596,0.06201392,0.061618004,0.06434621,0.062064037,0.060091976,0.059307482,0.06170231,0.061126236,0.061786268
91,0.068296395,0.07010294,0.072521575,0.07102683,0.060581252,0.057700414,0.06802229,0.057430644,0.058692835,0.06200051,0.06287566,0.059361514,0.05604719,0.057557885,0.05680634,0.060975727
92,0.06348371,0.06421529,0.0627877,0.060495716,0.061389923,0.05721752,0.06224653,0.063456655,0.06277028,0.06558963,0.063489966,0.060055666,0.05827497,0.06597141,0.06311406,0.06544097
93,0.05747234,0.057180915,0.056725636,0.061417565,0.07088066,0.071259856,0.055768054,0.07086691,0.070210785,0.06799465,0.063358955,0.062138822,0.06437505,0.054723073,0.057967745,0.05765893
94,0.05869841,0.059374835,0.06140018,0.067668825,0.0671099,0.06591185,0.05783607,0.065840185,0.065866865,0.06541098,0.064180166,0.06420954,0.063206844,0.056239463,0.058924913,0.058121007
95,0.06458361,0.06548744,0.06446686,0.061175454,0.06113116,0.05754903,0.0638597,0.06461534,0.06390209,0.06578136,0.06462273,0.05914349,0.05762206,0.06246176,0.060319666,0.06327829
96,0.05404654,0.054126624,0.05480395,0.06344859,0.07105192,0.07062373,0.05234872,0.06691116,0.06589463,0.06607468,0.061031252,0.066981226,0.067762375,0.060411662,0.06355336,0.060929567
97,0.061376072,0.062416725,0.064717814,0.069810785,0.066450335,0.06497005,0.060339764,0.058515,0.05964496,0.06271809,0.060563084,0.06389355,0.061656892,0.059578974,0.06065291,0.06269499
98,0.06257111,0.062695384,0.06220068,0.06326138,0.06835699,0.06779485,0.061477475,0.064153574,0.06476021,0.065130234,0.06103993,0.060036507,0.061928023,0.056662817,0.058238227,0.059692636
99,0.06127857,0.0615486,0.06119091,0.062244225,0.06809858,0.067264654,0.060549725,0.06612595,0.06569009,0.065817684,0.061577715,0.06084539,0.062869474,0.0571618,0.05872669,0.05900998
100,0.061817486,0.06229567,0.06111443,0.060284443,0.064464845,0.06177769,0.061205372,0.06415946,0.06389642,0.06535162,0.06309711,0.06070833,0.06027938,0.063109465,0.061910037,0.06452825
101,0.06365679,0.0638993,0.064701416,0.065735474,0.06431816,0.062247265,0.06122427,0.06608575,0.06577365,0.06668571,0.06431093,0.05949742,0.05912627,0.05663817,0.057266816,0.058832657
102,0.06190367,0.062970035,0.06405062,0.06721129,0.064485505,0.062193017,0.060972504,0.06305087,0.06292799,0.06438402,0.06284908,0.06337999,0.061887223,0.05845421,0.05952649,0.059753448
103,0.05767977,0.057952654,0.060200248,0.06860024,0.06892991,0.06869383,0.056767445,0.06389019,0.06416022,0.06453875,0.061822355,0.065471865,0.06555149,0.05677109,0.06046323,0.058506686
104,0.06630535,0.06744808,0.06930623,0.06842101,0.061795194,0.059154857,0.066379264,0.059777837,0.06071625,0.063163504,0.06336328,0.05947379,0.05755053,0.0584277,0.05794788,0.060769252
105,0.065414235,0.06614295,0.066809684,0.06642599,0.06644819,0.06578592,0.06535175,0.06249443,0.063261926,0.063924976,0.0612769,0.059713144,0.06043404,0.053869005,0.05545532,0.057191562
106,0.060083628,0.0607324,0.06274576,0.068008974,0.06682175,0.06543153,0.05936166,0.061721966,0.062028397,0.063728616,0.06134722,0.06430755,0.063525915,0.05897,0.0608175,0.06036716
107,0.061436225,0.062328875,0.06463425,0.069354795,0.0669125,0.06629804,0.06053316,0.062154893,0.062749915,0.063952126,0.06202754,0.06268776,0.06170867,0.056069244,0.05812513,0.059026856
108,0.06561466,0.06582708,0.06344767,0.05907873,0.063647635,0.060685337,0.06437585,0.06521736,0.064755544,0.06608797,0.06244002,0.05754213,0.058687124,0.060991094,0.05962463,0.061977234
109,0.062979095,0.06382974,0.064840116,0.06650715,0.06483293,0.06283655,0.062321577,0.06383229,0.063940845,0.06529359,0.06347347,0.061571114,0.06020923,0.056631967,0.05726292,0.059637394
110,0.06718144,0.06859884,0.06820366,0.06452592,0.06096833,0.057716116,0.066473275,0.06310763,0.06321127,0.06519926,0.064808205,0.059369665,0.056494642,0.05754836,0.055793803,0.060799558
111,0.059828572,0.05985104,0.060168933,0.06453946,0.07057372,0.07103189,0.058763873,0.06694204,0.06769958,0.06576126,0.06267054,0.061318286,0.06345626,0.053418502,0.05695571,0.057020344
112,0.058669385,0.059027903,0.061189543,0.06909966,0.06928484,0.06902138,0.057464544,0.062279735,0.063553855,0.0647095,0.06201633,0.064124905,0.06301164,0.056755707,0.05952635,0.060264707
113,0.06809595,0.06838692,0.06628989,0.06037695,0.060228728,0.05629591,0.06653974,0.06461166,0.06360723,0.06597999,0.06310131,0.056728885,0.05718305,0.061705854,0.05947479,0.06139322
114,0.062751524,0.06383315,0.06536812,0.06757298,0.06361095,0.06108919,0.062134236,0.062633626,0.062440313,0.06404438,0.06307936,0.06265756,0.061136585,0.05855226,0.05925091,0.05984486
115,0.062316768,0.06179573,0.059930462,0.058766913,0.06605509,0.06424298,0.059972335,0.06980287,0.068655245,0.06820692,0.06338416,0.058094066,0.060976133,0.058659863,0.05946774,0.05967278
116,0.061127286,0.061252616,0.060703702,0.061646774,0.065484114,0.0634443,0.059022997,0.06254623,0.062281102,0.064763114,0.061098356,0.061275672,0.061629936,0.064593785,0.064225025,0.06490498
117,0.06174297,0.0624462,0.06436075,0.06702803,0.062189914,0.059365403,0.060705423,0.064425364,0.06342791,0.06501887,0.064399496,0.062353887,0.060793027,0.060553424,0.060989454,0.06019987
118,0.06008004,0.060723133,0.061282407,0.06393148,0.06909675,0.06869363,0.06001328,0.061320323,0.06228092,0.06345699,0.060397293,0.062127315,0.06286352,0.059900988,0.061127264,0.06270464
119,0.059756387,0.06044192,0.061152667,0.06451266,0.06359022,0.060610402,0.057705745,0.065166324,0.06409971,0.06598242,0.064181164,0.06335151,0.06117417,0.06283085,0.062439952,0.06300387
120,0.058584798,0.05873207,0.06030955,0.06701586,0.06981843,0.07012845,0.0569129,0.06749325,0.067182034,0.065951064,0.06252114,0.062967315,0.06462758,0.053801555,0.057706974,0.056247078
121,0.062007144,0.06282131,0.06302245,0.06397429,0.065430164,0.063575946,0.0610116,0.06493111,0.06472661,0.0652555,0.06332074,0.061105788,0.060707968,0.05859496,0.059055224,0.060459178
122,0.06585005,0.06806534,0.0717443,0.073025666,0.058405336,0.05456344,0.065648906,0.0574766,0.05805409,0.062119715,0.06439539,0.06259605,0.056905698,0.06027517,0.058949154,0.0619251
123,0.058871258,0.05946905,0.061359685,0.068684824,0.06789967,0.066551946,0.05853089,0.06164066,0.062006194,0.06354409,0.0606224,0.06677619,0.06593615,0.057903487,0.060957436,0.0592461
124,0.06465017,0.06595239,0.06814685,0.06884445,0.060151476,0.05633467,0.06392233,0.062944606,0.062016644,0.06455852,0.064519,0.06180039,0.058647353,0.059343778,0.05880088,0.059366517
125,0.064902686,0.06578925,0.06567234,0.064745985,0.06425357,0.062013,0.06374153,0.063264035,0.06372349,0.06481755,0.06303609,0.059678055,0.059040036,0.05756951,0.057809234,0.059943628
126,0.065419905,0.06586123,0.06551113,0.06335465,0.06588639,0.06466939,0.064814344,0.06371826,0.06444561,0.065002896,0.06241891,0.05780496,0.058591943,0.056262635,0.05661319,0.059624515
127,0.059057537,0.05891781,0.05927608,0.06341361,0.066388674,0.06470252,0.05747412,0.06666226,0.06569577,0.06606545,0.06286744,0.0626748,0.063730404,0.06039957,0.062329646,0.06034429
128,0.05803077,0.05911644,0.062825084,0.07236473,0.064845264,0.06234028,0.056422327,0.061704084,0.061522584,0.064029865,0.06307854,0.06725406,0.06357385,0.060127083,0.06205009,0.060715005
129,0.053469945,0.052995585,0.053054314,0.06164832,0.07375524,0.074553154,0.05136888,0.066288814,0.066072725,0.06618885,0.059410997,0.06576659,0.06890187,0.060418315,0.06453043,0.061575964
130,0.06195964,0.062282518,0.06204686,0.06445575,0.0683606,0.0679294,0.06014973,0.06463327,0.06528965,0.065689676,0.06179603,0.060807247,0.06156869,0.055960167,0.057668094,0.059402734
131,0.060495373,0.060716063,0.0609313,0.063414924,0.066620246,0.06502658,0.059188556,0.06494573,0.0644878,0.06566237,0.0621258,0.061885342,0.06251598,0.059882328,0.061105456,0.060996126
132,0.057814643,0.058654997,0.060320273,0.06674919,0.06724357,0.06523875,0.057928465,0.06148224,0.06176262,0.06370487,0.061627,0.06674683,0.06418256,0.061287224,0.062496033,0.062760785
133,0.06342413,0.063978314,0.06489903,0.06663749,0.064272106,0.0617434,0.062407292,0.059580367,0.06018058,0.063553974,0.060864203,0.061373893,0.06043417,0.06176886,0.061783034,0.06309917
134,0.06411352,0.06409699,0.062981255,0.061135422,0.06351257,0.06073946,0.06124205,0.06849313,0.06716285,0.067716375,0.064245574,0.057821326,0.058751844,0.05919745,0.05890178,0.05988837
135,0.07004616,0.07149645,0.07243735,0.067201555,0.058688376,0.05498986,0.069101185,0.05901714,0.05956801,0.06320333,0.06367512,0.05753578,0.05438191,0.059637416,0.05689214,0.06212827
136,0.056486037,0.0563363,0.057171986,0.06488434,0.0702027,0.06962396,0.054971475,0.06618627,0.06562447,0.06582345,0.06095351,0.06549774,0.06692376,0.058390845,0.06207345,0.05884976
137,0.064903334,0.06607035,0.066224076,0.06483809,0.06458876,0.06250486,0.064110294,0.06320079,0.063757665,0.06505329,0.06322362,0.059176628,0.058335148,0.05688288,0.056595,0.060535196
138,0.06818877,0.07011429,0.07272093,0.07170735,0.060202602,0.057092935,0.06815566,0.055147167,0.05633703,0.060780533,0.061303657,0.06113476,0.057297137,0.059471533,0.05814029,0.062205374
139,0.060015496,0.060161624,0.06047742,0.06430547,0.06689774,0.0657057,0.058222048,0.0664196,0.065740295,0.06588147,0.06250996,0.06257602,0.06357838,0.05813647,0.0603114,0.059060857
140,0.06811882,0.069165856,0.06866011,0.06364837,0.061239917,0.057888817,0.068224184,0.060408607,0.061169304,0.063577056,0.06284065,0.057380654,0.05666416,0.06033162,0.058682915,0.06199895
141,0.05979251,0.06090917,0.062255096,0.06626994,0.069592424,0.06953125,0.060061812,0.063657254,0.06438982,0.064110994,0.061932597,0.06378188,0.06320883,0.054914102,0.057167146,0.058425173
142,0.06599389,0.06665717,0.06592125,0.062626556,0.061402634,0.058063146,0.06444932,0.06354812,0.062983446,0.06515771,0.06316209,0.058493923,0.058097217,0.061548132,0.060024116,0.06187124
143,0.06770394,0.06828935,0.06723048,0.062251937,0.060719244,0.057336535,0.06708544,0.06265149,0.06259786,0.06473213,0.063516274,0.057165515,0.056766726,0.06092436,0.059148997,0.06187974
144,0.061234597,0.061595846,0.060714636,0.06121313,0.06763301,0.066370174,0.0604611,0.06607959,0.06602646,0.06575618,0.062470157,0.059981894,0.061542712,0.05862291,0.059644528,0.060653124
145,0.058554906,0.058834195,0.060385246,0.067294694,0.068819456,0.06842622,0.057397634,0.06647295,0.066513516,0.06602414,0.06313192,0.06409306,0.06395966,0.054699693,0.05813514,0.057257555
146,0.05799879,0.0579391,0.058972877,0.06510785,0.07102123,0.072039284,0.05616277,0.06815324,0.067856446,0.06612808,0.062158998,0.06274483,0.06538612,0.0538749,0.058213867,0.05624162
147,0.0647504,0.06493044,0.06569471,0.06547718,0.06268518,0.060531363,0.06281366,0.06555812,0.064812645,0.06588136,0.06406206,0.058904633,0.05909274,0.05776755,0.058007255,0.059030704
148,0.06408792,0.06513468,0.06529183,0.06508459,0.06177796,0.05833936,0.062361903,0.06408043,0.0634991,0.06532159,0.064416714,0.06076405,0.058645204,0.06031855,0.059489418,0.061386686
149,0.06087835,0.061200123,0.060100935,0.060674753,0.06531303,0.062366158,0.06024553,0.06533417,0.0645524,0.065765984,0.062353093,0.06239223,0.06245002,0.062208977,0.06195037,0.062213853
150,0.06207507,0.062577344,0.063942395,0.068256035,0.06792449,0.06720855,0.061054092,0.060345158,0.061728545,0.063373424,0.060445167,0.062195443,0.062234033,0.057203203,0.059539586,0.05989744
151,0.057547096,0.057349812,0.056997158,0.06133281,0.068917766,0.067730375,0.055923793,0.06678336,0.06613568,0.06678462,0.062052045,0.06368843,0.06425914,0.06051501,0.06194143,0.062041428
152,0.06544854,0.06699126,0.06771237,0.06531559,0.062148105,0.059180822,0.06541103,0.06451474,0.0644412,0.06515853,0.06536279,0.05987809,0.057503823,0.05633407,0.055667043,0.058932006
153,0.058714,0.058957826,0.05910829,0.06309305,0.07069987,0.070763536,0.057431053,0.06829441,0.06799636,0.066259034,0.062358808,0.062326074,0.0643665,0.05461612,0.05765239,0.05736266
154,0.059762932,0.059711445,0.05867466,0.060582895,0.067984186,0.066476926,0.058157716,0.06399467,0.06363493,0.065167464,0.060252517,0.062167827,0.06377139,0.0627753,0.063571095,0.06331411
155,0.05919932,0.059633162,0.058855426,0.060766518,0.06884929,0.06761834,0.05897599,0.06358962,0.06392711,0.064832546,0.061206907,0.062838845,0.063265674,0.061113577,0.061864387,0.06346329
156,0.06142029,0.06236927,0.06356258,0.06674564,0.06500584,0.06262193,0.06024916,0.06312067,0.062901415,0.06468018,0.06256503,0.063109025,0.061743043,0.059207384,0.059909888,0.060788676
157,0.060986713,0.062492553,0.06555538,0.070690505,0.06692571,0.06608649,0.061822273,0.059935924,0.060858432,0.062233288,0.061437815,0.06602746,0.063589245,0.05538712,0.057564545,0.05840654
158,0.06638371,0.06760662,0.06803893,0.06557519,0.06353036,0.061280835,0.06647648,0.060336787,0.061157238,0.06348107,0.061924398,0.059327584,0.05831869,0.05802074,0.05744558,0.06109581
159,0.06396776,0.064766735,0.063129865,0.060493387,0.06362762,0.060676903,0.06352946,0.06299101,0.06293989,0.06499684,0.062360086,0.059676554,0.059227236,0.06269462,0.061060764,0.0638613
160,0.066057526,0.06688073,0.06774232,0.06581771,0.063800715,0.06219804,0.06556837,0.062374733,0.063130625,0.06425408,0.06318488,0.058021776,0.05807194,0.056522377,0.05670149,0.05967265
161,0.055733506,0.055983063,0.05798981,0.06718306,0.07045795,0.07047771,0.05418413,0.06794536,0.06722524,0.066120245,0.06255337,0.06610232,0.066897325,0.05503864,0.059627045,0.05648122
162,0.05927565,0.059543222,0.06152745,0.068193875,0.06871256,0.068967566,0.0578767,0.06423268,0.064859994,0.06468314,0.062158592,0.06252851,0.06376861,0.05587832,0.059675474,0.058117673
163,0.060607076,0.06098949,0.061113026,0.06362632,0.067635246,0.06667341,0.058820095,0.06497051,0.065244466,0.06570858,0.06265821,0.060985696,0.061349187,0.058477443,0.05966797,0.061473254
164,0.061970897,0.062657915,0.0634712,0.06574179,0.0689246,0.06910321,0.061550435,0.06423668,0.06524497,0.06441269,0.062229015,0.061695658,0.062467664,0.053285502,0.055842265,0.057165504
165,0.06871124,0.07036649,0.07176501,0.06825179,0.060701944,0.05776002,0.06881754,0.054342724,0.05592297,0.060651783,0.060284622,0.058682628,0.05619708,0.06233735,0.06011503,0.06509174
166,0.0750914,0.07796374,0.08127862,0.0726546,0.054797314,0.050675567,0.075753696,0.053867716,0.055073496,0.060143102,0.063109994,0.05644304,0.051254526,0.057377692,0.053828485,0.06068704
167,0.062525086,0.06295001,0.064256124,0.067074485,0.06843153,0.06822805,0.0617397,0.06357553,0.064540036,0.06447349,0.06167377,0.06036717,0.06163337,0.05423821,0.05681958,0.057473876
168,0.060331114,0.060955252,0.062134482,0.066205055,0.068551786,0.06815621,0.05902978,0.061882015,0.06257293,0.06409374,0.06075239,0.062820755,0.06273636,0.058384556,0.059984032,0.061409507
169,0.066714644,0.06767214,0.06788915,0.06538797,0.06294133,0.060403913,0.06636587,0.060363922,0.061193425,0.06334984,0.062023174,0.05884609,0.058419347,0.05888907,0.05861089,0.060929257
170,0.06470435,0.06561056,0.06734514,0.06858021,0.062235408,0.059445046,0.06320012,0.062777765,0.06228198,0.06453967,0.063109085,0.06177732,0.06005076,0.057577014,0.058005486,0.058760088
171,0.067564026,0.0693094,0.07040407,0.06704156,0.061147656,0.05835444,0.06826687,0.061142,0.061668497,0.06310925,0.06383459,0.05901891,0.05690499,0.05692478,0.0560881,0.059220847
172,0.06208093,0.06275253,0.062810205,0.06258569,0.06248473,0.059417296,0.06122064,0.06625392,0.06532199,0.06584973,0.06504429,0.060539074,0.05991507,0.06151407,0.060975935,0.061233874
173,0.063604295,0.06414874,0.06391525,0.063009195,0.06356528,0.061131597,0.06219999,0.06481169,0.064444765,0.0657858,0.06382768,0.059409413,0.058996662,0.05993043,0.05944968,0.06176946
174,0.061210144,0.06123542,0.059266828,0.05774651,0.06527465,0.063082516,0.05953229,0.068663746,0.06763866,0.067301065,0.06398547,0.05858833,0.060405266,0.061915033,0.0614098,0.062744245
175,0.062150788,0.06286507,0.06391353,0.06616447,0.06748123,0.0666261,0.06193295,0.06158367,0.06277182,0.06374453,0.061638467,0.060783386,0.061091222,0.057520967,0.05905231,0.06067946
176,0.07453232,0.076591946,0.07679306,0.066842034,0.057055663,0.05296445,0.07590271,0.053742565,0.055213846,0.06034125,0.0607774,0.055589117,0.052665815,0.06083161,0.056943156,0.06321305
177,0.053825468,0.053005897,0.052575823,0.060442396,0.075242296,0.076992065,0.05201704,0.066684306,0.06670928,0.06590113,0.058755595,0.06472652,0.06927956,0.05926706,0.06396832,0.06060724
178,0.0658834,0.06717013,0.06886302,0.06884201,0.062257703,0.059674412,0.06488246,0.06042177,0.061181918,0.063330784,0.06327191,0.059927743,0.058059394,0.057930548,0.05788143,0.060421355
179,0.06932538,0.07179719,0.075565,0.07311993,0.0609631,0.05854159,0.071029544,0.057094738,0.058962226,0.061362486,0.06366001,0.059532188,0.055459477,0.053126063,0.052725933,0.05773513
180,0.05626649,0.056630377,0.059274536,0.0695661,0.07131861,0.072430626,0.05492097,0.06470628,0.065055266,0.064683594,0.061564893,0.06668957,0.06689208,0.05412616,0.058866583,0.05700786
181,0.060209483,0.060529374,0.059892155,0.061274156,0.06963823,0.0701296,0.05950267,0.07017399,0.06973834,0.06702346,0.06352891,0.060366012,0.06247639,0.053380534,0.05559527,0.05654142
182,0.058876015,0.058718875,0.05841027,0.062715076,0.06961493,0.069144316,0.057171673,0.066403046,0.06590544,0.06592508,0.06069098,0.06262867,0.06537936,0.0579831,0.060972765,0.059460416
183,0.06861936,0.06945118,0.070175014,0.06630879,0.060935922,0.05832832,0.06669036,0.06220564,0.06252642,0.06472162,0.06376169,0.056647938,0.055782292,0.05738045,0.056374215,0.060090795
184,0.071668334,0.07259662,0.07169099,0.06276588,0.05823326,0.05437774,0.06999012,0.062527634,0.062087912,0.06499368,0.06384207,0.054802112,0.0540224,0.059363823,0.056242637,0.060794774
185,0.0662179,0.067643434,0.06651133,0.06261157,0.06402364,0.061183102,0.06725871,0.058764085,0.06010089,0.06298589,0.0611082,0.059914295,0.058055703,0.060741145,0.05876337,0.064116776
186,0.060989555,0.061565876,0.06289541,0.06693932,0.069246724,0.06893951,0.061110653,0.063427724,0.06401128,0.0641015,0.061168157,0.063244,0.063722305,0.05425354,0.057144657,0.05723985
187,0.06164407,0.06305037,0.06579957,0.07052176,0.062338673,0.059121583,0.061440736,0.059247795,0.059231434,0.062668346,0.062244404,0.06559369,0.061815616,0.061659835,0.062124815,0.06149732
188,0.06550954,0.06720544,0.068586506,0.06859365,0.06422995,0.062126484,0.06612999,0.05942547,0.060817577,0.06260869,0.062213592,0.06158591,0.05923582,0.05591725,0.056290504,0.059523687
189,0.06302104,0.06300194,0.061989617,0.06158555,0.06607652,0.06401948,0.062287714,0.062616765,0.06300083,0.06494783,0.061008748,0.059917383,0.061095074,0.06127048,0.061526448,0.06263461
190,0.054442227,0.054301858,0.055072322,0.06338616,0.0714412,0.07166013,0.05248118,0.06839488,0.06754809,0.06644379,0.061747186,0.06502759,0.06740688,0.058656566,0.062649205,0.059340764
191,0.06051749,0.06141087,0.06343723,0.06862889,0.06605825,0.06417927,0.060511116,0.061438244,0.0619129,0.06368716,0.06184972,0.064598136,0.06323685,0.058401376,0.060328923,0.05980361
192,0.06010784,0.061564684,0.06401817,0.070137374,0.06757328,0.06631915,0.06010651,0.0584361,0.060019102,0.0622423,0.06114092,0.065371305,0.062489934,0.05844189,0.06000011,0.0620313
193,0.06701467,0.067800045,0.06808829,0.06551731,0.060645457,0.056986786,0.065073654,0.062263303,0.061970863,0.06495858,0.0635495,0.058650825,0.05680188,0.06037964,0.05868156,0.06161766
194,0.05737262,0.05762843,0.058538612,0.064643495,0.06868177,0.06735729,0.056576476,0.061685625,0.061842684,0.063806735,0.06014128,0.065310925,0.06516647,0.062978156,0.064635456,0.06363396
195,0.060806498,0.061456617,0.06448103,0.069361486,0.066545166,0.06627051,0.059625063,0.066194244,0.06639372,0.06575827,0.0649604,0.061408646,0.060850833,0.053314928,0.05561724,0.056955386
196,0.05843287,0.05838655,0.059088342,0.06441316,0.068753034,0.068035156,0.056079008,0.06417163,0.06422655,0.06522743,0.0611671,0.06282654,0.06367886,0.06070809,0.06288635,0.06191933
197,0.06988341,0.071152896,0.07126156,0.06607414,0.060092416,0.05676401,0.06948592,0.05913898,0.059897948,0.063061796,0.062466886,0.05737443,0.055871062,0.059081323,0.057174005,0.061219197
198,0.059874084,0.060331125,0.06009668,0.06284221,0.06695969,0.065384805,0.05823077,0.06553291,0.065285325,0.06601015,0.06291585,0.062139243,0.062029727,0.059804775,0.060743257,0.061819397
199,0.061199702,0.061730113,0.06156703,0.0628452,0.07117043,0.07268188,0.06038245,0.06572519,0.06661799,0.0649853,0.061343607,0.059701737,0.06256788,0.053541042,0.05600573,0.057934694
200,0.05708416,0.057519242,0.06090572,0.07113829,0.07173155,0.07331479,0.055965886,0.06496344,0.06523441,0.064359464,0.061710123,0.065827616,0.06614154,0.05194558,0.05688676,0.05527141
201,0.057210885,0.056783672,0.05604203,0.060631704,0.070847094,0.07069202,0.055310126,0.069802456,0.068804204,0.06738496,0.061863057,0.06312168,0.06618648,0.0568068,0.06010054,0.05841228
202,0.06791395,0.06963929,0.06959396,0.06490047,0.060634255,0.057013407,0.06897681,0.058318894,0.059150133,0.06255309,0.06231733,0.05910352,0.05638353,0.06131224,0.05854138,0.063647784
203,0.060530487,0.061908156,0.06556932,0.07316736,0.06863275,0.06900753,0.061464287,0.058871835,0.060593028,0.06148684,0.060755108,0.066116765,0.06397928,0.053677905,0.05690683,0.057332523
204,0.06233761,0.062221278,0.06080329,0.06020981,0.06607996,0.0640504,0.06094544,0.066245265,0.06580611,0.06658947,0.06233882,0.05938412,0.060940806,0.060262144,0.06039067,0.06139479
205,0.056181207,0.056416392,0.057515103,0.06588467,0.07213265,0.072973564,0.0549265,0.0657153,0.06580761,0.065029636,0.060837995,0.06578609,0.06742652,0.05547206,0.060044996,0.05784974
206,0.06534707,0.065458156,0.06497362,0.062210266,0.06409135,0.062099475,0.06420236,0.06611909,0.066045396,0.06620096,0.06382839,0.056981415,0.058247373,0.057380397,0.057544176,0.059270542
207,0.052839853,0.05252271,0.053608846,0.064102724,0.07432806,0.07585114,0.050869804,0.06508609,0.0651462,0.065378614,0.05922739,0.06702853,0.069337174,0.05938822,0.06402613,0.061258465
208,0.059615165,0.059793297,0.060295265,0.06468154,0.06477744,0.062190298,0.057379328,0.0657063,0.064951904,0.066189416,0.0635705,0.06318887,0.062629394,0.061263043,0.06269389,0.061074357
209,0.058925487,0.059285413,0.06079505,0.067805715,0.07027894,0.070704386,0.057614367,0.064606756,0.06527168,0.065012395,0.06164469,0.06407091,0.064525805,0.054165512,0.057677355,0.05761553
210,0.06831321,0.069900654,0.0716311,0.068676785,0.05859246,0.054798145,0.067658335,0.060052637,0.059854474,0.06323998,0.063390344,0.059716508,0.056642525,0.059546944,0.058078323,0.059907585
211,0.059168432,0.059217267,0.059884783,0.06514497,0.066387594,0.06444036,0.057009246,0.06605643,0.065394685,0.06620782,0.06305325,0.06348882,0.063466474,0.059513748,0.061580118,0.059986036
212,0.06074338,0.060783617,0.06111211,0.06489804,0.06564819,0.06343665,0.058351435,0.06510851,0.06499033,0.06614888,0.06303812,0.06192807,0.062126298,0.059771888,0.061381783,0.060532663
213,0.06402452,0.064818844,0.066149764,0.06739687,0.06550567,0.063989736,0.06328625,0.060425423,0.06120267,0.06336241,0.06080562,0.060282692,0.060595278,0.05826665,0.05946099,0.0604266
