,AV1,AV2,AV3,BA,FI1,FI2,HS,IM1,IM2,IM3,IM4,PE1,PE2,VA1,VA2,VA3
0,0.054935694,0.054228272,0.055002432,0.059515234,0.06826556,0.06977961,0.054032788,0.07509774,0.070869766,0.065964706,0.06546642,0.06466313,0.068339735,0.05752283,0.06123843,0.055077657
1,0.06669246,0.06702394,0.067999214,0.06727866,0.061196264,0.059425946,0.06771396,0.061719272,0.061062936,0.06030227,0.06558302,0.06289217,0.059567362,0.055506643,0.05754668,0.058489185
2,0.064189285,0.064158745,0.062211964,0.060125887,0.0642013,0.062403366,0.064956985,0.0652575,0.063532524,0.06296431,0.06332355,0.060887914,0.061252266,0.05982934,0.059965115,0.060739968
3,0.07256679,0.07387715,0.07151999,0.063427806,0.056297604,0.051967762,0.074660696,0.059882376,0.05831072,0.060254224,0.06550883,0.059027046,0.053679615,0.05968082,0.056821655,0.06251691
4,0.05947433,0.060116038,0.06039148,0.06271949,0.0676396,0.0674209,0.061904904,0.06348954,0.0627954,0.061745144,0.06272486,0.06475707,0.06452085,0.058866628,0.060582466,0.06085129
5,0.062718585,0.06266195,0.062029775,0.062204476,0.062544025,0.06064943,0.063007206,0.06648548,0.06421803,0.06351777,0.065626845,0.063025035,0.061431047,0.059668835,0.06034159,0.059869926
6,0.0639008,0.06432017,0.06699874,0.06903542,0.06303742,0.062734805,0.06538246,0.06375409,0.062455263,0.06064774,0.06634877,0.06506053,0.061139718,0.052888256,0.056026436,0.05626939
7,0.0660056,0.0671569,0.06575998,0.061772622,0.061433908,0.058540802,0.06886698,0.061129343,0.059719384,0.06136819,0.06374313,0.0614319,0.058190588,0.06164709,0.059194017,0.064039566
8,0.06778837,0.06764283,0.06691327,0.062045917,0.06018883,0.05842945,0.06909609,0.06624658,0.063778706,0.062324468,0.06731892,0.060756817,0.057638407,0.05593265,0.05565556,0.058243144
9,0.062374342,0.061469782,0.063207805,0.06825897,0.063797995,0.06361395,0.06070953,0.06557992,0.06469874,0.06241915,0.066117935,0.063616,0.06278729,0.055065736,0.060002457,0.05628039
10,0.06236706,0.062098727,0.06317318,0.06499994,0.06424814,0.06369412,0.063162684,0.06481772,0.0636239,0.06201546,0.065141715,0.062803976,0.06214717,0.057154886,0.060008895,0.058542393
11,0.06487293,0.065611005,0.064475976,0.062136054,0.06050591,0.057762865,0.06609171,0.06406848,0.061701532,0.062472172,0.06463872,0.06182739,0.05943374,0.06180569,0.06060504,0.061990727
12,0.06524108,0.06530135,0.06373557,0.061890226,0.061525855,0.05931922,0.065516554,0.06554127,0.06337109,0.06306342,0.06465226,0.061843056,0.06048121,0.05930801,0.05939445,0.05981541
13,0.057891317,0.05821927,0.061962776,0.07172221,0.067121476,0.06869174,0.058663037,0.063023955,0.0629634,0.060534846,0.0641362,0.068825655,0.067374334,0.053351976,0.059765067,0.055752765
14,0.056185104,0.055236585,0.056917366,0.063376665,0.07194287,0.075118504,0.055971853,0.06809434,0.06701687,0.06320331,0.06211576,0.06444682,0.06912021,0.05500147,0.060621608,0.055630665
15,0.058119893,0.057720646,0.057787295,0.06060703,0.06651078,0.06678719,0.057400372,0.0710522,0.06793281,0.0648193,0.065246604,0.063363396,0.06503877,0.05875883,0.061436146,0.057418767
16,0.051456533,0.051194895,0.05215278,0.061764207,0.06918291,0.07017564,0.04971757,0.07034436,0.06754581,0.065233946,0.062077224,0.06662122,0.071882,0.06307434,0.06888227,0.058694284
17,0.04811971,0.047645096,0.050482713,0.06452944,0.075448595,0.08099431,0.047146443,0.071216114,0.06951765,0.06390809,0.06175514,0.06929824,0.076597735,0.05517639,0.06430967,0.053854585
18,0.06175785,0.06193544,0.061888784,0.06304818,0.064435415,0.06358798,0.06310378,0.06543083,0.06401112,0.062175006,0.0644554,0.06487714,0.06361297,0.057523876,0.05966597,0.05849026
19,0.055054784,0.054574788,0.055851575,0.06326451,0.06977185,0.07150682,0.054103944,0.06832465,0.066621274,0.06381245,0.0629275,0.06535154,0.069045424,0.058436617,0.06378454,0.05756774
20,0.053909685,0.05335581,0.055435937,0.06417085,0.07164262,0.07465676,0.053650416,0.06800767,0.06684344,0.06333117,0.062348597,0.066500865,0.07067763,0.056462478,0.06247823,0.056527805
21,0.060780086,0.060993206,0.062038828,0.062957354,0.06392695,0.06314198,0.062095195,0.06730298,0.06464637,0.06326574,0.06629111,0.06282186,0.061680138,0.0588847,0.05975466,0.059418846
22,0.06481424,0.06517111,0.06655542,0.0675572,0.06432484,0.063978665,0.06625898,0.06039101,0.060734674,0.059597902,0.064062655,0.06363324,0.061362777,0.05480788,0.057780914,0.05896848
23,0.06767952,0.06844454,0.06727192,0.06340003,0.058976345,0.05584848,0.069207594,0.062173326,0.060419988,0.06138574,0.06539931,0.06092721,0.05729428,0.060475912,0.059164483,0.061931305
24,0.06604849,0.0674897,0.065762214,0.0625077,0.06136382,0.05818205,0.06854863,0.060263455,0.05915396,0.061037507,0.063110024,0.06172939,0.058330767,0.062203947,0.05989461,0.06437375
25,0.06884424,0.06943537,0.06769525,0.06266438,0.05770076,0.054258656,0.069159426,0.06385659,0.06178086,0.06189897,0.06707511,0.059930094,0.056185134,0.059910703,0.05863114,0.06097332
26,0.060864054,0.06042495,0.060181733,0.06154264,0.06602085,0.06586747,0.06064599,0.06731069,0.065205544,0.063439235,0.06362467,0.06231583,0.06409074,0.058682922,0.061029293,0.05875341
27,0.052382693,0.052334715,0.05425369,0.06299897,0.07159344,0.0737842,0.05241641,0.06742345,0.06630996,0.06321522,0.06262099,0.06664629,0.07093522,0.059403468,0.064881794,0.058799487
28,0.061010696,0.061829854,0.060993373,0.06073025,0.06127002,0.058590967,0.061813634,0.06687633,0.06388261,0.063675724,0.06619621,0.0637781,0.061451238,0.06339614,0.062465027,0.06203986
29,0.052925497,0.052758466,0.054670632,0.06407927,0.07098072,0.07296548,0.05299722,0.067528136,0.06635195,0.06333276,0.062451143,0.06806424,0.07120879,0.058127508,0.06395664,0.057601493
30,0.06200132,0.062519856,0.06284858,0.06270772,0.063368596,0.061820325,0.06379287,0.065374315,0.0635875,0.062414255,0.066115804,0.0626278,0.06091236,0.059437748,0.059716213,0.06075477
31,0.053588178,0.05295772,0.053941466,0.060871765,0.071903154,0.07432529,0.05296304,0.069805175,0.067782566,0.06444427,0.06219814,0.06447003,0.06990247,0.05894847,0.06391145,0.05798678
32,0.066094294,0.0664405,0.06588301,0.06350305,0.059983496,0.057545908,0.06676262,0.064318925,0.061818216,0.062409442,0.0650744,0.060994428,0.058794722,0.06010652,0.05983119,0.06043931
33,0.060229544,0.060574833,0.061539106,0.06464256,0.06465125,0.064045094,0.06050957,0.06455732,0.06312591,0.062080707,0.064603336,0.06421201,0.063639835,0.059419535,0.06190249,0.060266852
34,0.056943584,0.057070255,0.05706739,0.06060999,0.06819075,0.06843986,0.05764503,0.066845186,0.06537293,0.06312796,0.06271794,0.06398138,0.06721558,0.060863778,0.06379952,0.060108826
35,0.05232081,0.052780814,0.055390492,0.064956725,0.06962088,0.07161578,0.052899964,0.06789936,0.06583395,0.06354826,0.06358475,0.068649165,0.070406176,0.05870229,0.06335943,0.05843112
36,0.05395966,0.052193727,0.05254248,0.05798,0.07181177,0.07532955,0.05259194,0.07692962,0.072908014,0.06701167,0.06400954,0.062838115,0.069760345,0.055759214,0.0607845,0.05358988
37,0.059781432,0.06013158,0.06019951,0.061177574,0.06444964,0.06345996,0.060814895,0.067696474,0.06505354,0.0636155,0.06529109,0.063746214,0.06351556,0.06012855,0.060902636,0.060035862
38,0.05850135,0.058810227,0.059294503,0.06463142,0.06694127,0.066911444,0.05898176,0.0638784,0.06348124,0.061840065,0.0626115,0.06683813,0.06724668,0.05839787,0.062633775,0.059000365
39,0.062485594,0.06250651,0.06464399,0.067328006,0.06484486,0.06528113,0.063378856,0.0649626,0.06372241,0.061477948,0.06503262,0.06439416,0.06311621,0.053545013,0.057186026,0.056094054
40,0.048300356,0.04742499,0.050057713,0.06262288,0.07458732,0.0796712,0.047101427,0.07424245,0.07127581,0.065210745,0.06275994,0.06845835,0.07591514,0.05548073,0.06373164,0.053159297
41,0.06309179,0.06213477,0.060780495,0.059149466,0.062114283,0.060910925,0.06185994,0.07226888,0.06793861,0.06554398,0.06621636,0.06087941,0.061772387,0.058762513,0.059626352,0.056949798
42,0.07026423,0.07183269,0.071023084,0.06560555,0.058830693,0.05567234,0.07350093,0.05769941,0.057309072,0.058915798,0.06422768,0.06095107,0.05584403,0.058503628,0.05693865,0.06288118
43,0.0693302,0.0708771,0.07323912,0.07287348,0.059406206,0.057353534,0.07187469,0.055487216,0.055965792,0.057517264,0.064324975,0.06282795,0.05652297,0.055175934,0.056673262,0.060550254
44,0.05600151,0.05593025,0.057019554,0.06277719,0.06810458,0.06875706,0.056300294,0.06748761,0.06562594,0.0634098,0.06366378,0.065733515,0.06748483,0.059631348,0.06322937,0.058843352
45,0.05702009,0.056473065,0.05692619,0.060712386,0.067649424,0.0682634,0.056764968,0.07048547,0.06758655,0.06485343,0.06420989,0.06397646,0.06648943,0.0589149,0.061881974,0.05779238
46,0.051643662,0.051364698,0.053330168,0.062058825,0.07158238,0.0739509,0.051146336,0.070103794,0.06790867,0.06461279,0.06398506,0.06620376,0.07001452,0.059390564,0.0642648,0.05843909
47,0.06522844,0.06595725,0.06719548,0.06746728,0.06273612,0.06137803,0.06739241,0.06106053,0.06085397,0.060130436,0.06569734,0.06401714,0.059732396,0.055192553,0.056842685,0.059117988
48,0.05907073,0.05916169,0.058986664,0.0607449,0.06682497,0.06643547,0.059599478,0.067045696,0.06476843,0.06375666,0.063608766,0.062225226,0.06400698,0.060830355,0.062087134,0.060846876
49,0.06285729,0.06349376,0.06475389,0.066087194,0.06457999,0.064135015,0.064463206,0.062446196,0.061682686,0.060956847,0.0642448,0.06430732,0.062074326,0.056339312,0.058208786,0.059369396
50,0.05960986,0.06022018,0.06224234,0.066365086,0.06677009,0.066900894,0.061613526,0.06194928,0.061771825,0.06070696,0.06371011,0.065779,0.064632356,0.057334058,0.06025354,0.060140915
51,0.07298718,0.0741512,0.071916826,0.06430161,0.057016063,0.05311285,0.07498391,0.05808716,0.057502646,0.059282374,0.06435225,0.059247367,0.054421768,0.058996208,0.0569257,0.06271495
52,0.052279767,0.05180158,0.05482995,0.065957025,0.07113967,0.07421685,0.051492684,0.06938853,0.06774292,0.063627854,0.06396769,0.06763588,0.07102102,0.056154486,0.06317066,0.05557344
53,0.067501225,0.06754037,0.06842586,0.066318914,0.059636228,0.057782564,0.06891535,0.064750604,0.06287406,0.061627213,0.06772819,0.06234151,0.057943903,0.054398533,0.055508174,0.056707267
54,0.062808394,0.062371977,0.061829932,0.061796743,0.06292456,0.061288893,0.06297617,0.06649952,0.064617634,0.0632014,0.06546556,0.0629497,0.06234812,0.05900698,0.0606236,0.059290785
55,0.056330923,0.05593622,0.056886327,0.06124882,0.0681129,0.06935021,0.056868352,0.07116023,0.06817759,0.0645828,0.06499574,0.06529212,0.06683515,0.057119284,0.060490765,0.05661253
56,0.051422812,0.050929956,0.05317133,0.06332469,0.07145236,0.07480163,0.05052305,0.071436584,0.06897415,0.064478196,0.06336922,0.06794716,0.07243633,0.05686669,0.06368841,0.055177502
57,0.059025828,0.058057703,0.060401108,0.06633108,0.0686221,0.07143223,0.05912707,0.06889833,0.067488156,0.06273257,0.06551044,0.06548346,0.0659792,0.051097527,0.05649365,0.053319592
58,0.059527226,0.059556674,0.05981061,0.06192368,0.06677519,0.066670254,0.06063964,0.066102915,0.0645231,0.06290553,0.063727,0.0630306,0.064260244,0.05921976,0.06128517,0.060042392
59,0.061805125,0.06264396,0.063750856,0.06666857,0.062167946,0.060244713,0.063246556,0.061562024,0.06091217,0.06101221,0.064991355,0.06598963,0.06248046,0.059615895,0.0614695,0.06143902
60,0.05593725,0.055920113,0.058198377,0.066423155,0.067916095,0.06891527,0.055992804,0.06626408,0.06496508,0.062736124,0.063929796,0.067029364,0.06785269,0.057657044,0.06290735,0.057355385
61,0.057892635,0.05905611,0.061483078,0.068541154,0.06676333,0.06673883,0.058768325,0.060422752,0.060317747,0.060321692,0.0623513,0.06665225,0.06572552,0.059719186,0.06350867,0.061737426
62,0.05577673,0.05622197,0.057729255,0.06647013,0.068607524,0.068823904,0.0551572,0.06282143,0.062309034,0.06224943,0.06160397,0.066997275,0.06808768,0.060719587,0.06514217,0.06128271
63,0.055706162,0.056167573,0.05561997,0.060396377,0.069093,0.068499945,0.055941746,0.06370973,0.06260103,0.06274364,0.06020879,0.064184055,0.06750753,0.06564113,0.06764438,0.064334966
64,0.06663967,0.067713164,0.06647867,0.062495172,0.061103508,0.05811822,0.06866727,0.06161035,0.0603815,0.061001852,0.06502113,0.061244812,0.057615906,0.06024491,0.05862913,0.063034765
65,0.062498193,0.06186371,0.062035397,0.06148805,0.06486482,0.06467422,0.062452205,0.06923337,0.06636029,0.06398905,0.06592444,0.061442193,0.06158606,0.05655013,0.05756615,0.057471674
66,0.07971776,0.0822942,0.0813851,0.07034778,0.052126866,0.047206026,0.08272523,0.052328687,0.052333284,0.055623736,0.064862594,0.05799881,0.049095362,0.055940058,0.05373594,0.06227856
67,0.063570976,0.063089855,0.06331503,0.064122915,0.06359359,0.06300616,0.064048715,0.06640114,0.06454241,0.06280315,0.0654516,0.06283305,0.061538503,0.05606468,0.058285855,0.057332356
68,0.05394269,0.05301941,0.055606704,0.063705124,0.069396704,0.072276995,0.053832438,0.07349652,0.070692584,0.064722486,0.06647962,0.067826256,0.06957255,0.053452488,0.05912901,0.052848417
69,0.07119388,0.07225821,0.07161407,0.06660538,0.059105758,0.056066386,0.07386695,0.056214597,0.05635904,0.058401443,0.06303868,0.060504217,0.056077406,0.05813544,0.057415415,0.06314313
70,0.06356721,0.06374708,0.06424926,0.06661544,0.0630108,0.06159296,0.06364264,0.062437296,0.06152281,0.061739367,0.06413626,0.0638417,0.06151112,0.058174476,0.06042072,0.05979085
71,0.050224125,0.048682995,0.05087176,0.062191095,0.07536288,0.08184157,0.04861244,0.07452213,0.0721271,0.064951204,0.06236468,0.06605309,0.07512546,0.053272773,0.06215361,0.051643055
72,0.06134584,0.061553508,0.06329446,0.06801504,0.06488713,0.06475296,0.061418805,0.06295879,0.062379234,0.061207116,0.06388998,0.06541004,0.06437697,0.056083314,0.060447957,0.057978787
73,0.06529844,0.06608852,0.06471303,0.062736444,0.061008114,0.058213413,0.06606349,0.061852954,0.060283996,0.061592735,0.06303606,0.061223127,0.05962653,0.06285451,0.062007293,0.063401364
74,0.056927368,0.057341583,0.05810146,0.06396203,0.0694559,0.06977825,0.057665512,0.061912518,0.061971806,0.061355222,0.060710482,0.06550593,0.06765073,0.060948316,0.064584285,0.06212863
75,0.05446622,0.054550644,0.055958323,0.064213626,0.07028348,0.071726136,0.05400252,0.06548855,0.064416274,0.062858336,0.061332926,0.0660343,0.06964508,0.060162067,0.06522719,0.059634283
76,0.06490374,0.06568454,0.0631002,0.05831496,0.05910468,0.055489954,0.06594432,0.067563914,0.0637353,0.06407591,0.06650707,0.06048267,0.057983287,0.06386084,0.060715422,0.06253319
77,0.052637678,0.05139346,0.05233332,0.058859047,0.07226377,0.07587459,0.05153633,0.075527586,0.07172,0.066308625,0.063529015,0.064147644,0.07044765,0.056909002,0.0618091,0.05470314
78,0.065340415,0.06607715,0.06842829,0.06978167,0.0599925,0.058371924,0.06744974,0.06244492,0.061666247,0.06025772,0.068447575,0.06566122,0.059288986,0.053683266,0.055997267,0.057111118
79,0.06675807,0.06665003,0.06636151,0.06300605,0.06031804,0.05837253,0.06867932,0.06653815,0.06391775,0.06262897,0.06698841,0.061531395,0.058391225,0.056133367,0.056206312,0.057518974
80,0.058851976,0.058924105,0.058523964,0.06108432,0.065651394,0.06464108,0.05940034,0.06729946,0.06512039,0.06384004,0.063723065,0.06384052,0.06501643,0.06122051,0.06303265,0.059829693
81,0.06058344,0.060278676,0.05990099,0.060575865,0.06569177,0.06514622,0.06206398,0.06835111,0.06573709,0.06426863,0.06486444,0.062466085,0.06265314,0.058676355,0.05932519,0.05941701
82,0.065720595,0.06632592,0.06661419,0.06553888,0.06262211,0.060717788,0.06801121,0.059595797,0.059239104,0.06013699,0.06304714,0.06212533,0.059867535,0.05895532,0.05973668,0.0617455
83,0.05782252,0.057131648,0.0574821,0.061341513,0.066987745,0.06797498,0.057058774,0.07190822,0.06889237,0.06487581,0.06537416,0.06442074,0.06643567,0.056424025,0.060231082,0.055638656
84,0.06416711,0.06501221,0.0643044,0.063481934,0.062116504,0.05973149,0.06539335,0.06211578,0.060924098,0.06140913,0.06372697,0.06251944,0.060589753,0.061061304,0.06129264,0.062153917
85,0.06091386,0.06145579,0.06294297,0.0657222,0.06617147,0.0662848,0.06312228,0.0629195,0.0623296,0.06114334,0.06375306,0.06505165,0.06394201,0.0562071,0.05878019,0.059260234
86,0.058813397,0.058781635,0.059414495,0.062371526,0.067200005,0.0672717,0.059084516,0.06645797,0.064636335,0.06293496,0.06376284,0.06327899,0.06482945,0.059505377,0.06199036,0.059666436
87,0.06801593,0.068970904,0.068712845,0.065245405,0.058276694,0.055146027,0.06941901,0.061660882,0.06014217,0.060913324,0.06677279,0.062212728,0.05675345,0.058800563,0.057895415,0.06106181
88,0.059231795,0.059246056,0.060764533,0.06513603,0.06448516,0.06412304,0.05946148,0.067234375,0.06526923,0.06315541,0.066574365,0.06584219,0.06389914,0.057458114,0.060358115,0.057760943
89,0.06006696,0.059049416,0.06004204,0.065068595,0.066305034,0.06676363,0.05847948,0.06786038,0.06608918,0.063652575,0.0641276,0.06407957,0.06506738,0.056332584,0.060852796,0.05616276
90,0.060550954,0.061045762,0.060683385,0.061354797,0.06472249,0.063668534,0.06145256,0.06663838,0.06443766,0.063122086,0.06457646,0.06322622,0.062956184,0.06023365,0.06099878,0.06033214
91,0.068791375,0.06867793,0.068909295,0.066872,0.059724048,0.057595663,0.06946303,0.06181927,0.06081657,0.060832605,0.06549974,0.06179704,0.05789715,0.05577904,0.05686357,0.05866162
92,0.06403849,0.06388205,0.065358765,0.06605824,0.06544035,0.06536427,0.06586451,0.062875524,0.06250728,0.060716256,0.06452363,0.06269179,0.061241966,0.05450102,0.0571188,0.057817057
93,0.059549134,0.05982783,0.060979813,0.06562465,0.06564222,0.06538276,0.059874624,0.06445898,0.063426465,0.0621463,0.064234965,0.065377526,0.06476368,0.058093794,0.06147316,0.059144057
94,0.050034977,0.049174424,0.052128293,0.06475188,0.07456105,0.079927996,0.049295392,0.07176224,0.07001462,0.064026214,0.062752634,0.06833341,0.07486355,0.053451173,0.062134527,0.05278767
95,0.06327112,0.06265417,0.06165714,0.06078461,0.06127353,0.059278663,0.062453493,0.07115627,0.06724598,0.06525441,0.06766707,0.062548906,0.060630895,0.058336202,0.058752894,0.057034586
96,0.059071265,0.059219442,0.062128674,0.07078366,0.0658189,0.06637894,0.058451936,0.06353483,0.06328404,0.06127599,0.06471343,0.06727922,0.06600646,0.054684978,0.06069548,0.056672744
97,0.05353965,0.05357567,0.054591414,0.061972857,0.07040086,0.07133166,0.05389774,0.066454746,0.0653583,0.06316233,0.06200625,0.06619684,0.06998351,0.061408777,0.06600081,0.060118593
98,0.07828007,0.07963906,0.07590013,0.062829494,0.0546132,0.04992297,0.08180117,0.05717069,0.055962067,0.05887765,0.06469233,0.056249607,0.0499721,0.057847217,0.053345505,0.0628967
99,0.06645842,0.06747706,0.067159295,0.0645078,0.05942536,0.056639332,0.06822121,0.06265413,0.060951613,0.061277654,0.06640162,0.06271812,0.05813013,0.058866065,0.058187854,0.060924303
100,0.067491755,0.06769336,0.06655345,0.06261838,0.061779227,0.059651688,0.06920018,0.061987657,0.060779296,0.061168518,0.06384989,0.059728146,0.05825435,0.059065364,0.058673054,0.0615057
101,0.07615585,0.07638148,0.07431773,0.064708136,0.054872867,0.05085711,0.07759233,0.0611909,0.05932071,0.060559325,0.067304686,0.057685763,0.051474832,0.055366315,0.053051453,0.059160557
102,0.05261575,0.05221275,0.054529257,0.06466653,0.07161768,0.07438943,0.052502967,0.06797839,0.06695732,0.063290395,0.06315605,0.067850135,0.071107514,0.05701391,0.063381985,0.056729924
103,0.06625058,0.06851151,0.068873174,0.06919415,0.057773694,0.053579565,0.068277135,0.05551918,0.055630587,0.0586091,0.06402263,0.06376326,0.05769912,0.063419595,0.0630352,0.06584155
104,0.06130214,0.06195048,0.060699742,0.059426084,0.06296318,0.060755536,0.06199149,0.06642495,0.063502155,0.06354508,0.06388193,0.061658584,0.06204653,0.064035565,0.06289648,0.06292005
105,0.063146316,0.06313968,0.06667809,0.07046971,0.064150035,0.06497807,0.06472238,0.0636542,0.06297027,0.060418233,0.06643746,0.06520232,0.06203554,0.051349834,0.05555551,0.0550924
106,0.06641374,0.06624997,0.06555729,0.062030975,0.06349499,0.062335167,0.068034366,0.06370426,0.06252679,0.06143747,0.06437658,0.06032462,0.059400477,0.056901038,0.05743901,0.059773266
107,0.06787464,0.06889949,0.06681514,0.061913926,0.061671548,0.05855054,0.070747234,0.05863573,0.058389608,0.060033213,0.06288959,0.060019694,0.05754108,0.061397314,0.05926235,0.0653589
108,0.05614949,0.055302683,0.057227984,0.0642664,0.07052082,0.07282576,0.05627505,0.06799907,0.06691963,0.06317707,0.063737735,0.06523449,0.06819578,0.055330213,0.060866978,0.055970855
109,0.057368483,0.057253122,0.058402378,0.06247883,0.06788353,0.06871573,0.057955716,0.068441786,0.066249244,0.06346923,0.06426837,0.06503928,0.06639419,0.0575926,0.060700268,0.057787266
110,0.06745592,0.06731396,0.06571953,0.06200721,0.06164441,0.059438005,0.06880969,0.06399967,0.06262787,0.062022932,0.064769596,0.061256535,0.0589643,0.057166144,0.057411935,0.059392333
111,0.06504102,0.06577228,0.067443535,0.06806669,0.06143184,0.0597811,0.06707229,0.061218068,0.060436312,0.06031349,0.06575854,0.06428113,0.059493296,0.056462146,0.057969365,0.059458908
112,0.055520292,0.055195946,0.055720337,0.060673352,0.07033322,0.07185227,0.055478856,0.06895793,0.066762075,0.06416674,0.062500864,0.06459214,0.06846494,0.058944456,0.062306456,0.058530163
113,0.07038357,0.07208846,0.07228185,0.06804145,0.056681093,0.052605223,0.07307287,0.0555738,0.055184614,0.05848563,0.06440486,0.060595915,0.054488912,0.06146881,0.05949702,0.06514593
114,0.053235892,0.05293204,0.053945374,0.063412696,0.0723618,0.07478242,0.051905274,0.066792324,0.06567703,0.063250795,0.06021602,0.06575341,0.07161178,0.05966678,0.066081,0.058375362
115,0.053010274,0.053040795,0.05604959,0.066769436,0.06862738,0.070194304,0.052707035,0.067492776,0.06588013,0.06305741,0.06425636,0.068128966,0.06963538,0.05872284,0.06509048,0.0573369
116,0.05867935,0.058610085,0.059964363,0.0653202,0.06830487,0.0691643,0.05845956,0.0635485,0.062933564,0.061714496,0.06154148,0.06472904,0.066936865,0.05822818,0.06257806,0.05928709
117,0.053620044,0.054155353,0.056285277,0.06576949,0.07032364,0.07197401,0.053664874,0.06523798,0.06432281,0.06241017,0.06225728,0.0679112,0.06979258,0.05885607,0.06417372,0.059245452
118,0.049740147,0.04946158,0.051674437,0.061539657,0.075469874,0.0801862,0.050710328,0.07025028,0.068405166,0.06367437,0.06117497,0.0679608,0.073978014,0.05678641,0.06296874,0.05601901
119,0.05966645,0.059935458,0.059585296,0.061883323,0.06681508,0.06613902,0.060173225,0.06461172,0.063130334,0.06271077,0.062340606,0.063276134,0.064255565,0.061173208,0.06273865,0.06156517
120,0.07030615,0.06997004,0.06975358,0.06664824,0.059146196,0.056765623,0.069522105,0.06145978,0.05987291,0.06099833,0.064488,0.059960503,0.056513365,0.05720239,0.05756937,0.059823398
121,0.062959716,0.06315401,0.06210628,0.0608426,0.063046426,0.061359443,0.06365557,0.06671401,0.06402297,0.06346854,0.06436008,0.062265996,0.06150465,0.06031532,0.059955135,0.0602693
122,0.057518117,0.05646382,0.057862327,0.06326473,0.06911497,0.07162909,0.0570342,0.07047886,0.06834338,0.06419397,0.064888395,0.06450072,0.06649701,0.054273777,0.059104327,0.054832295
123,0.06343373,0.062558204,0.06195979,0.06204592,0.06441582,0.06392731,0.063489355,0.068085365,0.06604092,0.063504264,0.06464624,0.061896767,0.06285134,0.056009658,0.058701914,0.056433428
124,0.06455133,0.06527531,0.06541489,0.06295796,0.060993947,0.058813382,0.06665957,0.06431263,0.06238856,0.061602373,0.06618113,0.062887065,0.059848245,0.05900467,0.058935747,0.06017321
125,0.061601907,0.061222963,0.06187399,0.06398254,0.067587994,0.06824919,0.06254865,0.0642039,0.06367001,0.061664224,0.062653296,0.063332684,0.06434165,0.05572454,0.059272353,0.05807008
126,0.055421237,0.05500932,0.055239506,0.06024645,0.069492936,0.070516475,0.05455935,0.0693312,0.066577785,0.06475306,0.06223286,0.063423514,0.0677039,0.06142771,0.06433147,0.05973324
127,0.06985282,0.06914279,0.068144955,0.06378194,0.05998229,0.058203187,0.07072596,0.06573464,0.063573964,0.062346336,0.0666809,0.05995108,0.05679058,0.053976834,0.054567095,0.05654461
128,0.056697965,0.056386862,0.057496447,0.06216844,0.06872625,0.07016658,0.057897467,0.06817081,0.0666071,0.06345781,0.064021364,0.06538236,0.06727541,0.05707549,0.06083609,0.05763353
129,0.052215226,0.05145238,0.05268234,0.06113406,0.07259555,0.075589,0.05126233,0.070296235,0.06844821,0.06433262,0.06165876,0.06602671,0.07258879,0.058388304,0.06481134,0.056518134
130,0.06583925,0.06653359,0.06582881,0.06207999,0.061597984,0.05936585,0.067837104,0.062245715,0.060579073,0.061347626,0.06433268,0.06055301,0.058521014,0.06103646,0.059443533,0.06285829
131,0.055864573,0.05514605,0.056779403,0.06362595,0.06899255,0.070475385,0.055660285,0.06892772,0.06729553,0.063698374,0.06422874,0.065546654,0.06807521,0.056906458,0.06228022,0.05649687
132,0.07007612,0.07182105,0.07157153,0.067128904,0.056887783,0.05319423,0.071416855,0.058719072,0.057441995,0.05970879,0.06553926,0.060898043,0.05486876,0.0596266,0.058061518,0.06303946
133,0.052290283,0.052000884,0.053530056,0.06252281,0.073737025,0.077095054,0.052366953,0.06827042,0.0669183,0.06361175,0.060783107,0.066490605,0.07218507,0.0575339,0.06348313,0.05718063
134,0.06922623,0.070427336,0.06958125,0.06651552,0.05758885,0.054008424,0.07014738,0.059054352,0.058297835,0.059902705,0.0650685,0.061972164,0.056516867,0.060049437,0.059527885,0.062115334
135,0.06363021,0.06507723,0.06584584,0.0662382,0.061189298,0.05851176,0.065430865,0.05941153,0.059020955,0.060121275,0.06477443,0.06404753,0.060161,0.061317284,0.061505962,0.06371666
136,0.06442773,0.06437625,0.06538706,0.06655903,0.062384132,0.06091078,0.06467198,0.06295598,0.061901785,0.0615417,0.06484383,0.06308476,0.060879927,0.057291698,0.05951321,0.059270125
137,0.060952313,0.061773002,0.064761914,0.07009729,0.06432203,0.064166844,0.062183123,0.0618336,0.06135833,0.060384694,0.06492505,0.066247985,0.06349985,0.055710442,0.059436712,0.058346804
138,0.060154453,0.06097074,0.059483588,0.061368156,0.06346405,0.060768742,0.06007759,0.06353251,0.062002342,0.06269074,0.06263712,0.06442567,0.063801266,0.065241314,0.06531619,0.06406553
139,0.055646565,0.055012427,0.05424902,0.057758737,0.06866419,0.06900608,0.05499472,0.07227272,0.06901867,0.065929934,0.06382782,0.06336799,0.06723168,0.061118033,0.06346732,0.058434106
140,0.056959,0.057186376,0.058736015,0.06553179,0.06793309,0.06852016,0.05711408,0.06442562,0.063585095,0.06210126,0.0625027,0.066195466,0.06757475,0.05886683,0.06339317,0.059374634
141,0.057519067,0.057564404,0.058945075,0.06363485,0.066818126,0.0673409,0.05728045,0.06838366,0.065790616,0.06394995,0.06447621,0.06535939,0.06570938,0.058051974,0.060881358,0.058294613
142,0.072101615,0.0732229,0.07151573,0.06515225,0.05675718,0.05276001,0.07380564,0.058223248,0.057526886,0.059397414,0.064960346,0.059970215,0.05478709,0.059400387,0.05771772,0.06270136
143,0.058980487,0.05901108,0.061273582,0.0665238,0.0658019,0.06602746,0.059223466,0.065384254,0.063995115,0.062377192,0.065263264,0.064930625,0.064198725,0.05744555,0.06089157,0.058671918
144,0.06660426,0.068069026,0.067668565,0.06609369,0.05875274,0.05539577,0.067321986,0.060999315,0.059258774,0.06117923,0.06522222,0.0620583,0.057094917,0.061261315,0.06013085,0.06288906
145,0.050289318,0.0502458,0.052711923,0.06497995,0.07303859,0.07662513,0.05000557,0.06696956,0.066171505,0.062724486,0.06094646,0.06876148,0.0739982,0.05864125,0.066541664,0.057349104
146,0.05391889,0.05353414,0.055605963,0.06418327,0.07099156,0.073656894,0.053913075,0.06939422,0.06777924,0.06355488,0.06369251,0.066613615,0.06980863,0.055781633,0.061794836,0.055776604
147,0.07208315,0.0721741,0.06862468,0.05875749,0.055876147,0.05185659,0.07332702,0.06708429,0.06331236,0.06316344,0.06852981,0.057575654,0.053355936,0.058944248,0.055325735,0.060009316
148,0.06568275,0.06617126,0.06553506,0.06283353,0.061785642,0.05992346,0.0669933,0.064050056,0.06190325,0.061999343,0.06421868,0.06093944,0.05939294,0.059162676,0.058807634,0.060601
149,0.071724445,0.07301026,0.072553985,0.066033974,0.056914687,0.05309954,0.07488474,0.057921372,0.05760106,0.058831636,0.06576144,0.060802158,0.054912306,0.05771333,0.05643147,0.06180361
150,0.059006073,0.059325777,0.059790745,0.062022448,0.06412204,0.06330039,0.059490427,0.0691979,0.06624984,0.06403226,0.06624242,0.06504968,0.06412087,0.059046634,0.060577314,0.05842512
151,0.061658673,0.062079452,0.06435477,0.066740036,0.06471518,0.06495508,0.06349265,0.06437921,0.063085765,0.06142909,0.065410584,0.06425251,0.0622133,0.05542923,0.05784213,0.057962324
152,0.060727593,0.060556628,0.059403956,0.05945783,0.065991916,0.065313734,0.06149105,0.068584725,0.06601909,0.06419679,0.06429632,0.062071502,0.06299808,0.059329536,0.0600439,0.05951738
153,0.061018676,0.06201623,0.06461199,0.068088815,0.064182565,0.063360244,0.06319992,0.062596984,0.061491,0.06119538,0.06558932,0.06534377,0.061434295,0.057183105,0.058787983,0.059899706
154,0.0697634,0.071753375,0.069245316,0.062224977,0.05722055,0.05293432,0.0728455,0.06010423,0.058527485,0.060332008,0.06489321,0.06121734,0.055841636,0.06143034,0.05807145,0.06359493
155,0.054346178,0.054306302,0.05635009,0.06508241,0.069983274,0.07153317,0.055094693,0.066276036,0.065282136,0.062901534,0.062619686,0.06833334,0.069979206,0.057492632,0.062666744,0.057752572
156,0.053186134,0.052602652,0.054166157,0.061557982,0.07180834,0.07471226,0.053696346,0.07103956,0.069112755,0.06403384,0.0637473,0.06684429,0.07102595,0.05586421,0.06140117,0.05520101
157,0.065992594,0.06611553,0.06639608,0.06383038,0.06011198,0.058099,0.06814589,0.06712138,0.06440701,0.06289154,0.06860436,0.06261144,0.058043312,0.0552688,0.055277772,0.057082925
158,0.06964817,0.07108559,0.070476875,0.06689411,0.059461493,0.05614025,0.0711136,0.056415208,0.056409303,0.05888459,0.06332458,0.060693193,0.05597662,0.060002044,0.059116613,0.064357765
159,0.06073735,0.061039243,0.0631228,0.06927404,0.06471295,0.064635806,0.060978096,0.063550726,0.06311063,0.061291683,0.06489551,0.066915825,0.06437942,0.054836858,0.05962942,0.056889642
160,0.064197384,0.064467214,0.065618016,0.065473996,0.06445197,0.06409909,0.06661294,0.061616674,0.061587367,0.06020458,0.064487375,0.06321106,0.06164555,0.05531935,0.057455566,0.059551872
161,0.074733965,0.07724623,0.077054545,0.06893716,0.054354317,0.049984124,0.0784121,0.054508615,0.05417012,0.057059973,0.064550385,0.059987005,0.05230983,0.057973657,0.055775877,0.062942095
162,0.0615474,0.061468758,0.0608491,0.06069378,0.062976025,0.061440837,0.06193267,0.068255715,0.06528249,0.06397576,0.06559303,0.062001705,0.06209448,0.06078107,0.06127305,0.05983417
163,0.051824447,0.0510219,0.05316557,0.062165573,0.07223129,0.07574536,0.05127136,0.072429,0.06980791,0.065066,0.06413291,0.06611067,0.07059685,0.05652428,0.062422838,0.05548401
164,0.061847843,0.062538184,0.06284688,0.06442286,0.06264436,0.06081431,0.06275818,0.063710205,0.06202945,0.06213642,0.06443945,0.06373758,0.062072314,0.060876954,0.06187967,0.061245378
165,0.055716842,0.05572255,0.056294773,0.06128725,0.067642964,0.06813899,0.055327237,0.06954834,0.067005284,0.06428838,0.06432818,0.06519636,0.06717523,0.060207456,0.06341001,0.058710154
166,0.08001006,0.081333764,0.07723554,0.06056233,0.05228033,0.047098078,0.08437846,0.058991175,0.05694936,0.05897039,0.06729233,0.05522368,0.04839491,0.057200637,0.051974766,0.06210418
167,0.06813652,0.068948485,0.06678429,0.06113743,0.05900699,0.05549937,0.06992609,0.06230317,0.060569912,0.061375525,0.064947575,0.060313173,0.05727692,0.0615029,0.059594475,0.062677115
168,0.06986819,0.07057888,0.06920078,0.062405065,0.056549996,0.052642,0.07134123,0.06309365,0.060701746,0.061655648,0.0676697,0.059454676,0.05448982,0.060548972,0.057654683,0.062144965
169,0.06409383,0.06435331,0.065194644,0.06564603,0.06186095,0.06028962,0.06421179,0.06407487,0.062688686,0.06161934,0.06588065,0.06307655,0.060722344,0.057797857,0.05941166,0.059077848
170,0.057660427,0.05796477,0.058782395,0.06264391,0.06724019,0.06751157,0.05810424,0.06638241,0.06453066,0.0630201,0.06352866,0.064526655,0.06568912,0.059993353,0.06234908,0.060072493
171,0.06840425,0.06849805,0.06839849,0.064773746,0.05955437,0.05747754,0.06907107,0.06469736,0.062358,0.062080022,0.06659744,0.06040036,0.057096243,0.056079473,0.05615549,0.058358125
172,0.0741771,0.0751973,0.07241054,0.0645894,0.054843187,0.050157733,0.07434279,0.05987486,0.05812849,0.06071084,0.06552374,0.05876251,0.052819487,0.059517175,0.056627404,0.062317517
173,0.059710596,0.060398445,0.059566785,0.060718153,0.06478104,0.06315595,0.060731586,0.06569772,0.06380991,0.063016266,0.064185865,0.06391758,0.063293636,0.062299654,0.062719956,0.061996855
174,0.055338137,0.05538865,0.05907825,0.07063346,0.06962359,0.072585054,0.05610178,0.06426264,0.06384225,0.061472923,0.062783904,0.068594664,0.06905351,0.05419405,0.061069097,0.05597799
175,0.06288623,0.063056655,0.061457805,0.059815094,0.06258414,0.06025038,0.0631399,0.06577585,0.06329029,0.0634392,0.06434459,0.06068177,0.06055851,0.06344656,0.062409773,0.062863216
176,0.053372025,0.05375686,0.055498887,0.0644468,0.06981008,0.07132135,0.053114258,0.06671018,0.06526705,0.06314492,0.06275983,0.06741957,0.06963204,0.059813485,0.06475929,0.05917331
177,0.061717145,0.062196452,0.060302194,0.059032023,0.06277981,0.060239848,0.061928704,0.06621352,0.06324682,0.06397995,0.063996755,0.061122674,0.06087601,0.06505932,0.06334025,0.06396857
178,0.062193688,0.061358914,0.061800007,0.06328592,0.06615965,0.06656534,0.062301148,0.06688476,0.06524765,0.063048065,0.06439211,0.06229918,0.06307384,0.0556756,0.058524027,0.05719006
179,0.056161955,0.055037327,0.057344474,0.06302281,0.06848309,0.07127344,0.055423684,0.073845595,0.07051647,0.064907484,0.06655595,0.06542513,0.067544736,0.053246092,0.058183704,0.053028084
180,0.06413531,0.06337376,0.06380036,0.064645976,0.06573529,0.06621655,0.06478185,0.06637094,0.06491298,0.062567584,0.06439405,0.061963234,0.061653525,0.05350025,0.056272954,0.05567538
181,0.07292909,0.07323039,0.073220134,0.0672647,0.056172226,0.053114466,0.07408115,0.06139655,0.059939053,0.060115203,0.06768812,0.059819713,0.05384153,0.0545765,0.054506175,0.05810495
182,0.052798055,0.051824644,0.054591857,0.064901,0.071949795,0.076065,0.05228267,0.071016416,0.06920167,0.0640717,0.06336552,0.06692505,0.071989395,0.0539825,0.06160034,0.053434398
183,0.061411265,0.061480265,0.06363536,0.06882573,0.065154925,0.06522341,0.0618382,0.06289379,0.06253107,0.061028738,0.06445904,0.065427944,0.06386812,0.05512947,0.059688613,0.057404052
184,0.07128497,0.07165345,0.06671681,0.05797498,0.05801664,0.053594813,0.072692744,0.06342779,0.061123747,0.06271407,0.06439362,0.058160663,0.055035017,0.06216539,0.05798853,0.06305676
185,0.06453374,0.0648965,0.064295374,0.06299434,0.06303923,0.06116687,0.06607985,0.06359499,0.062579714,0.061782137,0.064875044,0.06239048,0.06037829,0.058203258,0.059227314,0.05996288
186,0.058627225,0.05817156,0.059394207,0.06396614,0.067378834,0.06851343,0.058346737,0.06810581,0.06645165,0.06320047,0.06444523,0.06482811,0.066404425,0.05575798,0.060007073,0.056401107
187,0.06901938,0.07009289,0.07008261,0.06660627,0.055767383,0.052198153,0.069879316,0.062467504,0.060481567,0.060853675,0.06791875,0.06280643,0.056338895,0.058256146,0.05773,0.059501052
188,0.05441158,0.053566653,0.05426579,0.061900266,0.073177546,0.07617722,0.053668607,0.068076134,0.066968404,0.063837476,0.060440637,0.06499023,0.070933476,0.057347756,0.0631645,0.057073735
189,0.054154158,0.05287204,0.054069538,0.061486162,0.072626166,0.076165974,0.053110287,0.07187606,0.069716685,0.064986624,0.06245605,0.06458508,0.07036783,0.055331055,0.06135484,0.054841466
190,0.06577866,0.06728841,0.06895293,0.070879616,0.061437164,0.05930381,0.067758694,0.05660351,0.056969024,0.058666606,0.06357274,0.06435797,0.059205998,0.057704613,0.059307978,0.06221226
191,0.05647946,0.05648564,0.057068873,0.06164835,0.0695196,0.07056987,0.056987256,0.0672532,0.065413356,0.06350946,0.062614664,0.064127594,0.066690125,0.059596144,0.062422227,0.059614185
192,0.05667011,0.05666988,0.05808966,0.064131245,0.06791046,0.06861473,0.056626163,0.066874005,0.0652628,0.0632517,0.0639452,0.06561127,0.066674806,0.05863465,0.06233564,0.05869768
193,0.06472512,0.0639737,0.065036826,0.06467417,0.06348417,0.06355464,0.06548995,0.0668433,0.06486831,0.06250795,0.06619181,0.062016264,0.060646106,0.05373753,0.05626568,0.055984486
194,0.054332253,0.053822495,0.0554697,0.062630706,0.06939257,0.07131655,0.05354202,0.070424676,0.06783029,0.06434589,0.06353495,0.06551491,0.069502376,0.058302954,0.06353266,0.056505002
195,0.06424792,0.06476742,0.0646382,0.06507931,0.061095048,0.05888295,0.064158104,0.06383661,0.061933342,0.06231346,0.064696565,0.06270116,0.06045778,0.059915435,0.060864102,0.060412623
196,0.06531154,0.06460094,0.06251957,0.05942478,0.06184006,0.05992383,0.065438606,0.06897645,0.06581266,0.064397015,0.06571976,0.06025909,0.059918012,0.05874936,0.058790676,0.05831766
197,0.06263079,0.06247039,0.06327003,0.065316536,0.063807815,0.0628443,0.06269843,0.06402206,0.0630959,0.061933644,0.06534513,0.06318182,0.06189126,0.05762679,0.060162086,0.059703022
198,0.059790492,0.059607603,0.06049326,0.063909784,0.06645445,0.06652675,0.0601881,0.066558525,0.06510486,0.06278425,0.06453075,0.0646196,0.06473702,0.05680383,0.060003217,0.057887506
199,0.05747241,0.057452217,0.057534344,0.06180262,0.068376966,0.0687274,0.057579324,0.06722986,0.0657188,0.063270405,0.063020155,0.06506532,0.067111,0.05881271,0.062204506,0.05862199
200,0.06247225,0.062745884,0.0630453,0.06662358,0.06262695,0.060843896,0.06167595,0.062502354,0.06170111,0.061884858,0.064023614,0.06407939,0.06251473,0.059932813,0.062812276,0.0605151
201,0.06048264,0.06153445,0.061603546,0.06328321,0.06267422,0.06051649,0.06135158,0.064281076,0.06225914,0.06255188,0.06497787,0.06454931,0.06212364,0.06274584,0.06258862,0.062476426
202,0.055113886,0.054498374,0.055742554,0.061994374,0.07120016,0.073361024,0.05622798,0.06807987,0.06681564,0.06371636,0.06274748,0.064651325,0.06845566,0.057526704,0.06183757,0.05803105
203,0.082508735,0.08600496,0.08302562,0.0660999,0.04837646,0.04169046,0.08833042,0.05183259,0.051150423,0.055537775,0.06714293,0.05650047,0.04530284,0.058546428,0.05261724,0.06533271
204,0.05777119,0.05711321,0.058181517,0.06275945,0.06775054,0.06863158,0.057937328,0.06838256,0.06674513,0.06336864,0.06417025,0.0647362,0.067190245,0.057105634,0.06147784,0.056678675
205,0.0659227,0.06652333,0.066274844,0.06395894,0.06111716,0.05849345,0.06823613,0.061378293,0.060586415,0.06088422,0.0650902,0.0616179,0.058835384,0.059613984,0.05946674,0.062000304
206,0.06665579,0.06757925,0.06645749,0.06319859,0.060339186,0.057543516,0.06841396,0.062023256,0.06060705,0.061274465,0.06452136,0.061657175,0.058541268,0.06011594,0.059129506,0.061942197
207,0.053235788,0.054109238,0.057070963,0.06832143,0.06865744,0.0696355,0.053683322,0.06312085,0.06282816,0.06149002,0.06289768,0.06929155,0.06973672,0.05990984,0.06583974,0.060171783
208,0.06514854,0.06629194,0.06577411,0.06423273,0.05991929,0.05708374,0.06692159,0.062853865,0.06102392,0.061662078,0.06582077,0.06319152,0.058796804,0.060299397,0.05962067,0.061359037
209,0.06828719,0.06984713,0.06711286,0.05987553,0.05665645,0.052146398,0.07081813,0.06361459,0.0606522,0.062203545,0.06694528,0.060385842,0.05512548,0.06345199,0.058936555,0.0639408
210,0.07585663,0.077548385,0.07641344,0.06701385,0.054551512,0.050314687,0.079096526,0.056704935,0.05569334,0.05821496,0.065349676,0.058652207,0.051564034,0.056908842,0.05437675,0.061740216
211,0.051762514,0.051295426,0.052698545,0.061096765,0.072596654,0.07540156,0.05134247,0.069259144,0.06732636,0.06426177,0.06132373,0.06561637,0.07192294,0.060162578,0.06573531,0.058197796
212,0.057965986,0.05788801,0.05733251,0.058858596,0.066062525,0.06564988,0.05772392,0.06981986,0.066552535,0.064659566,0.06420803,0.06231884,0.06480442,0.062428936,0.06329214,0.060434256
213,0.05434008,0.054186337,0.05572627,0.06310736,0.069723055,0.07129373,0.05394705,0.06827619,0.06660096,0.063555494,0.063386254,0.065717176,0.0692167,0.05891514,0.06398478,0.05802346
214,0.06470726,0.06575417,0.06523077,0.06594615,0.062232953,0.05975344,0.06529317,0.059207655,0.058877464,0.060347706,0.062361967,0.0632531,0.060773328,0.0611457,0.06197988,0.06313535
