,AV1,AV2,AV3,BA,FI1,FI2,HS,IM1,IM2,IM3,IM4,PE1,PE2,VA1,VA2,VA3
0,0.057174925,0.057936396,0.057882994,0.058299057,0.06471811,0.06760504,0.057486024,0.06828185,0.06653343,0.06715624,0.063091524,0.06292228,0.06520131,0.06076134,0.062796585,0.062152855
1,0.06629708,0.06881643,0.06762284,0.06003099,0.05868933,0.06018724,0.06785524,0.064992905,0.0622743,0.06419288,0.06471696,0.05916029,0.057664573,0.05876284,0.057594832,0.061141215
2,0.062047847,0.06359888,0.063382454,0.060845524,0.0617895,0.064141095,0.06307393,0.0647844,0.06286833,0.064581476,0.06309559,0.061891366,0.06214495,0.059722096,0.060607377,0.061425146
3,0.06620531,0.06844962,0.06782811,0.060653187,0.059594516,0.06202088,0.06755958,0.06609427,0.06357099,0.064759426,0.06550718,0.058763385,0.05737095,0.056275804,0.05574103,0.05960581
4,0.059707265,0.060120605,0.06039847,0.060391523,0.06520639,0.06932307,0.060101807,0.0679229,0.066256866,0.06611614,0.06267861,0.06268207,0.065321684,0.05587065,0.059738144,0.05816382
5,0.059367206,0.060805917,0.059405107,0.056393452,0.06367401,0.066229224,0.060166053,0.068145946,0.06630657,0.0668431,0.06391691,0.061761823,0.062192176,0.060888264,0.060404986,0.06349926
6,0.059036493,0.060014922,0.06205504,0.0652678,0.06622422,0.07148296,0.06038086,0.06333217,0.06288,0.063918054,0.06186644,0.065188855,0.06611628,0.054429054,0.05949164,0.05831519
7,0.06297022,0.06491809,0.062200613,0.057263628,0.061044738,0.061063398,0.06585952,0.059385337,0.05821032,0.06326255,0.059354536,0.059917185,0.059530936,0.06995796,0.06503724,0.07002371
8,0.059033703,0.05982582,0.060151752,0.059370786,0.06529955,0.06907422,0.05957388,0.06611273,0.06478719,0.06591545,0.06210709,0.061340306,0.06381201,0.05983837,0.06173342,0.06202372
9,0.06162956,0.06357173,0.063729785,0.059657674,0.061125364,0.06381022,0.062368244,0.06647905,0.06424154,0.06545053,0.06520736,0.060060795,0.059548747,0.06055336,0.059741456,0.06282462
10,0.064743206,0.066657946,0.06562168,0.05928893,0.059802998,0.06120024,0.06593546,0.063697375,0.061524246,0.064452976,0.062969126,0.058092482,0.058376078,0.06288567,0.061100498,0.06365107
11,0.056353685,0.0567389,0.057441134,0.061023887,0.06639053,0.06991191,0.05689256,0.062421363,0.062142715,0.06482251,0.059378967,0.06383267,0.067632355,0.06364683,0.06707977,0.06429028
12,0.05858213,0.060164038,0.060340293,0.060167864,0.062660694,0.064694956,0.05962771,0.06582695,0.0638179,0.06580919,0.06385692,0.06329104,0.06252554,0.06222617,0.062239733,0.06416882
13,0.06649621,0.0692453,0.0647856,0.053974893,0.05635153,0.05539989,0.068166226,0.06731106,0.063608155,0.06563924,0.06563572,0.057526994,0.05533575,0.065696016,0.059259564,0.06556788
14,0.064518265,0.06749203,0.06799006,0.06539042,0.059017535,0.06047415,0.06576679,0.05925465,0.05742293,0.06202155,0.062155426,0.061358854,0.05852364,0.06259256,0.06169575,0.064325355
15,0.06239005,0.06419265,0.061978184,0.05615891,0.059496365,0.05982102,0.063558854,0.06702931,0.06424772,0.0663246,0.064301185,0.059543163,0.059403755,0.064944744,0.061670043,0.064939514
16,0.06605543,0.06859635,0.06735201,0.05958579,0.060684107,0.063273996,0.0684623,0.06458646,0.06266341,0.063308775,0.064903155,0.059483826,0.05791435,0.056430053,0.05602259,0.060677446
17,0.057642497,0.05793252,0.059038535,0.062455893,0.06628033,0.07058421,0.058120515,0.06396342,0.06330406,0.06493325,0.05985313,0.06421799,0.06832295,0.05914707,0.064250655,0.05995298
18,0.063475356,0.065361045,0.06541115,0.061825056,0.06294225,0.066609845,0.06458871,0.062707745,0.06189358,0.06328953,0.06327635,0.060261574,0.060325734,0.05752957,0.058911905,0.0615906
19,0.053071473,0.052756168,0.051896695,0.052997965,0.06702201,0.07046908,0.052839972,0.073828116,0.07181013,0.07032597,0.06279238,0.063228905,0.068852834,0.061717995,0.06400448,0.06238582
20,0.063550346,0.06622023,0.06687825,0.066967785,0.06165125,0.06410985,0.06539815,0.056673307,0.05610248,0.061013382,0.059942435,0.06364667,0.06114877,0.060997706,0.061723717,0.063975625
21,0.059558302,0.06038514,0.060162228,0.058967702,0.065180816,0.068642065,0.060780372,0.064859554,0.0640305,0.06525286,0.06170223,0.061502006,0.064191684,0.060119316,0.062026773,0.06263848
22,0.06309459,0.0649755,0.064035185,0.059863064,0.061413083,0.06337407,0.06412748,0.063092865,0.06153254,0.06437516,0.062669635,0.060105477,0.05963654,0.06229692,0.061075017,0.06433289
23,0.063587956,0.06555556,0.06568995,0.0632501,0.062449466,0.06525566,0.06554692,0.059345886,0.05863539,0.062098015,0.060544197,0.061245814,0.061149955,0.06074118,0.061414033,0.06348995
24,0.069470055,0.073252626,0.07383482,0.06493998,0.055707447,0.05729305,0.07136042,0.06309311,0.060011577,0.06251503,0.06691338,0.058014587,0.053565837,0.05615573,0.05461923,0.059253145
25,0.058151636,0.059015065,0.05909301,0.059363697,0.06378057,0.0663197,0.05866986,0.06693844,0.06513233,0.066592745,0.06294232,0.06277244,0.064472646,0.06127017,0.06286594,0.062619485
26,0.06290825,0.06485034,0.06435571,0.05826877,0.059072237,0.060626388,0.06322855,0.07063107,0.06675467,0.06708183,0.067055866,0.05913143,0.058361325,0.05934648,0.058086462,0.060240686
27,0.0626878,0.06385185,0.064871006,0.06400031,0.06529048,0.07040707,0.063936606,0.059860833,0.05997225,0.062146563,0.05997792,0.061500177,0.06364999,0.056872763,0.060601182,0.060373217
28,0.06174497,0.06293916,0.06241857,0.057882298,0.06330519,0.06674514,0.063178524,0.06748586,0.065958135,0.06561634,0.0644726,0.05924871,0.06111027,0.057965524,0.058834195,0.06109458
29,0.057127677,0.057309534,0.05788471,0.060465142,0.06680273,0.07132536,0.057216145,0.0659612,0.065301545,0.06559822,0.060728718,0.063966684,0.06859028,0.058560934,0.06359169,0.059569385
30,0.055785332,0.056308985,0.056892157,0.0595125,0.0668387,0.07112178,0.055913866,0.06597019,0.065264076,0.06616342,0.06142945,0.06416345,0.06724773,0.06070011,0.06406993,0.062618285
31,0.06466845,0.06661897,0.06590657,0.059684567,0.060603853,0.06284865,0.06554464,0.06390493,0.061906304,0.06403188,0.06337787,0.058280222,0.05859948,0.06101189,0.06007275,0.06293897
32,0.06031586,0.061875526,0.062072147,0.06156123,0.0628601,0.065419644,0.060556397,0.064831294,0.062995195,0.06494918,0.06219855,0.06274272,0.06360432,0.0603363,0.061957892,0.061723653
33,0.06839572,0.071650274,0.071158744,0.06427897,0.05969155,0.062026564,0.070907675,0.05774854,0.056712728,0.060827926,0.06161535,0.058684286,0.056171022,0.059261482,0.05778462,0.063084595
34,0.05946555,0.05987666,0.058054883,0.052677266,0.06281818,0.06570797,0.058582876,0.076155126,0.0726647,0.07038789,0.066269584,0.057525605,0.06129991,0.059039958,0.058794733,0.060679067
35,0.056647513,0.057002332,0.057033587,0.057563998,0.06375985,0.066243894,0.056119658,0.07191053,0.06911735,0.06904829,0.063742645,0.06289958,0.066091366,0.0602778,0.06251361,0.06002794
36,0.0641322,0.06614797,0.06419829,0.058377672,0.05983089,0.06080615,0.06512373,0.063710816,0.061577197,0.06443715,0.06237881,0.059270296,0.059776388,0.06386031,0.062077813,0.064294286
37,0.062240034,0.06390442,0.06329539,0.060090642,0.06188112,0.06402913,0.06414545,0.06206459,0.06113794,0.063745864,0.06211181,0.060911193,0.061635662,0.06234695,0.062343027,0.064116806
38,0.06285914,0.06535243,0.066235356,0.063423894,0.06275967,0.066442005,0.06542318,0.062180232,0.06113181,0.06261354,0.0639279,0.061976705,0.060047854,0.056545984,0.057612244,0.061468072
39,0.06011926,0.060986985,0.06221939,0.06503667,0.06546337,0.069644056,0.060915783,0.061122354,0.060770255,0.06358394,0.060096815,0.06388439,0.065286785,0.05793536,0.062001698,0.06093288
40,0.06306172,0.06454234,0.063793555,0.05968611,0.06443572,0.06834286,0.0646834,0.06193425,0.061379172,0.063220866,0.061093733,0.059567004,0.060994036,0.059689276,0.060115557,0.06346032
41,0.0643631,0.06667104,0.06443162,0.05700768,0.059267078,0.06016468,0.065784305,0.06726041,0.06433605,0.065559536,0.06552513,0.05949178,0.057979874,0.06086392,0.058304276,0.06298954
42,0.0588197,0.060049143,0.060473364,0.05946164,0.061505556,0.063478895,0.059313532,0.06975184,0.06689565,0.06751645,0.06587947,0.062282886,0.062187247,0.06024619,0.06097454,0.061163872
43,0.06297175,0.064973824,0.06306035,0.058533378,0.060822725,0.061923034,0.064003944,0.062947884,0.061143316,0.064640924,0.06182727,0.05979638,0.059708077,0.064962804,0.06255681,0.06612755
44,0.055656217,0.056288045,0.056157418,0.056288045,0.06384119,0.06637996,0.055364028,0.07356244,0.07058389,0.069674134,0.06550576,0.062541425,0.064501934,0.06068029,0.061606582,0.061368603
45,0.061667114,0.06287746,0.061730538,0.05715595,0.062813684,0.0651672,0.06272042,0.06599033,0.06423677,0.0657721,0.06270008,0.059243806,0.06104958,0.06199289,0.061317436,0.0635646
46,0.06184851,0.063382484,0.06164152,0.056695376,0.06215308,0.0638774,0.06346448,0.06665787,0.06473234,0.065910354,0.06366302,0.060301162,0.060822688,0.06138747,0.060125824,0.06333642
47,0.054246113,0.05400702,0.05389177,0.055468738,0.06672254,0.07010352,0.054865774,0.071422994,0.06992737,0.068764746,0.06278817,0.06327771,0.068404764,0.06095445,0.06397657,0.061177757
48,0.058023434,0.058760233,0.05905986,0.057160687,0.06228941,0.064914815,0.058126383,0.07424506,0.07091318,0.06944138,0.06759776,0.060633466,0.06189999,0.058188956,0.059091102,0.059654333
49,0.057364136,0.057888385,0.05791416,0.05730301,0.06575354,0.07012351,0.057002317,0.068871446,0.06745364,0.067384325,0.06291581,0.060643774,0.06464069,0.06010944,0.062453616,0.062178176
50,0.05740987,0.0582688,0.060118962,0.06431913,0.06625749,0.07091185,0.05878412,0.06348073,0.06315514,0.06415473,0.06190829,0.065790825,0.06700475,0.05683432,0.06166736,0.05993364
51,0.057788663,0.05836697,0.058314405,0.058401633,0.06558944,0.0690526,0.059303217,0.066490926,0.06579735,0.06607836,0.06283087,0.06339432,0.06557072,0.059278987,0.061773237,0.06196826
52,0.05146032,0.051237717,0.05288043,0.060359783,0.069658354,0.0757522,0.05135526,0.071161985,0.070068456,0.06853319,0.061645593,0.068462,0.07331261,0.055015706,0.062195875,0.056900546
53,0.062196672,0.06482089,0.0661501,0.06444479,0.060632993,0.063384786,0.0630644,0.062899545,0.06096375,0.0633278,0.06461783,0.062362287,0.059843216,0.059219506,0.059846967,0.062224522
54,0.059294034,0.059622895,0.059685647,0.059154913,0.06436969,0.067380436,0.05957486,0.06681315,0.06527154,0.066692255,0.06207659,0.061567746,0.06470835,0.06022439,0.06250231,0.061061163
55,0.058586165,0.059749093,0.06263771,0.06912695,0.06453437,0.06847493,0.060131114,0.061360158,0.06084933,0.062863715,0.06167132,0.06788053,0.06741791,0.05553044,0.06156289,0.057623338
56,0.060097814,0.062141094,0.06283355,0.061335392,0.060559407,0.06318298,0.060833503,0.07065954,0.06752773,0.067009084,0.06864441,0.063486084,0.060349986,0.05551399,0.05662429,0.059201207
57,0.062369734,0.064030685,0.06376922,0.06065907,0.062351022,0.06500031,0.0638162,0.06458828,0.0628695,0.06447765,0.063059576,0.061138008,0.06129033,0.059179343,0.059854906,0.061546188
58,0.060607117,0.061377443,0.062244594,0.06318267,0.065559395,0.07005099,0.061007626,0.061984908,0.061475165,0.063559346,0.06019812,0.06271613,0.0652489,0.05797069,0.06199735,0.060819596
59,0.056243815,0.056767575,0.058637716,0.06312241,0.06560385,0.06958722,0.056616142,0.06609631,0.064820275,0.06626328,0.062235974,0.06561042,0.0671978,0.058422815,0.06287805,0.059896354
60,0.06436473,0.06618009,0.06470795,0.05837798,0.06290967,0.06592522,0.06675822,0.06315454,0.062051885,0.063575245,0.06198927,0.05886634,0.059822347,0.059411477,0.058919698,0.06298534
61,0.06970099,0.07298005,0.069383755,0.056998044,0.055869136,0.055596717,0.0717851,0.06316939,0.060223967,0.06340017,0.06449721,0.05566608,0.05360035,0.063866295,0.058345176,0.064917594
62,0.058059677,0.059227243,0.058772214,0.0571404,0.06350074,0.06585295,0.05907692,0.06674273,0.06525853,0.06645525,0.06362366,0.06058935,0.0621927,0.06427435,0.063481025,0.06575229
63,0.054815676,0.055736862,0.057454474,0.061346866,0.06453143,0.06799724,0.055654153,0.06984759,0.06778389,0.06778371,0.06548682,0.066662386,0.066254616,0.057658795,0.06099142,0.059994068
64,0.058848687,0.059433647,0.06026763,0.060991958,0.06383242,0.06674699,0.05903304,0.066524334,0.06466111,0.066573255,0.062156927,0.06197151,0.064466886,0.060419746,0.062777214,0.06129464
65,0.063806854,0.06573065,0.06478205,0.058874,0.059773687,0.061504267,0.064910196,0.066585824,0.06409637,0.065507896,0.065282226,0.059123006,0.058761213,0.060141653,0.059174754,0.061945334
66,0.056665346,0.056791145,0.05632992,0.055324823,0.06418256,0.06783267,0.055857837,0.07865469,0.074661255,0.07138415,0.06669957,0.062220126,0.06446346,0.05504076,0.057300087,0.056591652
67,0.05629648,0.05689055,0.05722464,0.05878859,0.06607776,0.06998785,0.056747057,0.06911724,0.06769046,0.06717658,0.063190214,0.0643389,0.066933945,0.057965904,0.061484724,0.060089074
68,0.060575366,0.061501574,0.06196083,0.06127307,0.06424147,0.067746915,0.061319612,0.06374918,0.062758796,0.06470086,0.061458092,0.061257917,0.063395716,0.05993227,0.06233589,0.061792452
69,0.058383826,0.059086673,0.058840714,0.05818904,0.06428686,0.067005925,0.05889586,0.06789204,0.0662263,0.06687211,0.063044526,0.062014017,0.064552955,0.060493916,0.062359184,0.061856028
70,0.061168548,0.06327368,0.06322243,0.061546158,0.06330234,0.066098444,0.063131586,0.061950497,0.061127674,0.06334481,0.06232407,0.06263698,0.061965518,0.060339175,0.060815636,0.063752435
71,0.05702074,0.057342894,0.058620535,0.062247038,0.06634237,0.07033258,0.05764912,0.064152844,0.06371139,0.065288514,0.060712416,0.064447954,0.06788358,0.059418805,0.06409242,0.06073678
72,0.06343415,0.06497386,0.064435974,0.0614888,0.06249388,0.06514109,0.06448113,0.06250823,0.06126308,0.06415614,0.061610922,0.06044744,0.060736332,0.059975322,0.060270824,0.0625828
73,0.05870144,0.05996781,0.060399722,0.06253111,0.0643193,0.067279264,0.059785303,0.062459912,0.06169224,0.06387928,0.060747787,0.06498021,0.06661203,0.06069919,0.06391465,0.062030744
74,0.057484593,0.057862107,0.05797837,0.05773575,0.06665827,0.07102597,0.05872763,0.06756122,0.06701207,0.0662549,0.062790126,0.062254597,0.06597688,0.058264617,0.06132481,0.06108813
75,0.063262284,0.06483841,0.06300524,0.05607536,0.06175436,0.064207256,0.064744994,0.06844654,0.066128686,0.06621244,0.065062806,0.058589846,0.058992576,0.058939084,0.05764472,0.062095385
76,0.055542197,0.055646308,0.057309456,0.06056479,0.06816428,0.07432244,0.055554405,0.06956296,0.0689695,0.066951886,0.06373704,0.06310402,0.06721302,0.05501541,0.060172323,0.05816994
77,0.059685048,0.060579333,0.059057955,0.054711267,0.06266286,0.06508263,0.06006586,0.07271709,0.06995512,0.06842828,0.06571574,0.060267873,0.06251303,0.058914214,0.05921528,0.060428407
78,0.06303028,0.063981555,0.061821435,0.0554387,0.061904322,0.06400372,0.063632786,0.06829106,0.06585046,0.06724508,0.06302141,0.05727011,0.059920114,0.061368044,0.060171247,0.06304967
79,0.06188969,0.063486084,0.06260742,0.058073338,0.06011739,0.061230093,0.062553994,0.06787779,0.064941846,0.066791356,0.064691305,0.059619185,0.059830528,0.062433887,0.060947463,0.062908635
80,0.062255584,0.06363902,0.06453983,0.06416155,0.06298151,0.066202424,0.062433206,0.061807323,0.06038167,0.06364357,0.060518324,0.061476253,0.06271574,0.05985217,0.062178228,0.06121363
81,0.06186846,0.06304892,0.06301212,0.061343726,0.063473314,0.066526234,0.062981725,0.062988535,0.06199469,0.06409021,0.061730146,0.06133258,0.062291097,0.059815127,0.061504718,0.061998446
82,0.06111251,0.06190056,0.060797267,0.055373937,0.06316136,0.06677384,0.06096687,0.071675375,0.06918808,0.06782257,0.06541538,0.05772881,0.06048486,0.058288433,0.058637146,0.060673047
83,0.050934985,0.050669927,0.05211187,0.059935942,0.07055326,0.07632454,0.05089219,0.068587534,0.06828551,0.06768506,0.060701508,0.06782175,0.0729317,0.05799861,0.06464415,0.059921436
84,0.059704836,0.060854,0.06087422,0.060278364,0.06390786,0.06700149,0.060328588,0.064940795,0.06372277,0.06520526,0.06268235,0.062015373,0.06328908,0.0603805,0.061993487,0.06282103
85,0.05654946,0.057375453,0.05923115,0.06399584,0.06656088,0.07154689,0.05765472,0.06530927,0.064639665,0.06495315,0.06236201,0.066827275,0.06807654,0.055486623,0.06083727,0.058593765
86,0.060462333,0.0618805,0.06285538,0.063269034,0.06360128,0.06671259,0.062234156,0.06270529,0.06188108,0.063806385,0.06256923,0.06347271,0.06346472,0.05874202,0.06102536,0.061317947
87,0.059093498,0.059621368,0.058228534,0.05491113,0.06293682,0.064787194,0.059051275,0.07100251,0.06806436,0.068723425,0.063361,0.059781075,0.06273303,0.06285327,0.06232688,0.06252462
88,0.054210216,0.054694142,0.057595465,0.064976975,0.067241885,0.07282342,0.05372069,0.06746749,0.06640592,0.0667332,0.063043684,0.06640354,0.0684051,0.05578686,0.06209289,0.058398496
89,0.06216951,0.0637253,0.06437061,0.061901882,0.061897922,0.06486942,0.06298982,0.06363355,0.062143218,0.0641582,0.06321533,0.06072833,0.061011415,0.06003775,0.061195295,0.061952427
90,0.051499117,0.05094071,0.05306655,0.062360995,0.070183896,0.0761855,0.050979495,0.06830812,0.06784103,0.067765385,0.059948012,0.06792555,0.07402802,0.056759622,0.06470093,0.057506997
91,0.06770194,0.06980582,0.06798893,0.059550524,0.059997894,0.06197025,0.06919928,0.061263055,0.059774946,0.062459182,0.061861183,0.057135567,0.057760857,0.060998246,0.059661906,0.06287043
92,0.061199818,0.06318169,0.0656334,0.06681545,0.062114254,0.065899424,0.06263676,0.06367623,0.062233254,0.063465245,0.06501733,0.06493008,0.06256882,0.05443032,0.05792619,0.058271796
93,0.060982257,0.062130388,0.0620413,0.059072852,0.06266325,0.06574062,0.06157534,0.06799215,0.06624532,0.0662621,0.06547505,0.060663134,0.061247833,0.057960406,0.05907245,0.060875535
94,0.059554826,0.060426027,0.059706766,0.056750406,0.061839174,0.06362703,0.05993709,0.070252806,0.067144394,0.067930415,0.06436684,0.06058473,0.06222244,0.06200688,0.06171637,0.061933823
95,0.065088056,0.06815667,0.06589633,0.056384627,0.056578647,0.05669964,0.06621938,0.067256555,0.063475914,0.0653202,0.066964805,0.05759392,0.054851864,0.06479907,0.059152827,0.06556155
96,0.06490007,0.06677336,0.06732318,0.06181147,0.060946316,0.064538345,0.066089116,0.06739005,0.06541912,0.06469637,0.0665867,0.058889914,0.05898681,0.053230055,0.055169813,0.0572493
97,0.060742002,0.061885413,0.06252369,0.06163981,0.06440315,0.068359,0.06249521,0.066490196,0.06539642,0.06489865,0.0643078,0.0633574,0.06389396,0.054250848,0.05748546,0.05787099
98,0.07140895,0.076023355,0.07394932,0.062139794,0.056569014,0.05765552,0.073231615,0.056913678,0.055247687,0.059980717,0.062548205,0.05575933,0.052279722,0.062291097,0.057449304,0.06655262
99,0.062439382,0.06359515,0.06391133,0.060981404,0.06271537,0.065888986,0.06359278,0.06569775,0.06395671,0.06490373,0.06315122,0.060604747,0.062035028,0.05768745,0.059329078,0.05950989
100,0.055615973,0.05591196,0.055970024,0.056384597,0.06402229,0.06640211,0.055964872,0.072543725,0.06961535,0.06930157,0.064261384,0.06273449,0.06561374,0.061505355,0.06284179,0.0613108
101,0.06521301,0.06819813,0.06778523,0.062406767,0.05946022,0.0610628,0.067211,0.060679052,0.05892373,0.062332433,0.06302481,0.060463082,0.058037948,0.061458007,0.05985001,0.06389375
102,0.057810046,0.057939943,0.05811732,0.05857589,0.065715484,0.06935563,0.058521558,0.069026485,0.067531236,0.06720383,0.062261604,0.06290455,0.067186214,0.05768371,0.061520465,0.05864603
103,0.060321424,0.061583176,0.06312474,0.0650534,0.065706454,0.07051621,0.062227033,0.060075924,0.060172454,0.062448148,0.060536627,0.06368733,0.06474268,0.057330042,0.061321612,0.06115276
104,0.065039515,0.067455634,0.06651452,0.05801828,0.058059108,0.059978228,0.0656406,0.070496164,0.06732312,0.06612369,0.06971051,0.058279045,0.05633581,0.056365184,0.05519114,0.05946944
105,0.063077,0.06566818,0.064344235,0.059078485,0.059255287,0.060075425,0.06427741,0.064304434,0.06171822,0.06483745,0.06408735,0.0603933,0.058273807,0.06420033,0.0610377,0.06537139
106,0.063579574,0.06568258,0.06343991,0.055186078,0.059762277,0.06088862,0.06590269,0.068601005,0.06594543,0.06579096,0.06659265,0.05836553,0.057925362,0.060803905,0.057956528,0.06357683
107,0.06334422,0.06539268,0.065394945,0.060839154,0.060939368,0.06358388,0.06475258,0.064940445,0.06292622,0.06452599,0.064391084,0.05965599,0.05939011,0.05923066,0.059010517,0.06168223
108,0.069787696,0.07400021,0.07805869,0.07470756,0.05784339,0.0612098,0.0735183,0.05385676,0.05283249,0.057216056,0.062103618,0.061258215,0.056468904,0.053244907,0.05557805,0.058315344
109,0.059404533,0.06107403,0.0626673,0.06508779,0.06422799,0.06762531,0.06116813,0.059952464,0.059512984,0.062781684,0.060927827,0.06459877,0.06407578,0.060654607,0.06289613,0.06334468
110,0.06365123,0.06542018,0.064938284,0.060936984,0.06208197,0.064660385,0.06528906,0.063070536,0.061925888,0.063833036,0.06285271,0.060340617,0.06044699,0.05915504,0.05966102,0.06173608
111,0.067913376,0.07053512,0.07004387,0.06273829,0.06003841,0.062778,0.06924638,0.060444683,0.059188258,0.061785363,0.06265507,0.057795625,0.05719579,0.05823924,0.057922814,0.061479677
112,0.06429525,0.066373706,0.06551857,0.061565064,0.06097315,0.06257359,0.06632354,0.06022407,0.05908466,0.062567346,0.06122978,0.06064844,0.060429897,0.06241661,0.062157407,0.06361891
113,0.05667639,0.057288323,0.05826298,0.05960452,0.06545964,0.06928222,0.05788004,0.069606975,0.067897454,0.06744874,0.06462216,0.06423163,0.06513716,0.057003573,0.059757266,0.059840895
114,0.058221284,0.059336748,0.060138226,0.060328294,0.06369167,0.06699125,0.058362123,0.06690275,0.06505005,0.066487454,0.063568406,0.0618921,0.06318525,0.060879346,0.062298477,0.062666565
115,0.055146303,0.05538366,0.055289794,0.055984624,0.06388407,0.06616462,0.054580126,0.07508299,0.071710445,0.07060515,0.06540621,0.063045025,0.06554446,0.060296293,0.061728332,0.06014792
116,0.06013244,0.061033424,0.061254557,0.0605185,0.064598024,0.06820399,0.061641797,0.065920345,0.06487898,0.06506919,0.0631336,0.06298663,0.06446418,0.05686904,0.059654996,0.059640273
117,0.05867125,0.060174737,0.061303835,0.06320221,0.06470201,0.06843824,0.059905384,0.061525494,0.06097391,0.06349096,0.06152176,0.06434228,0.06422037,0.0607804,0.06303917,0.063708
118,0.057470027,0.057982154,0.056922924,0.054391645,0.06374105,0.06600152,0.057536915,0.07101612,0.068668306,0.068468235,0.06365763,0.05991603,0.06393496,0.063449144,0.06346136,0.06338196
119,0.058677156,0.059568927,0.05960694,0.05930075,0.06360659,0.06645062,0.05836218,0.06830762,0.06607203,0.06685059,0.063116506,0.062398963,0.064486414,0.060003817,0.06191109,0.06127978
120,0.058586285,0.05999904,0.061809056,0.065288424,0.0648249,0.068940535,0.059290018,0.06294738,0.062066544,0.06388687,0.06186449,0.065202385,0.06546302,0.057704303,0.06170881,0.060417924
121,0.058063596,0.059168458,0.0596104,0.059167698,0.063244194,0.0660357,0.058521476,0.06884793,0.066568196,0.06700451,0.064257905,0.062478494,0.063996844,0.06010776,0.06166489,0.061261922
122,0.054837126,0.055040218,0.05601682,0.058229018,0.065428585,0.06950525,0.054600827,0.074379966,0.07167989,0.06959169,0.06562226,0.06416071,0.06670687,0.056253996,0.060005903,0.05794086
123,0.056898456,0.0575363,0.057798628,0.05902864,0.06475874,0.06778905,0.05731577,0.067037866,0.06559626,0.066659115,0.062414493,0.063114114,0.06587617,0.061694052,0.06390921,0.06257313
124,0.058384106,0.059024323,0.058619566,0.058897514,0.06735076,0.07147423,0.05999267,0.06326828,0.06324319,0.064247906,0.059937466,0.06301262,0.06671989,0.06003145,0.06270481,0.06309126
125,0.061540093,0.06302302,0.063041076,0.060176387,0.063357025,0.06671137,0.06318918,0.06639062,0.06488935,0.06483329,0.06424758,0.06191711,0.0626795,0.05625801,0.058312405,0.059433963
126,0.059265323,0.060164813,0.06028118,0.060948282,0.06443964,0.06741518,0.059802633,0.06509552,0.06359294,0.06568544,0.061250757,0.06322404,0.06499825,0.06016998,0.062188588,0.06147739
127,0.058895182,0.059952173,0.058211636,0.055260286,0.06295334,0.06399752,0.059646383,0.06631824,0.06435942,0.066515364,0.06178931,0.06018774,0.06260292,0.067303084,0.06523934,0.066768035
128,0.06152556,0.06344385,0.065918654,0.068473265,0.06411813,0.06835715,0.06396933,0.057985093,0.057813928,0.06071497,0.060365763,0.065385915,0.064397804,0.056686137,0.060914043,0.05993041
129,0.056665257,0.057142057,0.05848646,0.060565922,0.06472299,0.06877498,0.05609246,0.06910801,0.06739669,0.067528814,0.06402157,0.062874675,0.065708205,0.058578596,0.06210955,0.060223736
130,0.063569106,0.06534631,0.06410281,0.05898644,0.060840175,0.06237999,0.06460357,0.06440746,0.06235271,0.06481454,0.06277615,0.059423465,0.0598833,0.06227725,0.061007705,0.063229
131,0.063462146,0.06514236,0.062543295,0.055056628,0.059783507,0.060490265,0.06424042,0.067974485,0.06487446,0.06649562,0.06372136,0.057668433,0.058781534,0.064465284,0.061236236,0.06406396
132,0.06771887,0.0712221,0.07093722,0.0633846,0.057672888,0.058943436,0.07018168,0.059570383,0.05749378,0.0621984,0.06344052,0.05790609,0.05440189,0.06181103,0.058307927,0.064809166
133,0.05985404,0.060818154,0.062260173,0.065140456,0.06482143,0.068757735,0.059550744,0.061252482,0.060731634,0.06380869,0.060297713,0.06357063,0.06513212,0.059234027,0.06344691,0.061323103
134,0.060798842,0.061681893,0.060425144,0.05650675,0.06287489,0.06533687,0.061276544,0.06855746,0.0666213,0.06682269,0.06385901,0.05959075,0.062250532,0.060449407,0.06107364,0.061874226
135,0.063478015,0.06562172,0.06943491,0.072518244,0.06320523,0.068302594,0.0655919,0.0560895,0.056101736,0.059619136,0.060486082,0.06413747,0.062281065,0.054711297,0.059547666,0.05887346
136,0.059817985,0.061218414,0.061917346,0.06287321,0.06352773,0.06638765,0.06066429,0.06278446,0.061412472,0.064139925,0.061753772,0.06350863,0.063329294,0.060990173,0.06265021,0.06302441
137,0.058963213,0.060660414,0.061894152,0.06324836,0.06453364,0.06852705,0.05992388,0.0650592,0.063821085,0.06466528,0.06366599,0.06514711,0.0643438,0.05618809,0.059255015,0.06010369
138,0.062217973,0.06338518,0.06359036,0.061290186,0.063935556,0.06768094,0.06274412,0.0622172,0.06150023,0.06390938,0.06080446,0.060048252,0.062679134,0.05979728,0.062002566,0.0621972
139,0.064551845,0.0665481,0.065291606,0.060009338,0.06048561,0.061978094,0.06549858,0.06326595,0.061415162,0.06408282,0.06288123,0.05963689,0.05930813,0.06151166,0.06040847,0.06312653
140,0.056547027,0.05738671,0.058686737,0.061002463,0.06588833,0.07018111,0.05759933,0.06745801,0.06624938,0.066487804,0.063471265,0.064856194,0.06603663,0.05722941,0.06081082,0.060108747
141,0.056834444,0.05771554,0.059479214,0.06532868,0.06811331,0.07381248,0.05747937,0.060411368,0.06070613,0.0631487,0.059187964,0.0663028,0.06787409,0.05824471,0.0636105,0.061750703
142,0.061637808,0.06306153,0.06131889,0.055864546,0.06236849,0.06474758,0.0628902,0.06829178,0.06636366,0.06624519,0.064495176,0.05941096,0.06092783,0.060183596,0.059659712,0.062533066
143,0.06003911,0.061000686,0.06127262,0.058669493,0.062830575,0.06576493,0.060904365,0.069914326,0.06742231,0.06724894,0.06516211,0.060982652,0.062456172,0.057688456,0.059219096,0.059424244
144,0.060139082,0.06162505,0.06391076,0.06677034,0.065369084,0.0702904,0.062073328,0.06136288,0.061010506,0.062437043,0.061517958,0.06540495,0.06567949,0.054546613,0.059530817,0.0583317
145,0.059683826,0.06031058,0.061945014,0.06398228,0.06520477,0.06955548,0.060114253,0.06320264,0.062355053,0.06463623,0.060650773,0.062398978,0.064990036,0.058296733,0.062394436,0.060278896
146,0.061474063,0.062331155,0.06354028,0.062292702,0.0641045,0.068614885,0.06163132,0.06644707,0.06506024,0.065392405,0.063327454,0.060718432,0.06338771,0.054950938,0.05874453,0.05798227
147,0.06287598,0.06471992,0.063399345,0.057759017,0.062154815,0.064974554,0.064793356,0.06734089,0.06543226,0.06548364,0.065660805,0.060047712,0.0590043,0.057703063,0.056916237,0.061734084
148,0.05793115,0.058845613,0.059341542,0.06043424,0.0642572,0.06745281,0.05794326,0.067415886,0.06586194,0.066385254,0.06330142,0.063811935,0.065352865,0.059148945,0.062004376,0.060511548
149,0.06347199,0.06459831,0.063325755,0.05715851,0.059687715,0.061150987,0.063982695,0.06928955,0.06642568,0.066943415,0.06577439,0.058171287,0.05915172,0.060321,0.059499152,0.061047792
150,0.059470344,0.06064928,0.061156407,0.06137866,0.06419419,0.06717388,0.060566045,0.0634657,0.062259335,0.06446888,0.061451852,0.06288476,0.06421395,0.06106263,0.06281752,0.06278657
151,0.06652638,0.06945232,0.06845157,0.0615623,0.058449406,0.059741393,0.06791691,0.06220601,0.05993065,0.06333736,0.06391168,0.058885228,0.056564927,0.060886066,0.058794327,0.06338349
152,0.06459985,0.0658571,0.06528917,0.06035822,0.06283795,0.066114224,0.06596451,0.064613104,0.06306865,0.06412019,0.06247428,0.059229184,0.060835015,0.056715034,0.058178622,0.059744917
153,0.053856947,0.0538678,0.055804346,0.06305415,0.067704275,0.07248424,0.053594597,0.0668313,0.06594769,0.06675679,0.060885157,0.06704405,0.07074857,0.057952154,0.06444399,0.059023954
154,0.06747068,0.07107352,0.07282087,0.06982457,0.059626207,0.062469292,0.07086242,0.0561538,0.055315603,0.05901988,0.062384795,0.062287882,0.05770947,0.055476867,0.056862134,0.060642004
155,0.05949291,0.061185647,0.060416732,0.059794866,0.062106952,0.06357464,0.06048429,0.06320508,0.06169433,0.06470033,0.061946932,0.0637081,0.06329693,0.06477589,0.06420911,0.06540728
156,0.057597987,0.0583055,0.059509568,0.063499734,0.067534715,0.0721627,0.059238523,0.06058945,0.060785808,0.06342298,0.058759093,0.064983465,0.06767327,0.0596741,0.06399292,0.06227018
157,0.05855895,0.059129063,0.059742585,0.06106708,0.066244565,0.070425205,0.05914151,0.064368635,0.06351798,0.06506893,0.060223024,0.06328202,0.06662191,0.05908777,0.06279281,0.060727946
158,0.059514876,0.06080156,0.061170746,0.061951432,0.06331827,0.06588407,0.060350478,0.0641667,0.06255542,0.06509543,0.061810594,0.06355449,0.06396764,0.060942147,0.06264183,0.062274292
159,0.054211196,0.05399086,0.055340722,0.05994428,0.068301484,0.07343858,0.053704716,0.06940274,0.06823882,0.06799871,0.06163613,0.06466374,0.06979407,0.05733892,0.06281038,0.059184693
160,0.06606693,0.068684176,0.06559257,0.055819258,0.057414796,0.057578076,0.06745124,0.066578105,0.063428134,0.06558323,0.06591684,0.05693071,0.05495728,0.06400251,0.05891735,0.065078855
161,0.06208365,0.06416279,0.06643767,0.067660585,0.0627877,0.06689618,0.06388365,0.060598124,0.060121033,0.062294908,0.06358151,0.06379347,0.06176598,0.055479668,0.05869658,0.05975647
162,0.06862894,0.071547404,0.06995185,0.05837707,0.057056405,0.058276843,0.07101377,0.0660717,0.06289554,0.0640697,0.06656491,0.056163546,0.05441057,0.05846268,0.05559015,0.06091898
163,0.061306696,0.06256054,0.06257334,0.060557906,0.065416604,0.06942849,0.063288756,0.063092045,0.062640674,0.06354619,0.061530847,0.061592497,0.06352669,0.05768447,0.05994741,0.06130688
164,0.065863155,0.06841028,0.06572115,0.058217958,0.056599323,0.05573832,0.066445895,0.061539613,0.05852292,0.064066835,0.06163958,0.057805292,0.056286518,0.07043301,0.064432025,0.06827806
165,0.05485627,0.054544527,0.05349032,0.054357212,0.067318775,0.0707676,0.054654133,0.0691539,0.067904145,0.06804187,0.060209833,0.062229767,0.06875205,0.06383838,0.06626407,0.063617155
166,0.057649285,0.058124766,0.056073464,0.052155253,0.063741244,0.065751754,0.057879288,0.07316326,0.07048039,0.069488786,0.064588964,0.059417617,0.06298307,0.06294924,0.061808497,0.06374515
167,0.05862337,0.058905642,0.05742465,0.05430515,0.065217495,0.06799044,0.05962847,0.067926794,0.06688921,0.06748428,0.062261973,0.059210896,0.063487016,0.06304617,0.06317028,0.06442817
168,0.06505669,0.06781757,0.06688692,0.059958626,0.057908703,0.058647554,0.06695373,0.06409863,0.061291426,0.06408587,0.0651443,0.05901329,0.05662625,0.06262392,0.05961079,0.06427573
169,0.05410724,0.054200683,0.054706983,0.0578455,0.06742043,0.0719968,0.054122746,0.070071004,0.0690001,0.06800275,0.06283254,0.06487687,0.069100924,0.058504008,0.0628952,0.0603162
170,0.056406114,0.056899313,0.056768168,0.058903344,0.066207774,0.06924547,0.05788668,0.064314835,0.06379883,0.06532025,0.06017728,0.06428845,0.06788941,0.062752426,0.06570322,0.06343846
171,0.061946772,0.0631092,0.063408144,0.059911456,0.06250236,0.06586197,0.062987044,0.06853584,0.066334635,0.06610054,0.065463655,0.06028374,0.060828485,0.056229584,0.057604313,0.058892313
172,0.062416125,0.06369993,0.06303692,0.05787954,0.062432118,0.065396175,0.064027615,0.068157665,0.066065185,0.06558102,0.06462908,0.059894856,0.06139989,0.05740819,0.058128558,0.05984711
173,0.05830034,0.058898132,0.060906425,0.06373616,0.06700652,0.07288215,0.059530735,0.066055834,0.06567036,0.06493082,0.06325091,0.06420701,0.06640792,0.052787267,0.058402747,0.057026666
174,0.05698599,0.058070738,0.059361722,0.06365857,0.06795325,0.073083535,0.058612242,0.06065936,0.060895815,0.063179985,0.059462976,0.066284545,0.0673637,0.058885608,0.06290772,0.062634274
175,0.055502787,0.056201402,0.058362838,0.06314864,0.0655547,0.069687925,0.056178983,0.06628222,0.06524174,0.06570006,0.0629773,0.0657474,0.067771934,0.058451112,0.06325774,0.059933186
176,0.06532028,0.067174494,0.068281315,0.06431821,0.06085064,0.06411851,0.06630807,0.06268363,0.06088301,0.063524544,0.06289721,0.059611935,0.059603065,0.05667433,0.05836315,0.059387572
177,0.06405049,0.06636209,0.06557902,0.060280893,0.05969039,0.06108417,0.06550971,0.06434137,0.06200205,0.064543426,0.06424323,0.060119282,0.05849265,0.061241813,0.059473597,0.06298581
178,0.06088223,0.062440082,0.06191892,0.05947805,0.060865358,0.062397648,0.061145604,0.06573281,0.06338862,0.065669656,0.063560374,0.06125,0.061629023,0.063153565,0.06280145,0.06368658
179,0.06211902,0.0636301,0.064069755,0.06274868,0.0653495,0.06982865,0.06476027,0.060256284,0.060393672,0.061951272,0.061078697,0.06247081,0.06345741,0.05689164,0.059680972,0.06131325
180,0.062451757,0.064415015,0.06548148,0.06536255,0.06355665,0.06709961,0.06429193,0.059306156,0.058820672,0.062076602,0.060935855,0.06280045,0.061977435,0.058622237,0.06059781,0.062203784
181,0.06355347,0.065525055,0.063843034,0.056048557,0.06001052,0.06160017,0.06537412,0.06931071,0.066266015,0.066198304,0.06661509,0.05860415,0.05794382,0.05956443,0.05753876,0.062003817
182,0.057113394,0.05783974,0.061192214,0.06567198,0.06649569,0.07315418,0.05708779,0.06809475,0.066896126,0.065865785,0.0644608,0.06451046,0.06615332,0.051774498,0.05803536,0.055653933
183,0.057813715,0.05824307,0.0586053,0.057342753,0.06540309,0.06963997,0.057714116,0.07129906,0.069038935,0.06810692,0.06392573,0.06052208,0.06407301,0.058068465,0.060246706,0.05995708
184,0.06456913,0.06710671,0.06586371,0.06107245,0.06052313,0.062131673,0.06551112,0.0608952,0.059359513,0.062946305,0.06167321,0.060015988,0.058884952,0.06310685,0.061453685,0.06488636
185,0.06914236,0.07229884,0.07025652,0.06122331,0.05647311,0.056554154,0.07036986,0.05993866,0.057516944,0.06253103,0.062380042,0.05715488,0.05455531,0.06439993,0.06014608,0.06505901
186,0.05665477,0.056658566,0.05591934,0.054306705,0.06550234,0.06883581,0.05684794,0.072182,0.07013164,0.06876787,0.06346117,0.06073025,0.06584946,0.060523942,0.06227499,0.061353188
187,0.0589134,0.060387768,0.059337255,0.056908607,0.06333074,0.06544125,0.060282975,0.0665044,0.0648913,0.06596799,0.06342386,0.061989926,0.06266426,0.06291732,0.06229356,0.06474536
188,0.06155697,0.063055575,0.062680505,0.06101003,0.062041443,0.06411054,0.062276278,0.0654511,0.0637201,0.06521295,0.06369131,0.06270849,0.06241079,0.05893497,0.06017219,0.06096676
189,0.06044016,0.061228115,0.059385758,0.05448743,0.06338685,0.065495275,0.06134482,0.067420185,0.06540799,0.0670268,0.061880413,0.05811025,0.06132982,0.06478314,0.06286231,0.06541069
190,0.05756221,0.0583691,0.06024662,0.064246275,0.06830204,0.074255675,0.05945158,0.062466655,0.0627844,0.06340733,0.060918916,0.06549209,0.06761651,0.05506738,0.060473606,0.05933959
191,0.056692656,0.057090156,0.057725325,0.05972956,0.06679552,0.07113132,0.057009716,0.067189336,0.06624354,0.066514865,0.0621021,0.064157665,0.06705624,0.058189735,0.061806202,0.0605661
192,0.061217744,0.06259982,0.062925644,0.061154347,0.062241107,0.06511598,0.061253373,0.065771215,0.06382765,0.06553698,0.063413,0.060955856,0.061599784,0.05985768,0.061077267,0.061452504
193,0.064848825,0.067058206,0.06529406,0.057936095,0.05839735,0.05918941,0.065717936,0.06571995,0.063042425,0.06528968,0.06514681,0.0581018,0.057018973,0.0631195,0.060093023,0.06402596
194,0.05862575,0.05886199,0.057352353,0.05507551,0.064580806,0.06688316,0.058902413,0.06856826,0.06670411,0.06779253,0.06155683,0.06041474,0.0646319,0.063117474,0.06358174,0.06335041
195,0.058136906,0.058875576,0.058443837,0.05736841,0.06421307,0.06716583,0.05820526,0.067516655,0.06608069,0.06665705,0.06335655,0.06097123,0.06337927,0.062489256,0.063171156,0.063969314
196,0.06776043,0.07018664,0.07065107,0.06683986,0.06060525,0.06322606,0.0700547,0.055554703,0.055032667,0.059578713,0.059232123,0.060164258,0.05938394,0.05923017,0.060616206,0.061883263
197,0.056642346,0.057459608,0.057139847,0.056822754,0.065161236,0.068512864,0.057574775,0.069031335,0.067292266,0.06696538,0.06363785,0.06321117,0.06510989,0.060605545,0.06203367,0.06279948
198,0.06075509,0.062113293,0.06172216,0.057693273,0.06213186,0.064793766,0.061368823,0.067693144,0.06574817,0.066301875,0.064804144,0.059101243,0.060401876,0.06144109,0.060803276,0.0631269
199,0.057878174,0.05830941,0.057524767,0.05660516,0.0651294,0.068011396,0.058310024,0.06818271,0.0663956,0.067056224,0.061847635,0.06197574,0.0653948,0.06184806,0.063117504,0.062413365
200,0.054886065,0.054467298,0.054942343,0.055879034,0.06789911,0.07319009,0.05594161,0.07487854,0.073093995,0.06938626,0.06466966,0.06295075,0.06794299,0.054292914,0.058703437,0.056875892
201,0.057818227,0.058166023,0.05844822,0.058372766,0.06532226,0.06885701,0.058618523,0.06762102,0.066195615,0.06641365,0.0619837,0.062156033,0.06637509,0.059832517,0.06299599,0.060823336
202,0.060279347,0.061247475,0.060386226,0.057246584,0.062539734,0.06442547,0.061122797,0.06869842,0.06652942,0.067171894,0.064434625,0.0601441,0.06166793,0.061014008,0.060862634,0.062229365
203,0.05808263,0.05951312,0.061834596,0.06482422,0.064101346,0.06879347,0.057888243,0.06580708,0.06450272,0.06527463,0.06466719,0.06446953,0.06413919,0.056296017,0.060162183,0.05964382
204,0.066518456,0.069753245,0.06767039,0.057972755,0.05791227,0.058630608,0.069574066,0.061272155,0.059284866,0.06238166,0.06414419,0.057129662,0.054899197,0.065312184,0.06028126,0.067263074
205,0.052765418,0.05283149,0.05422512,0.05918022,0.06824489,0.0734617,0.052913822,0.07009925,0.06893254,0.06779367,0.06274413,0.066268966,0.07027865,0.057624992,0.06283803,0.059797123
206,0.05825274,0.05932709,0.0589552,0.057021778,0.06491871,0.068279214,0.059038494,0.069063656,0.0674262,0.067182966,0.06413611,0.061087076,0.06312713,0.05949193,0.060408823,0.062282898
207,0.065883525,0.06760584,0.0661417,0.06064365,0.0622289,0.06418574,0.06822315,0.058402117,0.057672173,0.061646752,0.058578983,0.058823273,0.060523935,0.06284992,0.062402733,0.06418763
208,0.063991964,0.065156505,0.06282536,0.05606124,0.06010297,0.061042972,0.064575225,0.06808144,0.06540496,0.06669259,0.06417797,0.05796626,0.05943725,0.061775062,0.06031098,0.06239728
209,0.06865434,0.072129704,0.069414906,0.05827587,0.05587896,0.05590792,0.0704072,0.063620046,0.06038948,0.06320345,0.06509396,0.057034366,0.05414224,0.063198194,0.05833736,0.064311996
210,0.06015557,0.061383154,0.062676236,0.06294268,0.06409029,0.068212196,0.06128418,0.06398328,0.06306382,0.06388531,0.06289769,0.062475353,0.0640882,0.05751898,0.06110689,0.060236163
211,0.06180899,0.06432949,0.0653335,0.06505058,0.060811456,0.06308887,0.062818386,0.0615939,0.060022313,0.063181035,0.06363306,0.0639444,0.06091117,0.059987266,0.0607747,0.0627109
212,0.06925122,0.0722872,0.069670774,0.057500817,0.056307647,0.056561507,0.07184511,0.065112956,0.06195909,0.06379995,0.06596107,0.056100793,0.054040905,0.06074217,0.056768022,0.062090766
213,0.058232255,0.05920951,0.0602827,0.06201116,0.0646586,0.06837606,0.0586768,0.06729466,0.06592907,0.066325955,0.06402451,0.06444424,0.06509629,0.0564139,0.059929386,0.059094913
214,0.059651006,0.060210444,0.058315046,0.053408448,0.06272959,0.06493737,0.05994348,0.073846124,0.07071979,0.069437094,0.06536307,0.058799922,0.06198897,0.059945706,0.059660733,0.061043244
