,AV1,AV2,AV3,BA,FI1,FI2,HS,IM1,IM2,IM3,IM4,PE1,PE2,VA1,VA2,VA3
0,0.054812685,0.051423736,0.05089165,0.057554383,0.06717124,0.06680914,0.053355243,0.06781312,0.06710831,0.066390395,0.061416384,0.0636602,0.067194104,0.0699148,0.06724582,0.06723878
1,0.058294315,0.055392306,0.055772673,0.06327035,0.065643944,0.06482982,0.057556182,0.06433394,0.0648384,0.06423752,0.061685238,0.06480393,0.06582806,0.06541346,0.0642594,0.063840464
2,0.056706607,0.052193765,0.054663934,0.06510755,0.07004591,0.072071806,0.055079177,0.06904755,0.070198685,0.06484487,0.0635719,0.065551415,0.06917241,0.05606174,0.05924272,0.056439962
3,0.056479715,0.05257155,0.053012908,0.062247653,0.07162307,0.07373544,0.05475693,0.06511133,0.06704541,0.06418058,0.059801232,0.06453007,0.069314934,0.061098464,0.06286539,0.06162527
4,0.06356327,0.06011046,0.06098756,0.06492425,0.062299035,0.06080156,0.06308636,0.06661609,0.06675338,0.06505958,0.06531759,0.062396068,0.061275758,0.059639722,0.05847827,0.058691073
5,0.05688041,0.052970424,0.051332295,0.05376019,0.066556774,0.06557062,0.055731922,0.0713166,0.06990372,0.067713246,0.063076295,0.06133937,0.064808324,0.068617485,0.064393125,0.06602914
6,0.06376587,0.060161486,0.062126808,0.06645556,0.06345414,0.062718764,0.06320094,0.0663114,0.06678303,0.06418612,0.06581634,0.06176639,0.060734842,0.057329856,0.05688294,0.05830548
7,0.057791665,0.054699615,0.0555302,0.062842906,0.06689447,0.067138605,0.056976452,0.06554117,0.06600048,0.0642351,0.06169834,0.06446831,0.0669468,0.063538656,0.06349204,0.0622052
8,0.05582839,0.052101113,0.05213043,0.05814171,0.069121145,0.0698714,0.05498317,0.070137426,0.07016243,0.06603364,0.06294528,0.06400771,0.06805766,0.06243631,0.062398855,0.061643343
9,0.07182383,0.0689127,0.06631319,0.056684125,0.05708667,0.05378938,0.072115704,0.06996635,0.0669591,0.06646259,0.06697644,0.053582225,0.051597573,0.062297277,0.05453121,0.06090161
10,0.054884594,0.050495084,0.05121567,0.060633194,0.0715639,0.07348604,0.053262934,0.069708504,0.07093444,0.06579744,0.061846692,0.065219305,0.07122117,0.059249222,0.06219549,0.058286346
11,0.0643709,0.06072197,0.060346574,0.060438257,0.062090665,0.06066008,0.06405157,0.06993978,0.06881388,0.06636907,0.065381125,0.06032337,0.06069233,0.059802562,0.057777837,0.05822001
12,0.05967469,0.055060655,0.056701306,0.06485186,0.06959565,0.07158026,0.05834239,0.06768014,0.069729015,0.064384885,0.063317634,0.06348947,0.06676111,0.055046577,0.057882093,0.05590231
13,0.065475784,0.06282646,0.064903714,0.07173038,0.06279987,0.0619145,0.06473535,0.060356632,0.06222999,0.06196788,0.06308034,0.06282952,0.060193982,0.057844218,0.057849504,0.0592619
14,0.057741802,0.053778116,0.052642386,0.05605285,0.06877729,0.06899496,0.0570832,0.068957336,0.06905982,0.0658534,0.061772063,0.061334,0.066076875,0.064970545,0.063372776,0.06353252
15,0.064630575,0.061473254,0.06308208,0.065782756,0.061954606,0.06058095,0.064577155,0.06696975,0.0664017,0.064800724,0.065393515,0.061290916,0.05988179,0.058496617,0.05684284,0.05784083
16,0.059645373,0.055964388,0.057619207,0.06428444,0.06543615,0.06518648,0.059441023,0.068010196,0.06880004,0.06456477,0.06603738,0.064120434,0.06449202,0.05849799,0.059260823,0.058639273
17,0.06541675,0.06332544,0.06335839,0.06535729,0.061575968,0.059788305,0.06537532,0.06151804,0.062209945,0.06278076,0.06272737,0.060625855,0.058889642,0.06340221,0.060273785,0.06337493
18,0.063948676,0.061397996,0.060229644,0.059763227,0.063720256,0.062457006,0.06411126,0.06535234,0.06504504,0.06426688,0.062627204,0.059417382,0.059810676,0.06413254,0.06008571,0.06363411
19,0.06745124,0.06469095,0.06345676,0.05914747,0.058888655,0.056100268,0.067040555,0.06874426,0.06653548,0.06601938,0.06658633,0.056997314,0.05509063,0.06362915,0.057533056,0.062088486
20,0.060121257,0.055556297,0.055655237,0.059957407,0.06847117,0.06903869,0.059716113,0.068960875,0.07008578,0.065485545,0.063634865,0.06186883,0.06491468,0.05866012,0.05875952,0.059113614
21,0.06450875,0.061144855,0.061828975,0.06394371,0.061722267,0.06026315,0.063633986,0.066790976,0.06615391,0.06515731,0.06476652,0.06078223,0.05981532,0.061020307,0.058707558,0.059760194
22,0.06353439,0.059969734,0.05927929,0.059694126,0.063194424,0.061471682,0.06359972,0.06821302,0.06789781,0.065362774,0.06503723,0.059794284,0.060327213,0.06215533,0.05925995,0.06120903
23,0.059465464,0.055280603,0.058854762,0.06908117,0.06778721,0.0691919,0.058384847,0.067003876,0.06880311,0.063637346,0.06519716,0.065131426,0.06628598,0.05386741,0.05713571,0.05489199
24,0.06178215,0.058234163,0.058383513,0.06250202,0.066826776,0.06719083,0.061105404,0.06517814,0.06634194,0.06388631,0.06166059,0.061865557,0.06447365,0.060121726,0.059950467,0.060496774
25,0.060148135,0.057111558,0.058169786,0.06450871,0.06649678,0.0668803,0.059292905,0.065266475,0.06624117,0.063830644,0.06275035,0.06417272,0.06506368,0.059855293,0.060073547,0.06013797
26,0.06617331,0.062370136,0.06122287,0.060320254,0.06365149,0.06257099,0.06579949,0.067533515,0.067711644,0.06523615,0.06407615,0.05809435,0.059021324,0.05957778,0.057362005,0.059278548
27,0.060351104,0.057310387,0.060548574,0.07237293,0.066099614,0.06641629,0.06019475,0.061989482,0.06410282,0.062036633,0.06273755,0.066816546,0.06607371,0.05649158,0.059054393,0.057403687
28,0.05716489,0.053857725,0.055220876,0.06536257,0.0687094,0.06945545,0.05569368,0.06258896,0.064721055,0.06310739,0.061126504,0.065551445,0.06743141,0.0627473,0.06357687,0.06368448
29,0.0666241,0.0625258,0.061654065,0.06020618,0.06525315,0.06507645,0.06580566,0.06802412,0.06839133,0.065327354,0.06342778,0.05808801,0.05940803,0.057067204,0.055166036,0.057954684
30,0.058710825,0.054345902,0.053632326,0.057869866,0.07016769,0.07165394,0.057005584,0.069207184,0.06989671,0.065778956,0.06094371,0.061339416,0.06699542,0.061035838,0.061494745,0.059921823
31,0.07389763,0.07134257,0.07162335,0.065940306,0.056073423,0.052889444,0.073979385,0.06416988,0.063419186,0.063710995,0.066508465,0.057204127,0.052319095,0.05701709,0.0524738,0.057431318
32,0.06191458,0.057612162,0.057631582,0.059809335,0.06473,0.063919455,0.061485004,0.070582,0.070069686,0.06638979,0.06523442,0.060814094,0.06233535,0.059990406,0.058669254,0.05881292
33,0.067075714,0.064960666,0.063495256,0.06385218,0.06245269,0.060803846,0.06739604,0.05966737,0.061044164,0.0622778,0.06022699,0.058864877,0.05848808,0.064278446,0.06078741,0.06432846
34,0.06204687,0.059128035,0.061815295,0.070404164,0.06506552,0.06540031,0.061082635,0.06283185,0.063965,0.06256149,0.06266701,0.063786134,0.06363619,0.057856236,0.058989856,0.058763344
35,0.05637437,0.052781988,0.052033767,0.056616552,0.06772981,0.06761655,0.055776022,0.0695766,0.0690025,0.06628078,0.062488794,0.06302782,0.06669158,0.06588784,0.06383785,0.06427723
36,0.059428196,0.056091256,0.057888366,0.06563224,0.06745976,0.06834857,0.05973299,0.06582448,0.06690945,0.063493915,0.06302493,0.06517323,0.06596576,0.057719447,0.05905485,0.05825257
37,0.05519968,0.05140783,0.051156666,0.05775523,0.06949774,0.070111774,0.05417986,0.069088124,0.069402255,0.065767996,0.06242177,0.06398409,0.06812089,0.064409144,0.06409605,0.06340092
38,0.05824363,0.054083068,0.054777753,0.061810117,0.06921898,0.07021951,0.057378996,0.068373546,0.06958745,0.06528709,0.062821604,0.064220145,0.06725468,0.05851888,0.059753425,0.05845114
39,0.06051896,0.057391357,0.056628443,0.05875992,0.06432976,0.0629413,0.06045511,0.06787493,0.066884734,0.065863736,0.06331259,0.06172407,0.06233101,0.06541868,0.061334055,0.064231366
40,0.07076442,0.067841746,0.07008323,0.068843886,0.056996807,0.054311853,0.06955323,0.06406826,0.06344398,0.06376633,0.06709646,0.058322202,0.054026335,0.05824016,0.054574102,0.058066964
41,0.054852884,0.05040669,0.049748894,0.05463856,0.06979047,0.070574924,0.05357974,0.07289939,0.071866706,0.06752759,0.062349014,0.06203708,0.06842704,0.06485265,0.06416007,0.062288273
42,0.06400605,0.061002932,0.06220437,0.06938525,0.064991936,0.06468796,0.0628086,0.05940408,0.061875965,0.061614215,0.060665973,0.06263798,0.06300738,0.060083177,0.06063685,0.060987238
43,0.066431455,0.06348307,0.064372934,0.06574478,0.060636204,0.058625367,0.065840304,0.065038346,0.06473997,0.0642176,0.065434776,0.05966029,0.057261452,0.06049032,0.05757771,0.06044543
44,0.06756597,0.06509246,0.066125184,0.06702957,0.059676744,0.05742749,0.06707365,0.06482198,0.06445693,0.063938946,0.06553147,0.06015091,0.057164762,0.05903158,0.05643049,0.058481853
45,0.056164194,0.052284725,0.054718494,0.06755035,0.06965713,0.07092896,0.055162814,0.06476829,0.06704468,0.06355701,0.062309552,0.067042485,0.06918486,0.058885965,0.062012866,0.058727644
46,0.062387135,0.05842132,0.05916977,0.06298619,0.06474095,0.064236544,0.061251126,0.06742838,0.06777208,0.06480225,0.06406492,0.061146818,0.06305728,0.06001656,0.059744548,0.058774125
47,0.05570273,0.052250523,0.05360494,0.06484816,0.07095304,0.073127426,0.05399321,0.063145526,0.06502922,0.06298328,0.059163377,0.065405376,0.07009194,0.06237666,0.06477317,0.062551364
48,0.067492,0.064761214,0.06420657,0.06341225,0.061674155,0.0602101,0.06727847,0.06364531,0.06379518,0.06365689,0.06210522,0.0591342,0.05913811,0.061114267,0.05857393,0.05980213
49,0.05592191,0.05192225,0.05358007,0.062954776,0.06886334,0.070006,0.05468117,0.068735935,0.069286,0.06538297,0.062792115,0.065183565,0.06958005,0.060127843,0.062074758,0.058907226
50,0.057253737,0.05265902,0.053888977,0.06259078,0.068799265,0.06939859,0.056018736,0.0689683,0.07005971,0.06566118,0.06310623,0.064551726,0.068741016,0.059182078,0.06126528,0.057855345
51,0.06535255,0.06337817,0.064291365,0.070041984,0.06512025,0.064896256,0.065390654,0.057656392,0.06021957,0.060545698,0.060148817,0.062841475,0.06050536,0.059160493,0.05841756,0.06203338
52,0.068920754,0.067641124,0.0679365,0.06837029,0.05818209,0.05512676,0.06998519,0.05767352,0.058345705,0.061152603,0.0619349,0.059349164,0.05560743,0.065027855,0.06019974,0.064546384
53,0.06871518,0.06575039,0.069647,0.075302355,0.05752704,0.054926306,0.06804951,0.062313624,0.06296363,0.06265143,0.06730031,0.062276002,0.057171594,0.055257853,0.054979358,0.055168394
54,0.065627396,0.061824784,0.061603606,0.060940374,0.06297284,0.061876707,0.06523957,0.06818178,0.06794884,0.06514238,0.06510166,0.058999177,0.05962099,0.05910128,0.056891885,0.0589267
55,0.06385043,0.06054094,0.061337758,0.06438281,0.064075865,0.063501894,0.062860675,0.06646149,0.06670521,0.06458168,0.06464042,0.061057977,0.060446534,0.058679435,0.057463422,0.05941346
56,0.0643687,0.061833765,0.062635206,0.06683683,0.063818954,0.06266072,0.06461544,0.06166468,0.06316344,0.062547214,0.06288917,0.06250466,0.06027739,0.06016671,0.058463737,0.061553393
57,0.064496584,0.061223194,0.059102036,0.055295248,0.060806494,0.058531042,0.06442493,0.072122365,0.06935912,0.06736155,0.0654688,0.058139596,0.05914712,0.06417622,0.059003014,0.061342716
58,0.057899933,0.05390037,0.055461906,0.063191995,0.06570519,0.06516552,0.056850836,0.06915167,0.06908774,0.065958716,0.06537469,0.06445917,0.06545437,0.06122272,0.06104166,0.060073514
59,0.057387568,0.05370859,0.052958295,0.056807403,0.06739042,0.06714606,0.05674647,0.07039636,0.069755994,0.066464774,0.06322575,0.06262721,0.06572745,0.06433137,0.062512666,0.06281364
60,0.061201267,0.057934698,0.055409774,0.05454349,0.06490258,0.06380585,0.06056365,0.068816654,0.06750465,0.06646457,0.061778363,0.058951106,0.06173662,0.067989305,0.06290352,0.06549386
61,0.05979247,0.055705056,0.056105766,0.060582507,0.06794796,0.068722166,0.05869444,0.069352895,0.069827065,0.06564601,0.06349269,0.062311996,0.065114886,0.05882425,0.05892479,0.05895508
62,0.06908609,0.06537019,0.067286156,0.06760249,0.05973181,0.05781382,0.06871913,0.067014955,0.06660876,0.06467913,0.06686672,0.059509534,0.056699675,0.054884534,0.053499125,0.054627884
63,0.060900737,0.057327285,0.057296198,0.061406698,0.065883204,0.065195024,0.060227446,0.066709965,0.06716723,0.064921856,0.063217245,0.061802194,0.06332002,0.06205383,0.060734846,0.061836213
64,0.06261739,0.0594674,0.060568847,0.06515985,0.06281509,0.06196098,0.061489962,0.0662974,0.06634078,0.06459224,0.064544536,0.062324602,0.06247257,0.06025708,0.059880476,0.059210785
65,0.06837764,0.06519996,0.06509457,0.06406519,0.061754156,0.06041756,0.06848976,0.06449904,0.064751856,0.063633,0.06332611,0.058351148,0.057906155,0.058840934,0.056732032,0.058560878
66,0.05301974,0.04967916,0.048383255,0.054832745,0.07072457,0.071566984,0.05187226,0.067519985,0.06758707,0.065491036,0.059005845,0.06423778,0.070292205,0.07000479,0.068667606,0.06711497
67,0.062117565,0.0585165,0.056901734,0.058028094,0.06560132,0.06450479,0.061466917,0.06713871,0.06765555,0.06546088,0.062949695,0.060405858,0.062016092,0.06351721,0.06056057,0.06315849
68,0.068638325,0.065437846,0.06724706,0.07011097,0.06051688,0.059124444,0.06703031,0.062762536,0.06332169,0.06335239,0.06397022,0.059842687,0.058008406,0.057161413,0.05617762,0.0572972
69,0.057063427,0.053943273,0.055111427,0.065560855,0.06943417,0.0710273,0.055877894,0.061820727,0.064123325,0.06256229,0.05951824,0.06590839,0.06934913,0.062041543,0.06401335,0.062644646
70,0.06611212,0.0628484,0.06339444,0.06425416,0.061925434,0.060434874,0.066465184,0.0658697,0.06581204,0.06421146,0.06463338,0.060375948,0.05940653,0.058750875,0.056895837,0.058609653
71,0.05787718,0.053784937,0.053704314,0.057374552,0.0652101,0.06415236,0.05731565,0.07296711,0.071636535,0.06743598,0.06567944,0.062347114,0.06539043,0.06316835,0.061851878,0.060104102
72,0.05847693,0.054693844,0.056723937,0.06754332,0.06890186,0.07015821,0.057480767,0.0641454,0.06637064,0.06343076,0.061893858,0.06608243,0.06799183,0.057618186,0.060108755,0.058379207
73,0.055432487,0.05236343,0.052252647,0.060520295,0.07100985,0.07255005,0.054799844,0.063056014,0.06484872,0.063377365,0.059062704,0.06472566,0.06834784,0.06568698,0.06535892,0.06660715
74,0.053713426,0.049631935,0.049258277,0.055475082,0.07106706,0.0724176,0.052658405,0.07226768,0.071943685,0.06669574,0.062307358,0.06402184,0.07029283,0.06310558,0.063629985,0.061513502
75,0.06563161,0.0616667,0.062134825,0.063159294,0.062470462,0.061435577,0.0649579,0.06952662,0.06913128,0.065948345,0.066157624,0.06042806,0.059880815,0.0562535,0.05523692,0.05598046
76,0.060827613,0.05717887,0.05548414,0.056377042,0.06578834,0.065072045,0.060095597,0.06830017,0.06762126,0.0660435,0.06161505,0.059798572,0.06340289,0.06585804,0.06271485,0.06382203
77,0.06579542,0.06483188,0.0637849,0.06463604,0.058852598,0.055740796,0.06543065,0.059804395,0.059656765,0.062929854,0.062349875,0.059984688,0.05648606,0.06901841,0.06271061,0.06798703
78,0.06759946,0.0642518,0.06632802,0.06851224,0.059284404,0.057102643,0.06748634,0.06609194,0.06610029,0.06427959,0.06752895,0.06086814,0.05774572,0.056030616,0.055035986,0.055753846
79,0.058240753,0.054301262,0.054682646,0.062198028,0.07000144,0.07170892,0.056076344,0.066657804,0.06797606,0.06482547,0.061054513,0.06351716,0.06763817,0.059789788,0.061106395,0.060225222
80,0.05301803,0.048995413,0.04907745,0.058716226,0.073752634,0.07656752,0.05159636,0.068484046,0.06995065,0.0653095,0.05976636,0.06686411,0.07339863,0.06060472,0.06323085,0.06066748
81,0.052505434,0.04877367,0.049107954,0.05980498,0.07446406,0.07763116,0.05102633,0.065517284,0.06757121,0.06403423,0.058492236,0.066268854,0.072937675,0.06306419,0.065581046,0.06321968
82,0.06875776,0.06601365,0.06707684,0.066885136,0.058402285,0.055914484,0.06808115,0.06599276,0.06502795,0.064655825,0.066663094,0.059881963,0.05608611,0.057889577,0.054982208,0.05768917
83,0.06479352,0.063464426,0.06132932,0.059418596,0.060571343,0.058093444,0.06545451,0.064064555,0.063032664,0.0641543,0.062369056,0.05962243,0.0584441,0.06767712,0.06157105,0.06593958
84,0.06279494,0.059234995,0.059198614,0.06142595,0.06257566,0.060830504,0.061776567,0.0679528,0.067031145,0.06592082,0.064690955,0.060747694,0.060861357,0.06320727,0.060220536,0.06153022
85,0.06288311,0.058213603,0.0587089,0.063544035,0.06716934,0.06752361,0.061465744,0.06739255,0.068917766,0.0648959,0.06358515,0.060765,0.063175224,0.056776546,0.05783832,0.057145238
86,0.059389193,0.056332327,0.055023782,0.057623167,0.06496484,0.063968666,0.058169674,0.06689119,0.06608312,0.06577804,0.06156125,0.0608816,0.06360154,0.06866485,0.06478325,0.06628348
87,0.060481932,0.056617722,0.058070846,0.06399282,0.0653376,0.06496701,0.06078823,0.068226665,0.068850085,0.064724684,0.065368086,0.06371099,0.06465635,0.057999626,0.058855988,0.057351403
88,0.057355605,0.052126743,0.052010402,0.055524405,0.069418535,0.070455216,0.055929586,0.07658087,0.07530457,0.06863298,0.06512467,0.061046306,0.06576171,0.058686137,0.05847237,0.057569962
89,0.06409273,0.06182152,0.061894484,0.0649551,0.062569134,0.061260182,0.064103894,0.06227447,0.0629304,0.06308584,0.061903838,0.061907355,0.061494406,0.06290628,0.060792807,0.062007565
90,0.05454716,0.05089842,0.049749583,0.055432353,0.06923931,0.0697437,0.053362206,0.06961809,0.06918918,0.0665649,0.06057376,0.06402777,0.069656104,0.067178786,0.06609789,0.064120755
91,0.061124742,0.05775657,0.058385074,0.064268716,0.06487698,0.06422727,0.059685793,0.064676695,0.06522684,0.06423796,0.062227763,0.062331352,0.064021066,0.06303663,0.062327195,0.06158937
92,0.06484089,0.062018655,0.0633302,0.06794595,0.06241523,0.061063655,0.06456664,0.06309152,0.06430872,0.0628975,0.06424039,0.062281888,0.060856376,0.0588428,0.058383577,0.058916025
93,0.063880704,0.05957421,0.060664613,0.06357749,0.0664911,0.067048654,0.062341757,0.06748909,0.068285525,0.06452902,0.06392158,0.060222335,0.061791744,0.056370985,0.056283288,0.05752796
94,0.058873896,0.055297006,0.05579114,0.062541306,0.06795395,0.06858338,0.057306416,0.065708704,0.06650043,0.06474817,0.061359875,0.063291796,0.06617002,0.06215817,0.061951123,0.061764635
95,0.063020326,0.05924167,0.057196632,0.05695145,0.06566238,0.06487863,0.062235307,0.068086706,0.06798061,0.06588133,0.06221008,0.05906777,0.06185431,0.06326768,0.060392074,0.062073004
96,0.058848366,0.055971056,0.056780327,0.063284606,0.06622515,0.06602984,0.058641233,0.0641808,0.06527513,0.06362056,0.06248074,0.06421015,0.06523063,0.06338792,0.06256982,0.06326364
97,0.0557518,0.051333487,0.050866462,0.055263426,0.070107386,0.07118663,0.054760717,0.072351046,0.07216068,0.06671675,0.06304448,0.06195202,0.06783212,0.062636435,0.06270596,0.061330598
98,0.064306915,0.06202102,0.061992787,0.0659244,0.06317304,0.061518,0.063586794,0.060059436,0.061073326,0.06292206,0.061115902,0.061040778,0.05923791,0.06498579,0.06112941,0.06591247
99,0.059939954,0.056402892,0.05718948,0.06358108,0.06674327,0.06648923,0.05964703,0.064673215,0.065719575,0.06439726,0.0619498,0.063968584,0.06492234,0.061872188,0.06086689,0.06163723
100,0.061703056,0.058559235,0.058590446,0.06287682,0.066246346,0.06605949,0.06075013,0.064353436,0.06562623,0.06365781,0.062178396,0.062239155,0.06345755,0.061411127,0.06060904,0.061681703
101,0.05787337,0.055349343,0.055165134,0.0636457,0.06822034,0.06850385,0.056720596,0.060486678,0.062356167,0.06249057,0.05872037,0.064020045,0.06645757,0.0669378,0.06631857,0.06673387
102,0.062065642,0.058347825,0.05958221,0.06538538,0.06438695,0.063595645,0.061173063,0.067295425,0.06783427,0.06504753,0.06467428,0.06361324,0.06377801,0.057853248,0.05820557,0.057161648
103,0.059522185,0.05500315,0.055321418,0.05944227,0.06759364,0.067901924,0.058486525,0.07166659,0.07141839,0.066599995,0.06435962,0.061774366,0.065154575,0.058959942,0.05899164,0.057803743
104,0.059025474,0.055128574,0.05556023,0.060469106,0.06554695,0.06498493,0.058729716,0.07000054,0.06933238,0.06620848,0.064107046,0.063074544,0.065541506,0.06158836,0.06095071,0.05975144
105,0.06761414,0.06502629,0.06507829,0.06386751,0.05972515,0.057545803,0.06793586,0.06572558,0.06503996,0.06424295,0.06516307,0.059764355,0.05783324,0.059630964,0.056659445,0.059147418
106,0.05971907,0.055944227,0.05487297,0.056831762,0.06678321,0.06653508,0.05911044,0.06966279,0.069113016,0.06619974,0.062694706,0.061276607,0.06441197,0.06340453,0.061206944,0.062232938
107,0.056528192,0.052614287,0.051697366,0.05598425,0.06961589,0.07029558,0.055882577,0.06980532,0.069712594,0.06608719,0.061590176,0.06203206,0.06726727,0.064342804,0.06339174,0.063152686
108,0.062185008,0.05932745,0.058088142,0.057627033,0.061341282,0.059077118,0.062292684,0.068976395,0.06691357,0.06635202,0.06465822,0.05993104,0.059874125,0.067225814,0.0618025,0.06432764
109,0.052149024,0.048505027,0.0485447,0.056698967,0.07071813,0.07171718,0.051249895,0.071294025,0.07120985,0.066383794,0.06310052,0.06630313,0.070492595,0.06419815,0.064510405,0.06292459
110,0.063562796,0.059954077,0.06317585,0.071988374,0.06390656,0.063566625,0.06285243,0.06337079,0.06501924,0.06290234,0.06459643,0.06451356,0.06253478,0.0551908,0.056662958,0.05620238
111,0.0574088,0.053736243,0.052904945,0.058083728,0.069260545,0.06998604,0.056466788,0.067397356,0.067796215,0.06532766,0.060535613,0.062704265,0.067174576,0.06434858,0.06366345,0.063205205
112,0.066326275,0.06201644,0.064765185,0.069522716,0.06551804,0.066116944,0.06671554,0.06457247,0.0670916,0.06235919,0.064986475,0.061302055,0.060853224,0.051272556,0.053075913,0.053505417
113,0.06788486,0.06421331,0.06376291,0.06257083,0.06272999,0.061455924,0.06724661,0.06488816,0.06557151,0.064082086,0.06391061,0.057714686,0.057581086,0.05943845,0.05688611,0.06006286
114,0.055249162,0.05207745,0.05358591,0.064816535,0.06868552,0.06939988,0.05489085,0.06549113,0.0668284,0.064024344,0.062374804,0.06819822,0.06927479,0.061185542,0.06288745,0.061030004
115,0.07154231,0.06920947,0.06802328,0.0623014,0.056755133,0.053493172,0.071860336,0.064281866,0.06290269,0.06420278,0.0646267,0.05608678,0.05331653,0.06316975,0.057036262,0.06119155
116,0.061417203,0.0575516,0.057814885,0.06263221,0.06749523,0.06812143,0.05983615,0.06541039,0.06682231,0.06421522,0.062048346,0.061401233,0.06400723,0.06029785,0.060338162,0.060590558
117,0.06083334,0.056941185,0.058847886,0.06528873,0.06728253,0.068321735,0.05985648,0.066522606,0.06752932,0.0638481,0.06326332,0.062237643,0.06511686,0.057367437,0.058910098,0.057832714
118,0.05588468,0.05142907,0.051100016,0.057398897,0.07024647,0.07133331,0.054334544,0.06967059,0.06998081,0.06642231,0.060990587,0.062677205,0.06903006,0.0637608,0.06421646,0.06152418
119,0.06083564,0.057614893,0.056344043,0.060200825,0.068273604,0.068962306,0.05934436,0.06254494,0.063861094,0.0634857,0.058288187,0.06034355,0.06453326,0.06582522,0.06438327,0.06515905
120,0.067386135,0.06392551,0.06409947,0.06312761,0.062408797,0.061255056,0.06673457,0.06556495,0.06571973,0.06424599,0.06467747,0.05793484,0.057405952,0.05913468,0.05625501,0.06012426
121,0.061770886,0.05812778,0.058597893,0.063042015,0.065416545,0.064805776,0.060424317,0.06555958,0.065887995,0.064612985,0.06298739,0.06070706,0.062037956,0.06260576,0.06086721,0.06254882
122,0.06532537,0.061136786,0.06541981,0.07121273,0.06361958,0.06380884,0.06564608,0.066724196,0.06829314,0.063001394,0.067763396,0.06261873,0.060932033,0.050258975,0.052317522,0.0519214
123,0.06928209,0.06642843,0.0672615,0.06598175,0.05991359,0.057885006,0.06977874,0.064745404,0.06463579,0.063756086,0.06546188,0.058853168,0.056001395,0.05741026,0.054799765,0.057805117
124,0.06563728,0.062331937,0.063743494,0.065919295,0.06110659,0.059310578,0.06524145,0.06628131,0.06624557,0.06432139,0.066356786,0.060882322,0.058995333,0.05857302,0.056942046,0.058111608
125,0.057436038,0.054056775,0.053608656,0.05981099,0.06849108,0.06889356,0.056027822,0.065701135,0.066246174,0.06487256,0.059924982,0.06387565,0.06779647,0.06515811,0.064362586,0.063737385
126,0.056741014,0.05385547,0.052643422,0.05740069,0.06845407,0.06844759,0.05647581,0.06591515,0.06651837,0.06465806,0.060606398,0.06317726,0.06669549,0.0671814,0.0651204,0.06610936
127,0.059789903,0.056062136,0.057860978,0.06748408,0.06695819,0.0672159,0.058597125,0.06484738,0.06637745,0.06407238,0.062888496,0.06484813,0.065481074,0.058613084,0.0599777,0.05892601
128,0.05965886,0.05686616,0.055521533,0.05925308,0.06690228,0.06674587,0.058779772,0.06382485,0.06445012,0.06395936,0.05959288,0.06180505,0.065043926,0.06711058,0.06481786,0.06566778
129,0.061769355,0.058832873,0.05644919,0.055196576,0.06374937,0.062230434,0.061284054,0.06776869,0.06644532,0.06595458,0.06267746,0.05834818,0.060029425,0.06909425,0.06310879,0.06706146
130,0.06168554,0.058295272,0.05840867,0.062060375,0.06477142,0.06384617,0.060885765,0.0653061,0.06556129,0.06451423,0.06265109,0.06092518,0.062112466,0.06400749,0.06179947,0.06316946
131,0.06604835,0.06287518,0.06728685,0.07634608,0.061256815,0.060465027,0.065103896,0.062164158,0.06362202,0.062425915,0.06524291,0.06440311,0.06085912,0.053173773,0.054793555,0.05393324
132,0.060475312,0.057380736,0.05815302,0.06413707,0.06544768,0.06509196,0.06004075,0.06406781,0.064964056,0.0635534,0.061878342,0.063178234,0.0650547,0.06268844,0.06240573,0.061482724
133,0.05865321,0.05554852,0.056118682,0.063860364,0.06677376,0.06676417,0.057005156,0.06386845,0.06487734,0.064175755,0.061175905,0.06408798,0.065862134,0.06411011,0.06350236,0.063616104
134,0.06167855,0.058175895,0.06266042,0.07720003,0.06643437,0.06741759,0.060968354,0.06023681,0.063706934,0.060817357,0.06280842,0.06752385,0.0660855,0.05276508,0.05719498,0.05432584
135,0.06140108,0.05756341,0.05718584,0.05907856,0.064978614,0.06432424,0.061255097,0.07036833,0.069827855,0.06629625,0.06469422,0.06127674,0.06302444,0.06047359,0.059016887,0.059234872
136,0.06571534,0.06267032,0.063830905,0.068045296,0.06349547,0.06254197,0.065429375,0.062186603,0.06356116,0.06253286,0.0626287,0.061039384,0.060911786,0.05837241,0.057940707,0.05909777
137,0.057516314,0.053808995,0.055877704,0.06791678,0.06896874,0.07022353,0.05675642,0.063184075,0.06569674,0.06279465,0.06131558,0.06705901,0.069358386,0.058713373,0.061890777,0.058918938
138,0.05613309,0.051830683,0.050972596,0.057237074,0.07148476,0.07284537,0.05507954,0.0685401,0.06955037,0.065969475,0.060092706,0.06340003,0.06917462,0.06278748,0.06313198,0.061770063
139,0.056114625,0.051883902,0.052336987,0.06107311,0.072229795,0.0743569,0.054281168,0.065653846,0.067601934,0.06449053,0.059954293,0.06340863,0.068625085,0.06205208,0.06327514,0.06266198
140,0.06730284,0.06557992,0.06362774,0.061244864,0.06118615,0.05895838,0.068045765,0.061066337,0.061251342,0.06276881,0.061164707,0.057832766,0.05672763,0.066366255,0.060631696,0.06624477
141,0.06748911,0.06392235,0.06343858,0.05914262,0.059194777,0.057097405,0.06741815,0.0725988,0.07010402,0.06695927,0.06836539,0.057558913,0.056593377,0.058567867,0.054766793,0.056782585
142,0.06407767,0.06035363,0.06277967,0.07001405,0.065179065,0.065636836,0.06282218,0.06464516,0.06615358,0.06334273,0.06361774,0.063194014,0.062979,0.054059196,0.056032762,0.055112705
143,0.06584869,0.062195696,0.06064081,0.060451128,0.06304769,0.061582234,0.06467988,0.06633661,0.0663404,0.06567676,0.06232932,0.05929305,0.060747366,0.061703738,0.058955386,0.06017124
144,0.06082763,0.058411635,0.060768105,0.07080942,0.06529717,0.06519558,0.060176566,0.060429655,0.0622294,0.06173556,0.061633024,0.065307185,0.064393036,0.060430307,0.0613222,0.061033547
145,0.06925568,0.06668652,0.06908314,0.07286563,0.059071064,0.05714686,0.06852671,0.06154048,0.06243813,0.06217582,0.06432726,0.062176816,0.058702443,0.05554533,0.055456232,0.05500187
146,0.05749177,0.053427827,0.05415937,0.062505975,0.070447445,0.07190536,0.05563907,0.06584066,0.06751068,0.06440639,0.061260715,0.06332415,0.06706736,0.061031587,0.06227722,0.06170444
147,0.06393145,0.06051546,0.061852567,0.065779984,0.065559104,0.06553802,0.06372074,0.06448709,0.065578565,0.06325761,0.06304572,0.06122811,0.0615902,0.05766689,0.05730364,0.058944907
148,0.061078835,0.05706147,0.05580547,0.05656786,0.06502205,0.0639766,0.059949007,0.07146959,0.070169024,0.06732827,0.06458446,0.059669204,0.06196403,0.06325438,0.06017534,0.06192441
149,0.059977762,0.05650163,0.05686889,0.06378201,0.066744894,0.06649262,0.059217248,0.06336777,0.06463325,0.06380323,0.06028833,0.063591644,0.066243105,0.06342128,0.06322007,0.061846297
150,0.05918483,0.05694786,0.05752486,0.067218415,0.067258134,0.067285195,0.059326276,0.057843912,0.06052832,0.060889598,0.058337994,0.06571607,0.06657738,0.06494069,0.06534191,0.06507853
151,0.06348784,0.059559867,0.059028424,0.059889253,0.06534293,0.0650996,0.06267226,0.06777193,0.06807111,0.0651993,0.063151985,0.06009415,0.062406793,0.059953388,0.058675762,0.059595414
152,0.054084595,0.04921739,0.049359765,0.056842066,0.0736712,0.076686114,0.0526981,0.07316037,0.07397532,0.066619486,0.061796643,0.06456656,0.07230597,0.057428725,0.06078447,0.05680318
153,0.057393786,0.053779665,0.052368976,0.056474432,0.069093,0.06959308,0.056576077,0.066800766,0.06734819,0.06534555,0.0599769,0.062061053,0.06726131,0.06631612,0.06472947,0.0648816
154,0.06443136,0.059110045,0.059679843,0.06086702,0.066068314,0.06702753,0.06270893,0.07210984,0.07228514,0.06649443,0.06557605,0.059182055,0.061736323,0.054098457,0.05441703,0.054207675
155,0.057331875,0.05305817,0.054362126,0.062917314,0.070016794,0.0713128,0.057029013,0.06731436,0.06927732,0.06449534,0.06289944,0.064638615,0.068051495,0.058303542,0.06030413,0.0586877
156,0.059776768,0.055467773,0.05670263,0.06496639,0.06929724,0.07056383,0.05930252,0.06532272,0.067612514,0.06376572,0.06175291,0.06441685,0.06764991,0.05680987,0.059207685,0.0573847
157,0.063774966,0.060055465,0.061164815,0.06718503,0.06628226,0.06652012,0.06300589,0.0627338,0.06515303,0.06262936,0.062490676,0.06216394,0.06271378,0.057205964,0.058198925,0.05872196
158,0.05513388,0.051589146,0.051543985,0.059178498,0.07157603,0.07348183,0.0545557,0.06631149,0.067777455,0.06415802,0.059549365,0.06475155,0.071016215,0.06285736,0.06446548,0.062053982
159,0.053892817,0.050024517,0.049957592,0.05714789,0.06962714,0.07051554,0.052575294,0.07204973,0.07160995,0.06690818,0.062643714,0.06523282,0.07089282,0.062733926,0.063741185,0.060446844
160,0.06075019,0.057655983,0.057994243,0.061612763,0.063755855,0.062621914,0.060257815,0.06744043,0.06691117,0.06492955,0.06416647,0.062215008,0.06348284,0.06317216,0.061449006,0.061584577
161,0.056926906,0.052803084,0.051876828,0.056417905,0.0722013,0.074522905,0.05567655,0.06948586,0.07012804,0.06575717,0.060009465,0.062428486,0.06875921,0.060806125,0.061415043,0.06078515
162,0.06434138,0.0609153,0.05973814,0.057714567,0.06280324,0.06122788,0.06376231,0.06968456,0.06796965,0.06638453,0.06484661,0.058062643,0.05815793,0.06336012,0.058446635,0.06258452
163,0.060749006,0.056605946,0.057639442,0.06369339,0.06722459,0.06751559,0.059693106,0.067028955,0.06796685,0.06475857,0.06282852,0.062392022,0.06504141,0.058805965,0.05955958,0.05849707
164,0.06339208,0.060183443,0.05940876,0.05994699,0.06369624,0.062425885,0.0632862,0.06664162,0.0662786,0.06494843,0.06315821,0.060012776,0.060918577,0.06332598,0.06021959,0.06215661
165,0.06276834,0.06024288,0.060425103,0.065695375,0.064300984,0.063201286,0.062661976,0.059919756,0.061589163,0.06204551,0.060808048,0.06196969,0.06176176,0.06487314,0.06301113,0.06472581
166,0.06055986,0.057643663,0.056799673,0.062662475,0.069310635,0.07007703,0.060108155,0.05991399,0.062462572,0.061975345,0.057977792,0.06217315,0.06458766,0.064526826,0.063742176,0.06547902
167,0.058205217,0.05402065,0.05508337,0.061377566,0.06862761,0.0695417,0.057592675,0.0712604,0.07177766,0.065712355,0.06440383,0.06439466,0.067508906,0.05636611,0.058211263,0.055916026
168,0.06993374,0.06850791,0.0673,0.0648359,0.05829424,0.05497147,0.070436716,0.060467757,0.06081379,0.06264348,0.06377789,0.058387972,0.0537951,0.06364677,0.057866555,0.06432075
169,0.06596012,0.06326563,0.06442521,0.06822154,0.062279522,0.06081533,0.06619985,0.061321266,0.06261343,0.06251033,0.06307991,0.06182723,0.059425272,0.059644885,0.058072634,0.060337864
170,0.060782164,0.057657808,0.059601307,0.067396015,0.062931396,0.061668422,0.05916646,0.06573044,0.06530528,0.06499624,0.064223066,0.06428911,0.062661946,0.061949458,0.06087624,0.06076462
171,0.058365416,0.05432191,0.056276526,0.06472567,0.06859796,0.06950115,0.057941932,0.06695661,0.068658546,0.06406267,0.063596286,0.06480019,0.067677565,0.05734635,0.059435938,0.057735264
172,0.06496407,0.060620878,0.065218866,0.07168043,0.062204484,0.061877035,0.06438661,0.068569355,0.06941814,0.064102896,0.06936315,0.062460527,0.060787883,0.05040396,0.052407615,0.051534094
173,0.061155494,0.057266317,0.056568887,0.05932004,0.06626957,0.0659625,0.060612783,0.06712764,0.067461304,0.06517922,0.06182746,0.060810886,0.06422415,0.0630228,0.06168303,0.061507925
174,0.057821278,0.054210506,0.05332951,0.057235386,0.0661594,0.06536795,0.05672256,0.07032602,0.06952992,0.066891655,0.06369352,0.06251649,0.06512868,0.06521621,0.063055865,0.06279503
175,0.06655937,0.064510584,0.06389343,0.064134315,0.06051892,0.0585371,0.06570134,0.063070126,0.06254396,0.06400764,0.06257511,0.059971966,0.05791236,0.06372512,0.05941005,0.06292855
176,0.06054765,0.056473024,0.056514576,0.05897533,0.065628834,0.065577075,0.05957814,0.07063846,0.07030745,0.06606919,0.06491623,0.06103233,0.0639551,0.060573574,0.059869926,0.059343167
177,0.05566258,0.0522689,0.053488698,0.06562094,0.07029599,0.07181723,0.054385416,0.06328179,0.06565434,0.06348392,0.06025031,0.06706003,0.07000004,0.061369974,0.06381274,0.061547127
178,0.05927308,0.054894734,0.054819517,0.05937724,0.068489164,0.06884971,0.058160048,0.068769746,0.06933956,0.06558029,0.06292252,0.06133881,0.06481631,0.06133925,0.060816262,0.061213784
179,0.058549937,0.05401713,0.05481153,0.058857422,0.066371284,0.0661628,0.058899757,0.07501525,0.07411305,0.06747654,0.06707748,0.06361597,0.0657434,0.056775294,0.056948077,0.05556505
180,0.061017115,0.057600062,0.05898795,0.067464106,0.06638435,0.06655241,0.060347784,0.063170455,0.065062284,0.063172154,0.06200649,0.06456442,0.06560741,0.05877223,0.06022363,0.059067093
181,0.057842076,0.054572586,0.055110626,0.0637767,0.06878192,0.06953891,0.05706261,0.06303702,0.064908236,0.06314197,0.060033437,0.064605504,0.068043396,0.062949404,0.06393079,0.06266476
182,0.061086643,0.057330575,0.060063817,0.07001555,0.06690722,0.06802427,0.059906874,0.06402379,0.066158876,0.062616535,0.06281128,0.06461014,0.06613921,0.055710133,0.058929987,0.055665087
183,0.058119547,0.05402784,0.05299903,0.0562168,0.06906273,0.06977014,0.05692435,0.07070726,0.07060374,0.06637765,0.062177107,0.061450094,0.06644809,0.06222974,0.06154308,0.06134284
184,0.055677727,0.051230144,0.053010765,0.06228037,0.06886264,0.06978824,0.054745793,0.07221491,0.07248972,0.06647158,0.06524376,0.066555314,0.0695325,0.05674982,0.05924694,0.055899765
185,0.06086562,0.057250347,0.05669654,0.060270414,0.06662214,0.06666923,0.05962316,0.06690639,0.067505814,0.06509622,0.062230192,0.06141433,0.06434641,0.061932307,0.06120081,0.06137011
186,0.055521023,0.051187802,0.051494535,0.058136556,0.07003757,0.07106355,0.054471638,0.07180024,0.07196085,0.066688836,0.063359044,0.06420194,0.06879454,0.06048266,0.06116692,0.059632216
187,0.06069664,0.057083756,0.05841529,0.06362784,0.06674588,0.067063175,0.06008587,0.06742851,0.06796668,0.06437101,0.063742556,0.06250228,0.064385295,0.058513194,0.058916375,0.058455624
188,0.05527921,0.05163395,0.052728727,0.06292874,0.07064718,0.07246229,0.053949263,0.06716448,0.0686942,0.06466188,0.061822426,0.066281736,0.07028985,0.059655767,0.062078226,0.059722077
189,0.0583095,0.0538858,0.056143876,0.06716903,0.06977387,0.071996965,0.056485757,0.06657512,0.068719596,0.063961186,0.06231942,0.065430366,0.0692644,0.055194877,0.059230376,0.055539872
190,0.06929393,0.066228636,0.06582822,0.06276052,0.05870552,0.055853944,0.069014266,0.06522481,0.064427435,0.06480744,0.06578196,0.05695658,0.054291252,0.062154956,0.05703065,0.061639853
191,0.059769385,0.05661305,0.053811558,0.055136897,0.06761166,0.06733011,0.058279704,0.065679714,0.06556619,0.065635554,0.058757465,0.060057014,0.063717544,0.06939874,0.06482296,0.067812435
192,0.059745528,0.05651704,0.056856774,0.06224572,0.06411157,0.06288087,0.058799148,0.066266425,0.06599803,0.06502034,0.06269912,0.06315628,0.06484181,0.0649962,0.06357174,0.062293418
193,0.05528211,0.0514657,0.052026637,0.06080722,0.07196209,0.07451562,0.054508362,0.06799333,0.069409154,0.06467631,0.06058543,0.066068895,0.07143929,0.058931824,0.06158468,0.05874334
194,0.06348726,0.059575785,0.06005487,0.062681876,0.064593665,0.064225316,0.063329205,0.068545006,0.069078945,0.06511483,0.06518782,0.0617239,0.062310304,0.056739204,0.056804683,0.05654733
195,0.06269035,0.058641337,0.057369336,0.05662344,0.06462462,0.063638225,0.06247027,0.07164031,0.070351064,0.06686991,0.065184504,0.058928374,0.060540687,0.061428405,0.05830089,0.060698323
196,0.07276822,0.0725555,0.07219091,0.067516945,0.055716462,0.05203057,0.07468212,0.05676776,0.057419766,0.060460743,0.06351567,0.057536963,0.051337395,0.063683674,0.05699346,0.06482387
197,0.057981685,0.053920217,0.05266337,0.054560956,0.066264175,0.06556159,0.056942333,0.07386911,0.072365806,0.06795036,0.064687386,0.06127343,0.06494934,0.06396617,0.06171454,0.0613296
198,0.05985868,0.055836648,0.055006508,0.058539934,0.06837851,0.06895041,0.059130594,0.068297766,0.06903727,0.065459915,0.061915297,0.06228924,0.065652646,0.060846448,0.060244467,0.060555648
199,0.060923513,0.05728249,0.05857075,0.06508799,0.066098265,0.0662625,0.05986087,0.0655638,0.06631252,0.06424407,0.06276071,0.06281248,0.06426411,0.059912924,0.06023513,0.059807826
200,0.06166336,0.058263358,0.058766883,0.062642984,0.065745816,0.065538034,0.061384134,0.06736269,0.067555524,0.06494148,0.06366101,0.062298074,0.062674016,0.05940874,0.058426287,0.059667613
201,0.060965363,0.05549455,0.054855626,0.055055954,0.06867858,0.06989944,0.060064137,0.07628807,0.0752682,0.06823991,0.06530874,0.058553457,0.06283204,0.05654854,0.055685118,0.05626232
202,0.06296151,0.05947124,0.05957962,0.060272027,0.062945314,0.061443128,0.06281259,0.06846932,0.06769144,0.065395646,0.065460674,0.060186528,0.060551707,0.06231197,0.05934855,0.061098717
203,0.06009551,0.05676205,0.056455757,0.058139168,0.063756466,0.062549315,0.059869062,0.07023662,0.06880077,0.0662105,0.0650288,0.061183434,0.06277331,0.06437946,0.061358433,0.062401347
204,0.061039478,0.056715373,0.058468383,0.06412847,0.06908412,0.07078537,0.060722128,0.068033375,0.06956769,0.064178094,0.06379218,0.062515706,0.06500936,0.054198347,0.055932846,0.055829115
205,0.05680767,0.053168043,0.0561603,0.06821006,0.06665393,0.06722938,0.0555856,0.06649967,0.067818604,0.06413602,0.06464152,0.06763141,0.068536304,0.05822563,0.06103661,0.057659235
206,0.061091688,0.05910927,0.05715133,0.057712223,0.06406714,0.062711336,0.06137461,0.064819165,0.064018786,0.06476028,0.060864806,0.060870282,0.06142565,0.06887852,0.063260764,0.067884095
207,0.06613097,0.063414775,0.06136382,0.057178684,0.060531862,0.058011413,0.066465154,0.068451494,0.06637414,0.06604973,0.06400758,0.057479415,0.057737406,0.06501044,0.05913262,0.062660486
208,0.06307071,0.059427585,0.06031529,0.064842544,0.065487474,0.06534826,0.062069803,0.06506611,0.065973744,0.06415248,0.06308115,0.06145017,0.06199932,0.059219025,0.058657248,0.059839126
209,0.05638094,0.052753977,0.052818082,0.058485627,0.06832447,0.06877301,0.055569503,0.06993939,0.069771685,0.0659585,0.063240774,0.06378152,0.067219615,0.06278638,0.062198654,0.061997943
210,0.06520941,0.06133633,0.061401606,0.06163336,0.06443911,0.0638513,0.06529857,0.0679965,0.068269305,0.06469745,0.06485304,0.05912721,0.060207598,0.057510972,0.05637775,0.05779046
211,0.05996482,0.056811735,0.056922328,0.06332288,0.06602776,0.065733,0.05875566,0.06366825,0.06454401,0.06401715,0.060741983,0.06296741,0.065344825,0.0643488,0.063638985,0.06319039
212,0.0613151,0.059000243,0.059388597,0.06626877,0.065034516,0.06427601,0.060642954,0.061501496,0.06298734,0.06292865,0.06142608,0.06398175,0.06328252,0.06293972,0.061773174,0.06325308
213,0.06478565,0.062287126,0.061222944,0.0608921,0.061032254,0.05881781,0.06481621,0.0653933,0.06475395,0.064866155,0.06350428,0.060221158,0.059544444,0.06461122,0.060415912,0.06283546
214,0.060994234,0.05696277,0.05670286,0.060359657,0.06497462,0.06392015,0.059583716,0.068627544,0.06849791,0.06634121,0.063739,0.06130218,0.06331367,0.06269166,0.061164584,0.060824245
