,AV1,AV2,AV3,BA,FI1,FI2,HS,IM1,IM2,IM3,IM4,PE1,PE2,VA1,VA2,VA3
0,0.06023253,0.058714654,0.05789095,0.058441877,0.066606924,0.0663481,0.060344663,0.068676345,0.06744064,0.064969696,0.06243507,0.06084682,0.065269016,0.060733728,0.061116893,0.05993214
1,0.059984192,0.057405956,0.058108203,0.06313895,0.07098019,0.073085845,0.060226813,0.06570863,0.066953786,0.0626234,0.061170388,0.062091757,0.06926738,0.053889066,0.05949261,0.055872858
2,0.058963694,0.056924436,0.05711509,0.06097733,0.07033276,0.07203284,0.059379242,0.06488621,0.06570275,0.062906794,0.05993186,0.06208186,0.06881751,0.058590613,0.061480816,0.05987615
3,0.060312696,0.05759003,0.05826348,0.06263487,0.0688395,0.069929704,0.058984842,0.070024095,0.06953473,0.064653225,0.06389985,0.06060836,0.06691526,0.05395522,0.058939833,0.05491433
4,0.053866997,0.05152684,0.0523954,0.06101029,0.07398517,0.07765613,0.05424825,0.06542363,0.06643494,0.06266349,0.058726095,0.06590866,0.07465895,0.058528077,0.06356887,0.059398174
5,0.06082642,0.058908004,0.06009069,0.06400825,0.06875469,0.07002812,0.062533416,0.06561033,0.06646443,0.062197004,0.062600836,0.06201611,0.06747776,0.053678006,0.058543205,0.056262705
6,0.06421245,0.064027786,0.063861355,0.062795416,0.065684564,0.06526643,0.06723283,0.062321037,0.06355489,0.061344113,0.061920162,0.06020608,0.06284689,0.05688168,0.057844706,0.059999626
7,0.06212084,0.060821883,0.06266092,0.06854053,0.066156305,0.066576585,0.062079236,0.0631278,0.06405732,0.061796345,0.0630599,0.06236046,0.06437015,0.054974053,0.059181113,0.058116585
8,0.06485727,0.06612113,0.06856072,0.07351939,0.0607533,0.05881311,0.066635944,0.058461163,0.059031244,0.05979621,0.06207623,0.06420652,0.061171506,0.0571807,0.058868557,0.05994707
9,0.06056373,0.059875682,0.060993712,0.06600516,0.064487256,0.063788354,0.0616052,0.0648131,0.064145915,0.062782235,0.06282124,0.0647605,0.06553549,0.05823632,0.060409773,0.059176367
10,0.06382527,0.06220726,0.06339979,0.06668007,0.06766791,0.06871483,0.065859765,0.06127755,0.06303243,0.060530912,0.06076429,0.06148907,0.065413795,0.05388316,0.05803779,0.05721612
11,0.057243142,0.054579306,0.05524252,0.062413815,0.069807924,0.07147126,0.055990543,0.07326096,0.071784556,0.06573216,0.06567765,0.06389892,0.069238104,0.052101515,0.057781123,0.053776454
12,0.05397227,0.051707126,0.05353783,0.06251436,0.07480037,0.0786859,0.055251174,0.064521864,0.066231176,0.061741978,0.059986617,0.0663182,0.07314244,0.056527566,0.061683454,0.05937763
13,0.054007817,0.051020425,0.051890057,0.059418865,0.0752694,0.079361305,0.054201484,0.068079874,0.06884698,0.063676916,0.059866816,0.06412827,0.07413011,0.056445733,0.061917316,0.0577387
14,0.069261156,0.068704374,0.06949033,0.07086713,0.060758356,0.058910813,0.06937546,0.06373298,0.063745484,0.062048834,0.06557912,0.06051338,0.058994666,0.050448682,0.053656742,0.05391253
15,0.051502965,0.049082495,0.051334113,0.063158624,0.07634801,0.081346214,0.052043334,0.06554026,0.067004755,0.06216826,0.0597034,0.06752077,0.07539034,0.056324143,0.06269122,0.058841124
16,0.055556454,0.05311921,0.054652102,0.0633863,0.072984904,0.07635309,0.056733105,0.065010116,0.06598505,0.0623108,0.0596029,0.06588316,0.07299188,0.055873957,0.061504144,0.058052827
17,0.063069105,0.061566792,0.05924352,0.056971792,0.065067455,0.06366714,0.06351741,0.072167,0.070302114,0.066302694,0.06558074,0.059358016,0.062811576,0.056631025,0.057161648,0.05658196
18,0.06314101,0.06152055,0.062109586,0.06515772,0.06533679,0.06488875,0.06323499,0.06727942,0.06664771,0.063922025,0.06375627,0.061400093,0.06392168,0.0544069,0.057675272,0.055601213
19,0.058401104,0.05799281,0.05870123,0.06328032,0.06543266,0.06470445,0.059977517,0.065825574,0.06499434,0.063318804,0.06307527,0.06499028,0.06610597,0.060576815,0.061677665,0.06094519
20,0.06203036,0.060795866,0.06115578,0.06342599,0.06694039,0.06721613,0.06432562,0.06325222,0.064171955,0.061844647,0.06169409,0.062295943,0.065638885,0.056818545,0.05934402,0.05904951
21,0.05927745,0.05748481,0.058506034,0.06446687,0.0679998,0.06892267,0.05934887,0.06513842,0.06565569,0.06276162,0.061865833,0.0633349,0.06815236,0.057204586,0.061619017,0.05826103
22,0.056216322,0.054832336,0.05484783,0.05962631,0.07022303,0.07159134,0.057523996,0.06499013,0.06531368,0.06305472,0.059670195,0.06523654,0.07055348,0.0613841,0.0627807,0.062155288
23,0.061919235,0.06058025,0.059618518,0.06056271,0.06439737,0.06330547,0.06184545,0.06685067,0.0657468,0.064619794,0.062255338,0.061060756,0.06416482,0.061166927,0.061489552,0.060416363
24,0.069321886,0.069364995,0.06878007,0.06473829,0.06122758,0.059392925,0.07200544,0.06329041,0.06375182,0.061466772,0.06501197,0.058763046,0.058803976,0.053081095,0.054584652,0.056415077
25,0.061962694,0.060690418,0.06269111,0.069353044,0.06569712,0.06604153,0.062027764,0.06252585,0.06337452,0.06136323,0.0624418,0.063047096,0.06536464,0.055474777,0.06026928,0.057675138
26,0.056674648,0.054997645,0.055034894,0.058990985,0.069225684,0.07005616,0.05736755,0.06586124,0.06564163,0.06358873,0.059933353,0.06373704,0.06941441,0.06302355,0.06419087,0.06226162
27,0.07043162,0.07008133,0.06983812,0.06637098,0.060480326,0.05839307,0.07171368,0.0630228,0.0631042,0.061902598,0.06463138,0.05755528,0.057274245,0.05369648,0.054733213,0.056770716
28,0.051194057,0.048405465,0.049407672,0.057036955,0.07703729,0.08200256,0.052277535,0.07146792,0.071708985,0.06458073,0.062002108,0.065508306,0.07464067,0.05514622,0.06015628,0.057427242
29,0.062835835,0.06219992,0.061629366,0.060759746,0.06407988,0.06264243,0.06496882,0.06545682,0.064859286,0.063614324,0.06275823,0.061272744,0.062938206,0.059928566,0.05963082,0.060424965
30,0.066134766,0.066366866,0.06657735,0.06677113,0.060844105,0.058168564,0.0680998,0.06505918,0.06450432,0.06286415,0.06624303,0.06137849,0.059584375,0.05464972,0.055729624,0.057024527
31,0.057460863,0.055230413,0.05542568,0.060411498,0.07088839,0.0726897,0.05828141,0.068137996,0.0683706,0.063694745,0.062125452,0.0637405,0.0703838,0.055863153,0.06019408,0.057101738
32,0.06381379,0.063617446,0.06358603,0.06292533,0.064232774,0.06330512,0.065994576,0.062526554,0.06290592,0.061977584,0.06199181,0.060437437,0.061755657,0.05982644,0.05947091,0.06163261
33,0.05679936,0.054347746,0.05481276,0.061469097,0.07226442,0.07471933,0.057194218,0.06657758,0.06753359,0.06331514,0.06091621,0.06424964,0.07122834,0.05603946,0.060541548,0.05799155
34,0.0672093,0.06809553,0.06854897,0.06800808,0.05995117,0.057460774,0.06980442,0.060637612,0.06117435,0.06086787,0.06385016,0.061284825,0.05918492,0.056945477,0.05761915,0.059357382
35,0.060762417,0.060450014,0.059928585,0.061097857,0.06505588,0.06388186,0.06295344,0.063272074,0.063067906,0.06292174,0.060969178,0.06326408,0.06423926,0.063109584,0.061504677,0.06352144
36,0.057787184,0.055560276,0.05582879,0.05981671,0.073308125,0.07603214,0.059415888,0.06555471,0.06743432,0.0626952,0.061010595,0.061609827,0.06893883,0.05612121,0.059408512,0.05947772
37,0.058704197,0.057411585,0.05787337,0.061706603,0.06885557,0.06962631,0.06079145,0.06347464,0.064334,0.062365506,0.060105138,0.06362564,0.067776866,0.060172744,0.061713487,0.06146291
38,0.061322816,0.059199497,0.060057644,0.06454254,0.06824335,0.06929995,0.06157121,0.066150114,0.0667482,0.063312665,0.0628849,0.060907103,0.06566696,0.054536358,0.058479417,0.05707734
39,0.068736784,0.06947623,0.06912596,0.066641964,0.059153505,0.056316495,0.07035719,0.061646722,0.061397903,0.06172689,0.06348711,0.059547752,0.058232807,0.05753352,0.05731056,0.059308633
40,0.06797431,0.068685636,0.069506824,0.06957564,0.060402915,0.0580739,0.07073753,0.057318047,0.058486808,0.06000285,0.06061529,0.06030495,0.058732547,0.05916073,0.058950797,0.06147117
41,0.06292648,0.061962206,0.06337202,0.067057796,0.0658467,0.06582963,0.06394097,0.06226501,0.06281076,0.06153088,0.060970362,0.062486537,0.064955294,0.056213893,0.05931887,0.058512628
42,0.055000927,0.051328022,0.052423958,0.060508825,0.075097896,0.079975076,0.053702556,0.0720776,0.07249289,0.06440063,0.06304,0.06301427,0.07355969,0.051101316,0.05926528,0.05301106
43,0.064233355,0.062608086,0.062707596,0.06520457,0.06696625,0.0675699,0.06493008,0.0636229,0.06465639,0.062115997,0.061646227,0.06079163,0.06452478,0.053942483,0.057430796,0.057049002
44,0.051265065,0.048103284,0.048625775,0.056684293,0.07724812,0.08211424,0.05154294,0.06883247,0.06980452,0.06391158,0.059430998,0.064962536,0.07626088,0.05844029,0.06379459,0.058978416
45,0.062776856,0.06290524,0.064739406,0.0701615,0.06227033,0.060846813,0.064106196,0.060172003,0.060666688,0.0611252,0.06197032,0.06405725,0.06285287,0.0592307,0.060879286,0.061239343
46,0.056647837,0.0538,0.055449985,0.06374235,0.072913416,0.07627596,0.056712925,0.06817568,0.06885512,0.06316039,0.062496644,0.06429436,0.07123013,0.052389722,0.0589366,0.054918893
47,0.0630297,0.0619246,0.060937013,0.06059187,0.06665912,0.06624874,0.06530946,0.063333,0.06409064,0.062545896,0.060427714,0.061055627,0.064697035,0.05924833,0.059753723,0.060147606
48,0.05933574,0.05838759,0.058088094,0.06151977,0.066842124,0.0665403,0.061111506,0.06595863,0.065842636,0.06358005,0.062786914,0.06460146,0.066178046,0.05893723,0.06011037,0.060179558
49,0.061938383,0.06058597,0.06098708,0.06330324,0.067273475,0.067699626,0.06353366,0.066672705,0.06661575,0.06319872,0.064077,0.061987203,0.06446033,0.054032493,0.05648036,0.057154033
50,0.052138213,0.049171053,0.04861512,0.053666264,0.07534655,0.079396,0.052085042,0.07419478,0.07302011,0.066284016,0.06110323,0.06380263,0.074755095,0.057722244,0.061614886,0.057084747
51,0.060381293,0.058984317,0.05938163,0.063303135,0.064108126,0.06322414,0.059678476,0.07053754,0.06814678,0.065355666,0.06554591,0.06374352,0.065438196,0.056418963,0.059302486,0.05644984
52,0.058810398,0.057472717,0.05719395,0.060943093,0.06887358,0.06964473,0.060552068,0.064648665,0.065439306,0.063081056,0.060801446,0.06350996,0.06770442,0.059451334,0.061064955,0.060808323
53,0.050602138,0.047036454,0.04737289,0.05577645,0.07839651,0.08428137,0.05024392,0.07162429,0.07203712,0.065061495,0.059850726,0.0650362,0.07725457,0.056205172,0.062337574,0.056883074
54,0.061133686,0.058934703,0.059034053,0.061169248,0.07001329,0.071623005,0.062543586,0.06366122,0.06505476,0.062105745,0.0597817,0.061127733,0.067749746,0.05698486,0.060140535,0.05894216
55,0.061953776,0.060980406,0.06090314,0.063288175,0.06410082,0.06276469,0.06286562,0.0652434,0.06481219,0.06362292,0.06285733,0.061754663,0.063621916,0.06000775,0.060971126,0.060252056
56,0.061598755,0.06099006,0.060529023,0.06211183,0.06460012,0.06357766,0.06299756,0.063555926,0.06352004,0.06300356,0.06128389,0.062707044,0.06426537,0.061737735,0.06171625,0.0618052
57,0.064072706,0.062167063,0.059824597,0.056388978,0.06607254,0.065215856,0.065230325,0.06838976,0.068143204,0.06466365,0.06282123,0.058071587,0.06338121,0.058495853,0.05899444,0.058066998
58,0.054429173,0.052097056,0.054000374,0.063154586,0.07368281,0.07738048,0.054659583,0.065578245,0.06658252,0.06260303,0.060237814,0.06522769,0.07211926,0.057030782,0.0620618,0.05915481
59,0.066157416,0.06644503,0.0670599,0.06654576,0.062014718,0.060317762,0.06916043,0.058266737,0.05951706,0.060438596,0.06065492,0.05998257,0.05959762,0.060790885,0.05996452,0.06308605
60,0.060020417,0.059254516,0.06113837,0.068013474,0.06703424,0.067591205,0.061599948,0.062688805,0.06338459,0.061402187,0.061723996,0.06514069,0.06701073,0.055784997,0.05957364,0.058638204
61,0.057512917,0.05475596,0.054151814,0.05800788,0.071099125,0.073032536,0.05727779,0.07086696,0.07051738,0.06541053,0.0627196,0.0620215,0.06940036,0.056342058,0.060357485,0.05652615
62,0.06457315,0.06368484,0.06455048,0.0675874,0.06360556,0.06266995,0.06596369,0.0630785,0.06330869,0.061942644,0.06283733,0.06265288,0.063477084,0.05496718,0.05802008,0.057080552
63,0.060901105,0.05945372,0.060080934,0.06414501,0.06856933,0.06938725,0.062194556,0.06472863,0.065647304,0.062359326,0.062171143,0.06258538,0.06644495,0.05504319,0.05854232,0.05774583
64,0.05565777,0.0543318,0.055295102,0.061238874,0.0693253,0.070353374,0.056504738,0.06740097,0.066513166,0.063726656,0.061785616,0.065294586,0.06965639,0.060102772,0.0623256,0.060487304
65,0.059518393,0.058741413,0.05990211,0.066096716,0.066014044,0.065717064,0.06070399,0.06309859,0.063340895,0.06274388,0.061726682,0.06481028,0.06512019,0.059786387,0.061263368,0.061415993
66,0.060959782,0.05990718,0.06097015,0.06499582,0.06674747,0.067009136,0.06253107,0.060781997,0.06185093,0.061147355,0.059218023,0.06271641,0.06648527,0.060450166,0.062654644,0.061574645
67,0.064287275,0.06374183,0.06381835,0.0640734,0.06500611,0.064562514,0.06595459,0.06335762,0.06362527,0.06200045,0.06198137,0.06080366,0.06294578,0.05679183,0.05798986,0.059060078
68,0.058318015,0.056646507,0.055094168,0.055847473,0.068328485,0.0684131,0.059155975,0.06972688,0.06864154,0.065435156,0.062154002,0.06198463,0.06707912,0.06137388,0.06136051,0.06044055
69,0.0532416,0.05106781,0.050023973,0.053172592,0.07191077,0.07352556,0.0539953,0.069675885,0.068844974,0.065554455,0.05975424,0.063745,0.071339205,0.06560486,0.0649856,0.06355815
70,0.058923107,0.05725066,0.057228416,0.061563905,0.06817164,0.06882782,0.060177796,0.06818422,0.06765132,0.06394327,0.06321489,0.06537091,0.06838742,0.055479698,0.058958363,0.056666523
71,0.0663581,0.06556221,0.06490809,0.0644245,0.06287099,0.06126387,0.06735821,0.06286248,0.06329959,0.062342215,0.062129304,0.060819067,0.062074464,0.056968328,0.058421955,0.05833668
72,0.055748634,0.05370368,0.05369746,0.058329813,0.07274669,0.07520551,0.056870077,0.06712444,0.06769177,0.06359926,0.06075034,0.06380427,0.07052317,0.058579907,0.061100855,0.06052415
73,0.072584786,0.07385895,0.069549985,0.058855653,0.05658936,0.052245837,0.074786015,0.0633646,0.062275454,0.06347805,0.06308231,0.055663254,0.05442482,0.061668377,0.056742508,0.060830023
74,0.061681006,0.061582565,0.06370101,0.07155162,0.063169345,0.062048543,0.06294002,0.057817247,0.05898122,0.06014816,0.060098283,0.065831795,0.0641889,0.060916256,0.06297077,0.062373262
75,0.061655223,0.059757575,0.05831232,0.05811024,0.0676024,0.067579985,0.061801333,0.068201065,0.06808724,0.064730145,0.06289541,0.059487663,0.06480129,0.058423854,0.05957808,0.05897617
76,0.05627559,0.05395356,0.055133455,0.0625097,0.0730809,0.0765594,0.05707437,0.06374467,0.06534819,0.06190544,0.058975723,0.06396104,0.07189685,0.057474174,0.06234842,0.05975851
77,0.05466523,0.051546797,0.05106944,0.05598645,0.07502114,0.07880109,0.054608695,0.06877665,0.06944706,0.06473234,0.059291877,0.061907977,0.07218387,0.05957052,0.06285202,0.059538808
78,0.055478457,0.05408913,0.054754574,0.061391443,0.06985174,0.071144655,0.056501683,0.06531965,0.06526813,0.06314352,0.06040166,0.066328056,0.070289925,0.061129767,0.06323488,0.0616727
79,0.049920514,0.04554246,0.045658227,0.053361718,0.07970976,0.086811155,0.048652396,0.07500305,0.07491188,0.06607954,0.0596353,0.06298709,0.078961976,0.055305425,0.062685065,0.054774497
80,0.05410121,0.052261278,0.053500004,0.061650973,0.07145196,0.07365707,0.05486659,0.06596443,0.066094354,0.06312599,0.06023907,0.06670952,0.07235118,0.059986677,0.06373491,0.060304794
81,0.059158012,0.058338597,0.05995036,0.065806545,0.0655176,0.06506068,0.060711056,0.0647366,0.06412342,0.062852666,0.062658936,0.06514514,0.06602604,0.05896557,0.06085757,0.060091227
82,0.05515392,0.051554564,0.050634973,0.053762544,0.075377166,0.07913844,0.05487326,0.073756695,0.07363521,0.06616597,0.061534125,0.06103614,0.073053144,0.055011373,0.05979175,0.05552075
83,0.05580781,0.053530484,0.052870985,0.055910654,0.07253597,0.07451378,0.05708089,0.06937218,0.069399774,0.06470994,0.061438628,0.06330497,0.07032139,0.058872975,0.06089596,0.059433606
84,0.0571493,0.055480346,0.055369478,0.059010774,0.07008816,0.0709872,0.058680747,0.067284845,0.06733154,0.063808456,0.06175495,0.06352507,0.06897356,0.05922287,0.061219692,0.06011297
85,0.056987688,0.05604386,0.05834671,0.06860102,0.06717008,0.067693606,0.05776063,0.061898522,0.062452395,0.06147482,0.06066512,0.067891166,0.06946178,0.05930669,0.06326143,0.06098445
86,0.06031183,0.059349965,0.059887778,0.06372465,0.06576615,0.065397464,0.061032414,0.06187516,0.062302697,0.06214163,0.05956962,0.063106835,0.0663478,0.06268297,0.06389109,0.06261197
87,0.05933852,0.057430945,0.056233257,0.057754338,0.06878941,0.069220886,0.059901815,0.06750497,0.06742252,0.06447715,0.06128646,0.061926007,0.06744145,0.06007667,0.06137337,0.059822194
88,0.058377095,0.056344006,0.05712325,0.06314077,0.069053076,0.07023252,0.058735885,0.067379184,0.0671568,0.0637475,0.06219818,0.06397436,0.06891604,0.05615028,0.06052414,0.05694697
89,0.069338515,0.06917047,0.06866523,0.06693918,0.062389407,0.060585458,0.0707354,0.059527114,0.061200295,0.0606415,0.061732702,0.05832169,0.05918833,0.055770777,0.056738142,0.05905577
90,0.05973812,0.059183426,0.060328595,0.06458208,0.06710367,0.06723496,0.062109068,0.06263896,0.06317521,0.061622083,0.06075121,0.06418003,0.06629115,0.059363026,0.061110314,0.060588114
91,0.072206564,0.07416308,0.07551031,0.074936666,0.056758113,0.0533802,0.075655945,0.0549396,0.05629833,0.05820911,0.062298447,0.06085072,0.05544691,0.054810286,0.055200275,0.059335437
92,0.061805457,0.059868995,0.059005406,0.059667084,0.068383284,0.0689121,0.06291669,0.0642787,0.06528586,0.06305023,0.06040668,0.060140286,0.06572432,0.05938104,0.06061565,0.06055819
93,0.05872277,0.05660328,0.058291174,0.06490058,0.06782817,0.068862386,0.058091387,0.06857127,0.06782083,0.06406537,0.063875794,0.06278265,0.0676362,0.055279654,0.06026529,0.05640324
94,0.07020939,0.06995683,0.07053715,0.06838676,0.06098339,0.059186906,0.07161843,0.060541835,0.06132199,0.06069093,0.06264069,0.05795967,0.058289938,0.05440821,0.05600287,0.057265
95,0.056651033,0.053620458,0.053908415,0.05914241,0.07134143,0.07347829,0.05561966,0.07316013,0.07192605,0.06582348,0.064216726,0.06226858,0.06953721,0.0545811,0.059203185,0.05552182
96,0.05512614,0.05322145,0.054311823,0.060956273,0.07190472,0.074432306,0.05619507,0.0675619,0.067661785,0.063420795,0.061370373,0.06489709,0.071155004,0.057475705,0.061656468,0.058653057
97,0.05850188,0.056975666,0.05634607,0.05859729,0.069855444,0.07093899,0.059803545,0.06667685,0.066751204,0.063693844,0.061151225,0.062906496,0.06780723,0.059176307,0.06020592,0.060612027
98,0.065707415,0.06361474,0.06354667,0.06390747,0.06575368,0.065682665,0.06592805,0.06618177,0.06657778,0.06310552,0.063657805,0.05876595,0.06289494,0.05289447,0.056710172,0.05507089
99,0.06393883,0.062477008,0.06237114,0.06382262,0.06611018,0.06628884,0.06524777,0.06426109,0.06505201,0.062382527,0.062487625,0.061048944,0.0642482,0.054930396,0.057839222,0.057493664
100,0.051017426,0.047791097,0.04917312,0.059377067,0.07744761,0.08314604,0.050796885,0.070535704,0.070933774,0.06414126,0.060894303,0.06639267,0.07689693,0.054219387,0.0612464,0.055990368
101,0.06485987,0.06408414,0.063544534,0.062308017,0.064411625,0.063486986,0.06606496,0.063983425,0.06416257,0.06250152,0.061832186,0.05927317,0.06259363,0.058248024,0.059203506,0.05944187
102,0.06670498,0.067829974,0.06839553,0.06867664,0.058905687,0.055936657,0.06898973,0.057856996,0.058239214,0.060383122,0.060562283,0.06139942,0.059092324,0.06256235,0.061231542,0.06323358
103,0.06833284,0.0674953,0.06589911,0.06224342,0.063350275,0.0619578,0.069823764,0.06554282,0.06559469,0.062921315,0.0635428,0.057913106,0.060490362,0.053714428,0.05524396,0.055934053
104,0.068006,0.06850946,0.06670535,0.06188431,0.06240998,0.060201995,0.07162971,0.06178587,0.06244381,0.061761737,0.06191881,0.05870379,0.059398547,0.057919603,0.056470294,0.060250767
105,0.061536625,0.0601599,0.059832383,0.06138932,0.066047385,0.06567438,0.06220185,0.06690249,0.0660265,0.06391504,0.06220356,0.061733317,0.06580799,0.058118496,0.059848774,0.058602
106,0.063410185,0.0628079,0.063302144,0.06664569,0.06656739,0.06677245,0.06508093,0.06136717,0.06326387,0.060978483,0.062382236,0.062300805,0.06360056,0.05482566,0.057775345,0.05891921
107,0.06439692,0.06343579,0.0638381,0.06533027,0.064914756,0.064406425,0.06482554,0.06470686,0.064747,0.062503204,0.06319795,0.061471242,0.063477896,0.054541394,0.057012327,0.057194315
108,0.05051374,0.047293972,0.04875146,0.058699347,0.07909838,0.08583542,0.05053964,0.06938011,0.07040937,0.06351292,0.059986625,0.06591352,0.0771418,0.05460823,0.06124549,0.057069957
109,0.05061932,0.04720581,0.047565985,0.055891927,0.077949055,0.08342532,0.050445404,0.06937291,0.07018354,0.06446208,0.0586047,0.06469956,0.07706358,0.059009533,0.0643158,0.05918547
110,0.06174471,0.060293294,0.05925341,0.059319228,0.067807764,0.06772814,0.06359989,0.06620291,0.066679135,0.06364415,0.0623688,0.0604798,0.06475627,0.05790754,0.058796365,0.0594186
111,0.06540158,0.06427951,0.06370531,0.06395274,0.064200155,0.06314383,0.066167496,0.06457004,0.06445716,0.06290672,0.062136948,0.060490165,0.06345544,0.05578809,0.057945427,0.05739938
112,0.0645853,0.063467756,0.06274337,0.06197349,0.064276926,0.06307975,0.0652966,0.06548185,0.06526348,0.06357551,0.06290252,0.059837617,0.062352493,0.057713754,0.05854416,0.058905426
113,0.061806694,0.059586663,0.0586077,0.058626942,0.06834902,0.06899925,0.06202827,0.071064115,0.07036734,0.06497578,0.064633064,0.06023365,0.06578057,0.0533416,0.056634992,0.054964352
114,0.05725762,0.055480458,0.0561837,0.06201251,0.06916958,0.070075504,0.058054816,0.06740009,0.06748969,0.06361303,0.06270901,0.06413255,0.0689168,0.05758746,0.061565265,0.058351904
115,0.058844477,0.056700546,0.05648205,0.060116146,0.06823163,0.06877809,0.05873569,0.07022247,0.06908503,0.06509428,0.063326,0.06250751,0.06805731,0.05676827,0.060165595,0.05688488
116,0.070115015,0.07146369,0.071425766,0.06837706,0.058029763,0.055105634,0.07210676,0.059626713,0.059491977,0.060606286,0.062350582,0.05990421,0.057548475,0.057435747,0.05702578,0.0593865
117,0.06354388,0.06262987,0.06253538,0.06455935,0.06406175,0.06292195,0.06432576,0.06313253,0.063446596,0.062668346,0.06195224,0.06159143,0.06314389,0.059128437,0.060488746,0.059869852
118,0.04945053,0.04490636,0.04463868,0.050948296,0.0798175,0.08687082,0.0487575,0.077706955,0.07681872,0.067006886,0.061234027,0.0638592,0.07810959,0.054616045,0.061219376,0.05403957
119,0.060560193,0.060474318,0.062312532,0.06845387,0.06516279,0.06455328,0.062670104,0.061585464,0.062114734,0.061683565,0.062054563,0.06516196,0.064233094,0.05828858,0.05996424,0.06072666
120,0.07078254,0.072354384,0.07227465,0.0700346,0.05738545,0.053997442,0.073407225,0.057076283,0.05778461,0.06008276,0.06169346,0.060223207,0.056064844,0.058551166,0.057229247,0.06105817
121,0.06395488,0.06321588,0.06361799,0.066286586,0.065308444,0.06504746,0.06527814,0.06331552,0.06411991,0.06165894,0.062928356,0.061938226,0.063761204,0.054381296,0.057618357,0.057568792
122,0.05460947,0.052618887,0.05154351,0.054139793,0.07258531,0.074653424,0.05612049,0.0689884,0.06867693,0.064725876,0.059923165,0.06330578,0.071063,0.06232316,0.06301694,0.0617058
123,0.06406826,0.06315734,0.0637687,0.06616628,0.06473393,0.064354874,0.06559397,0.06334396,0.06373971,0.061930157,0.062442627,0.06212792,0.063871674,0.055256024,0.057993703,0.05745088
124,0.06151647,0.060168434,0.060866483,0.06549554,0.06446232,0.063772045,0.061390627,0.06441779,0.064005375,0.06304218,0.06153302,0.06256684,0.06558796,0.05954801,0.06255024,0.05907665
125,0.06671292,0.066073716,0.064212486,0.05965518,0.06283362,0.060819373,0.06849842,0.06659654,0.065786086,0.06393996,0.06383757,0.05816435,0.059890922,0.057699382,0.05687442,0.05840505
126,0.06302964,0.06154125,0.06125401,0.0631961,0.065353066,0.06484921,0.06336359,0.066270426,0.066347554,0.06381418,0.06379382,0.061181277,0.06357128,0.05614712,0.058392018,0.05789544
127,0.059630055,0.05788387,0.056000683,0.055503555,0.0688651,0.06894886,0.061159294,0.06828494,0.06800019,0.06500317,0.06125857,0.06077147,0.06639266,0.060943518,0.060791843,0.060562294
128,0.060904417,0.060570475,0.060088072,0.05980349,0.06614746,0.06568209,0.06257325,0.06385704,0.06414578,0.06268835,0.0616957,0.061412968,0.06379825,0.062063098,0.06065412,0.063915506
129,0.06456039,0.06401238,0.06360743,0.063016556,0.06349993,0.062158696,0.06587722,0.06536639,0.06480456,0.06298901,0.06346791,0.06094528,0.06208149,0.057164468,0.058142077,0.058306165
130,0.06261399,0.06119639,0.060413145,0.060750138,0.0673585,0.0674266,0.063202456,0.06536591,0.06586027,0.063402414,0.06158289,0.060413204,0.064574584,0.057599284,0.05893165,0.05930859
131,0.060198337,0.058175143,0.05846314,0.06232488,0.06827274,0.06889448,0.06038843,0.067040786,0.06705266,0.06409859,0.06262758,0.0617329,0.06612949,0.05682357,0.059676465,0.0581008
132,0.067698464,0.06800002,0.06842534,0.06837538,0.06015728,0.057783563,0.069873236,0.060087938,0.060776453,0.061058216,0.06313476,0.060428947,0.058740687,0.057501994,0.057959534,0.059998196
133,0.069344394,0.06871446,0.068531,0.06601781,0.06283092,0.061535615,0.0708747,0.06039302,0.061958462,0.060798455,0.06185767,0.05775356,0.059361994,0.055208426,0.056570847,0.05824865
134,0.0645383,0.06348586,0.0616276,0.0590375,0.06333712,0.061377876,0.06541832,0.06935641,0.06781807,0.0650935,0.064593524,0.059529718,0.062228348,0.05737876,0.057833273,0.057345856
135,0.06358815,0.0624382,0.06292595,0.06430708,0.06647195,0.06658329,0.064821966,0.06432351,0.064946815,0.062493388,0.06285482,0.06063988,0.062753096,0.0552705,0.057167187,0.058414273
136,0.06499814,0.06286417,0.061580345,0.060985077,0.066838816,0.06695661,0.065706134,0.067104995,0.06773084,0.06388179,0.06377076,0.0589732,0.06291684,0.0534925,0.055819962,0.05637986
137,0.06718044,0.06693916,0.06596807,0.06554873,0.059677426,0.056980662,0.06712395,0.064194575,0.06348414,0.063357525,0.06375296,0.060243785,0.0599474,0.05830888,0.05897346,0.058318816
138,0.051254142,0.048906796,0.050456535,0.060999654,0.07318076,0.07643152,0.051000014,0.067521185,0.067177385,0.06382789,0.060000464,0.06779242,0.07483075,0.060682673,0.0652858,0.06065202
139,0.056763742,0.05448922,0.054143388,0.058520384,0.07210698,0.0744618,0.057087615,0.067547575,0.06819815,0.064107195,0.06115737,0.06310913,0.06935577,0.05829486,0.061007176,0.0596496
140,0.056554798,0.053466927,0.05387926,0.05977701,0.07260174,0.07548336,0.05637395,0.07006846,0.06993562,0.06442043,0.06178151,0.063254744,0.07178062,0.054744564,0.060208708,0.055668317
141,0.07144598,0.07171304,0.06945523,0.06382864,0.059349794,0.05638976,0.07380614,0.06261649,0.06268578,0.062605046,0.063336775,0.05814328,0.056787547,0.055546854,0.054647688,0.057641927
142,0.07097377,0.071236715,0.0693713,0.06348456,0.0597797,0.05710605,0.0733232,0.06290759,0.062639736,0.061972156,0.063008994,0.057432793,0.057732835,0.05598838,0.05565651,0.0573857
143,0.06757649,0.06874277,0.07026289,0.07098963,0.059681483,0.057462014,0.070459105,0.05586254,0.05687623,0.059145015,0.059815295,0.061060708,0.058871154,0.060408663,0.05994904,0.06283699
144,0.06102656,0.060124844,0.05982247,0.06142638,0.066191085,0.06565436,0.062484745,0.065685265,0.06550806,0.06349816,0.062371973,0.062140904,0.064825535,0.059210364,0.05987456,0.060154688
145,0.078762315,0.08070034,0.08254334,0.07743376,0.051793672,0.047152963,0.07900913,0.056731857,0.05652863,0.058854025,0.06456838,0.05618723,0.050530586,0.051506054,0.052550115,0.055147633
146,0.06585815,0.064548135,0.063035905,0.06031481,0.06258666,0.060560327,0.06575787,0.06920869,0.06767681,0.06503272,0.065254696,0.058465425,0.0610393,0.056629457,0.057406005,0.056625042
147,0.048841,0.044569455,0.044090666,0.050505616,0.080629565,0.08763369,0.04790105,0.07556282,0.075549856,0.06663748,0.059428003,0.06271873,0.07883787,0.05733595,0.06305148,0.056706738
148,0.05788039,0.05608714,0.057423614,0.06384774,0.06943734,0.070809826,0.05850006,0.06619529,0.06651116,0.06305029,0.062246613,0.0641805,0.06860535,0.056383148,0.0607229,0.058118656
149,0.05860274,0.05619656,0.055579897,0.05724431,0.070071384,0.071184315,0.05936075,0.07117281,0.07038753,0.06518813,0.063331194,0.061588958,0.06825499,0.056054354,0.05905145,0.056730624
150,0.06399226,0.06241854,0.06499794,0.07087084,0.06500164,0.0651021,0.064137936,0.06374183,0.0641781,0.06152928,0.063740425,0.062363975,0.064300634,0.051681653,0.057098996,0.05484388
151,0.06655565,0.066645496,0.0665971,0.066232525,0.06164521,0.05967584,0.068246044,0.059228968,0.059904445,0.06131301,0.06009797,0.060374547,0.060454816,0.060735766,0.059991907,0.062300693
152,0.05982456,0.05913554,0.060784888,0.06687995,0.06637471,0.066712596,0.060632553,0.0637851,0.06376129,0.06205482,0.062247626,0.06429919,0.06592961,0.057418272,0.060141064,0.060018253
153,0.061473984,0.06093547,0.062591724,0.06758473,0.066575654,0.066999264,0.063837446,0.06270432,0.06336973,0.061493676,0.06250766,0.06385622,0.06460268,0.055017658,0.057462838,0.058986917
154,0.05278369,0.050473068,0.050301854,0.055962835,0.07469031,0.078001186,0.053730786,0.06879023,0.06901766,0.064482495,0.05979147,0.06494759,0.07330629,0.060368326,0.06273332,0.06061893
155,0.052195564,0.0486074,0.047940295,0.053101953,0.075118,0.07920806,0.05161697,0.0751816,0.0738401,0.06680667,0.06138073,0.06333787,0.07511508,0.05780568,0.06259411,0.05614992
156,0.06903951,0.06950389,0.06914655,0.06724257,0.06115225,0.05894927,0.07216434,0.05861579,0.059914745,0.060491282,0.061198402,0.059728004,0.058592547,0.05715004,0.056972943,0.060137883
157,0.0526455,0.050233435,0.05151641,0.06002284,0.07511881,0.079156704,0.053742122,0.06800299,0.06835118,0.063461095,0.060374066,0.06676066,0.07449751,0.056517113,0.06140598,0.058193605
158,0.05140343,0.047883257,0.048558712,0.057079595,0.07767489,0.083407536,0.051497836,0.07205792,0.07232934,0.064579636,0.0610429,0.06586183,0.077270225,0.053521793,0.060831133,0.05499997
159,0.058313336,0.057574984,0.05865106,0.06439217,0.06698714,0.06725338,0.059675205,0.06311712,0.063152164,0.06226119,0.060374424,0.065610774,0.06772403,0.060830466,0.0622522,0.061830375
160,0.061411377,0.060540628,0.059176218,0.059268028,0.06626986,0.065571055,0.063274905,0.065355875,0.06517744,0.06374682,0.060833782,0.061654307,0.06510341,0.06095656,0.060510878,0.061148882
161,0.06273949,0.06074006,0.06041175,0.061232086,0.06670604,0.06684258,0.063127354,0.06682612,0.06660797,0.06363175,0.062551275,0.061058726,0.06545424,0.056048974,0.05880756,0.05721403
162,0.059920263,0.05844614,0.05976454,0.06449576,0.06799365,0.069015115,0.060295984,0.064232476,0.06472967,0.06232091,0.061541468,0.062328238,0.066514626,0.057806432,0.061097674,0.05949709
163,0.05550178,0.052892704,0.053282455,0.05859458,0.07533414,0.07955673,0.056155466,0.06962363,0.07071852,0.06355415,0.0623661,0.06407574,0.072233796,0.052491974,0.05784726,0.05577098
164,0.07049974,0.07191693,0.071729295,0.06857681,0.05743638,0.053940047,0.07312111,0.059296776,0.059443925,0.060744986,0.06292967,0.059533555,0.056361176,0.05781695,0.056983266,0.05966937
165,0.06003878,0.059048794,0.060571168,0.06659172,0.0677027,0.06829462,0.06161424,0.064184286,0.06485617,0.061971106,0.06293303,0.06456936,0.066603646,0.054582153,0.058482174,0.057956014
166,0.061183203,0.058621638,0.05804475,0.058799602,0.07008991,0.07166613,0.061087165,0.07058467,0.0705505,0.06444197,0.06367111,0.060198225,0.06754322,0.052288067,0.056614093,0.054615743
167,0.050415177,0.04785487,0.047366306,0.052925684,0.07583915,0.07957755,0.05112774,0.07138154,0.0708463,0.06535527,0.0599179,0.06518543,0.07493562,0.062097568,0.064126916,0.06104695
168,0.05973483,0.058244865,0.058507558,0.062428903,0.070589386,0.07225673,0.06145008,0.06381412,0.06527101,0.062122084,0.061068304,0.06295656,0.06714202,0.055991136,0.05853016,0.059892267
169,0.05873156,0.057586692,0.057845432,0.060678493,0.06871383,0.069528565,0.061183296,0.06324491,0.06405102,0.062113453,0.059685566,0.06320014,0.06805009,0.061075024,0.06225678,0.06205519
170,0.06937981,0.069350116,0.06838935,0.06461373,0.06077446,0.058366966,0.0714267,0.06055135,0.061016995,0.061783273,0.061361108,0.058498092,0.05837197,0.05854654,0.057294328,0.06027521
171,0.06262498,0.061733674,0.06299058,0.067894556,0.06299956,0.061629746,0.06297651,0.06554822,0.064897954,0.0630788,0.064759314,0.06374056,0.06408039,0.055468056,0.05917441,0.05640265
172,0.051200178,0.048055377,0.0476275,0.053540107,0.075411245,0.07932053,0.050841734,0.07482099,0.07352851,0.06631922,0.061739024,0.0648535,0.07561002,0.057926647,0.06254236,0.056663055
173,0.062028997,0.060514614,0.061283752,0.06463911,0.06711969,0.06750836,0.06208837,0.06678473,0.06683983,0.06321334,0.0640441,0.061650235,0.06496501,0.053718872,0.05729514,0.05630585
174,0.060572054,0.059453372,0.059065163,0.060350355,0.07007011,0.07151462,0.06277534,0.059363063,0.06167153,0.06077488,0.05692269,0.060891785,0.066634744,0.0626444,0.062585935,0.064709924
175,0.060351834,0.057916768,0.056593396,0.05693548,0.07107718,0.07277834,0.061557498,0.067033105,0.06779666,0.064133674,0.060310435,0.060079914,0.0674128,0.057680998,0.05940275,0.05893914
176,0.061993167,0.060852405,0.060265798,0.06095118,0.066395506,0.06593504,0.06348117,0.06414272,0.06428592,0.063211866,0.06058719,0.06102197,0.064631954,0.06061928,0.060596034,0.061028864
177,0.061125398,0.05993669,0.05968626,0.060294148,0.06734564,0.06740096,0.06314142,0.06711709,0.06676995,0.06383086,0.0630602,0.061021876,0.064335056,0.05744597,0.05835345,0.05913502
178,0.055944048,0.05339191,0.053769577,0.06018739,0.07299195,0.0759622,0.05616578,0.0663362,0.06717854,0.06349755,0.059717212,0.06390699,0.071494944,0.05813311,0.062115625,0.059206918
179,0.06839737,0.06872294,0.0666489,0.061119936,0.059891168,0.056930326,0.0710645,0.061557695,0.06133319,0.062438294,0.06113783,0.058115616,0.058301482,0.06261158,0.05951538,0.062213786
180,0.062783256,0.061314598,0.059663177,0.05758268,0.06689204,0.06644121,0.064192496,0.06676428,0.06671384,0.06412426,0.061630197,0.059131525,0.06414287,0.059473187,0.059415832,0.059734564
181,0.059214458,0.057594325,0.059250247,0.06534429,0.069880575,0.071894,0.06067269,0.06291387,0.06397741,0.06125073,0.060020722,0.0643349,0.06930327,0.05570008,0.060337804,0.058310647
182,0.05708979,0.05554333,0.055063598,0.058895983,0.06746973,0.0673903,0.057374444,0.0681757,0.06707481,0.06498736,0.061767794,0.064082,0.067971356,0.062485002,0.06338846,0.061240315
183,0.062423766,0.06080437,0.06021912,0.06062135,0.067924716,0.06826914,0.06382361,0.06537543,0.06628506,0.063129656,0.0626685,0.060940567,0.064514555,0.056105416,0.05787712,0.05901761
184,0.06124936,0.059996493,0.062250372,0.07032053,0.06782917,0.06876963,0.062150102,0.06188151,0.06349698,0.06070206,0.06255419,0.06433477,0.066265315,0.052888747,0.058227208,0.05708358
185,0.055922892,0.05383101,0.05646974,0.06633314,0.07279653,0.07628493,0.056749966,0.06487171,0.06611055,0.061543416,0.06152081,0.06590725,0.071751975,0.053225424,0.059737556,0.056943167
186,0.059689764,0.057638157,0.057795305,0.060886607,0.06963567,0.07085275,0.06035017,0.066147365,0.0667796,0.06320309,0.061543923,0.062089298,0.067766614,0.05695495,0.060240783,0.058425937
187,0.05811644,0.056103803,0.05714657,0.06443281,0.06942216,0.070907705,0.059091445,0.06461196,0.06520515,0.062269058,0.06062552,0.06554883,0.07078176,0.056552093,0.061572127,0.057612598
188,0.05784226,0.055605475,0.05584205,0.060914185,0.07054446,0.07211174,0.058070492,0.06540769,0.06587537,0.06345677,0.059971288,0.062476385,0.068557024,0.06001832,0.062485866,0.06082061
189,0.05301639,0.049869888,0.050342012,0.057769265,0.0766082,0.08125251,0.052902814,0.06694032,0.06823632,0.063614696,0.0583906,0.063867,0.07468305,0.05901221,0.0635773,0.05991741
190,0.070554376,0.07179826,0.073448986,0.07244082,0.06015645,0.058367617,0.07428732,0.05367023,0.056117523,0.057277188,0.05948966,0.05929891,0.058044758,0.05644483,0.05748108,0.061121956
191,0.05747205,0.054855987,0.054743614,0.059037663,0.07387766,0.076951966,0.05875561,0.06487684,0.06665179,0.06276335,0.058981713,0.062618986,0.070905834,0.057306815,0.06072298,0.059477154
192,0.06555227,0.064665794,0.06606082,0.06905775,0.063248165,0.062174033,0.06648633,0.063496545,0.0638161,0.061921213,0.06422746,0.061370127,0.06169682,0.053357303,0.056816258,0.05605302
193,0.055223502,0.05349635,0.05267868,0.056315508,0.07042242,0.07139858,0.05620941,0.06777988,0.067211635,0.06481215,0.06029031,0.064517654,0.06990862,0.06360304,0.063473485,0.06265879
194,0.057481106,0.05536081,0.056476537,0.064096764,0.07009057,0.07187058,0.057361305,0.06526445,0.0660302,0.062695794,0.061395805,0.0649392,0.07020621,0.05665559,0.061660998,0.05841408
195,0.067124344,0.06709394,0.06811033,0.07015678,0.061098356,0.05910465,0.06789102,0.05927064,0.06023205,0.060963012,0.061952617,0.06049291,0.059318177,0.05800219,0.05879786,0.060391083
196,0.06555637,0.06559526,0.06664753,0.069485396,0.061094522,0.059229854,0.06689562,0.0613216,0.061294615,0.06145295,0.062597826,0.06292041,0.061798945,0.056734726,0.058755536,0.058618795
197,0.054454308,0.053109612,0.053840533,0.058989882,0.071876734,0.07414392,0.05618217,0.065035954,0.065417506,0.06269637,0.059504993,0.06529139,0.07073729,0.062101174,0.06340703,0.0632112
198,0.052703258,0.050342012,0.051101387,0.059407152,0.07470482,0.078236915,0.053134613,0.06691875,0.06768409,0.0635224,0.05982361,0.06576912,0.07313739,0.059397634,0.0632012,0.060915627
199,0.064408384,0.0633972,0.06312252,0.06272252,0.06558198,0.064958856,0.066082545,0.06424014,0.064919636,0.062453885,0.06264556,0.060117606,0.063041255,0.05611834,0.058010045,0.058179513
200,0.057645988,0.056200247,0.056709215,0.060394518,0.069769286,0.07105294,0.05921569,0.06538053,0.06574943,0.062966995,0.060925703,0.06326724,0.06801453,0.059975084,0.06149827,0.061234325
201,0.05529325,0.051927548,0.051013585,0.053709075,0.07428284,0.07756371,0.055525243,0.07432289,0.07348401,0.06654594,0.0620854,0.061240453,0.071609065,0.055932384,0.059743978,0.05572067
202,0.05129136,0.048696864,0.048577044,0.05403778,0.072862044,0.07544629,0.051044285,0.07438901,0.07206539,0.06670914,0.062038902,0.06501905,0.073504396,0.06130616,0.06371886,0.059293404
203,0.0732584,0.075125575,0.07463215,0.068638444,0.05635536,0.052782778,0.07663506,0.057655558,0.0581435,0.05979364,0.062253594,0.058083445,0.054636475,0.056885507,0.055531647,0.059588883
204,0.055421412,0.053883966,0.055808485,0.06502761,0.07218901,0.07533058,0.056293078,0.0644022,0.06554068,0.061769653,0.060966,0.0668893,0.07135795,0.05561541,0.060698323,0.058806323
205,0.055224948,0.052334856,0.053455558,0.061045207,0.07428212,0.07823034,0.05571712,0.06865813,0.069547296,0.06349109,0.06207105,0.06421444,0.072122544,0.05379319,0.05956022,0.056251917
206,0.056895856,0.054561254,0.054375906,0.058239948,0.07305056,0.07567919,0.058288883,0.06422321,0.06592803,0.062551156,0.05854101,0.062717415,0.07104862,0.059965312,0.06266755,0.061266143
207,0.06169602,0.060027525,0.060832426,0.0653015,0.06683048,0.067062125,0.062219337,0.067558095,0.067420535,0.063401714,0.06474936,0.06328085,0.06636367,0.051815275,0.056895632,0.054545432
208,0.059762016,0.058495928,0.05897574,0.06291007,0.06985545,0.071306296,0.061388157,0.0632395,0.064452015,0.061697967,0.060153674,0.06393567,0.068733126,0.05648708,0.05946067,0.05914663
209,0.05997061,0.057072088,0.05634884,0.05877844,0.069852926,0.07107869,0.059865344,0.071005695,0.07078989,0.0653203,0.063833304,0.06060046,0.06748792,0.05431823,0.058261998,0.055415295
210,0.06730999,0.06815752,0.06834693,0.06796797,0.059858885,0.057364717,0.06948573,0.060024843,0.060187053,0.060935635,0.061983306,0.060762875,0.05928736,0.05902602,0.058835927,0.060465205
211,0.058900572,0.05752678,0.05901464,0.06532449,0.0701306,0.0720783,0.06022909,0.06386594,0.06508029,0.061690975,0.061601657,0.06475768,0.06857717,0.054525193,0.05882069,0.057875935
212,0.06568731,0.06598337,0.066205226,0.066992834,0.06204967,0.060161535,0.06684231,0.062761165,0.06296147,0.062010456,0.063941196,0.061298396,0.060440738,0.056365315,0.057304125,0.05899488
213,0.06477846,0.06504866,0.06372679,0.060708318,0.06187125,0.059459433,0.06712407,0.06418581,0.063572854,0.06318868,0.062723875,0.060369827,0.06081954,0.061311703,0.059394505,0.06171621
214,0.059134398,0.05607507,0.056272186,0.060285375,0.072056465,0.074758105,0.059271708,0.06856113,0.069506265,0.063952655,0.062499985,0.060641263,0.068481706,0.053717956,0.05854945,0.056236323
