,AV1,AV2,AV3,BA,FI1,FI2,HS,IM1,IM2,IM3,IM4,PE1,PE2,VA1,VA2,VA3
0,0.0576024,0.058258094,0.057394262,0.06259434,0.066242985,0.07036087,0.057713125,0.06554355,0.06579829,0.06503354,0.06300152,0.064682,0.06670048,0.059647776,0.060143877,0.059282888
1,0.06099507,0.062492806,0.060932025,0.064373314,0.06349375,0.06583864,0.061640833,0.064307295,0.06356323,0.06370069,0.06273601,0.06523253,0.065811045,0.05806465,0.058398414,0.058419738
2,0.06032028,0.061393686,0.061184432,0.066597365,0.064429015,0.06820315,0.060300183,0.06586887,0.065200716,0.064013086,0.06425071,0.064721115,0.06562081,0.054922517,0.057016093,0.055957925
3,0.062226083,0.06334762,0.059260078,0.056747276,0.06264102,0.06370952,0.06330138,0.066585295,0.0657369,0.06597746,0.06286063,0.059157226,0.061339665,0.064429946,0.06041772,0.062262267
4,0.06575286,0.06762214,0.06591286,0.06532283,0.06115894,0.06275461,0.0664156,0.06326279,0.06257995,0.06292753,0.06467917,0.0599604,0.058957636,0.0574628,0.055811476,0.059418406
5,0.0576429,0.058265474,0.057288717,0.06076238,0.06646383,0.07161746,0.059071362,0.06860517,0.06876866,0.06518102,0.06569189,0.06533809,0.06701519,0.05532206,0.056507602,0.05645826
6,0.06581196,0.06760191,0.06700259,0.06896675,0.062251955,0.063981526,0.06691616,0.059098862,0.059212614,0.061192192,0.06160338,0.06087591,0.060575925,0.057593778,0.057448905,0.059865605
7,0.060068637,0.06109544,0.05849047,0.05841567,0.06380994,0.06638398,0.061153896,0.06653912,0.065794416,0.06509899,0.06319195,0.062209077,0.06482715,0.061736576,0.06026109,0.06092354
8,0.059177924,0.060177043,0.056976177,0.05575292,0.06301534,0.06499844,0.060067,0.07150544,0.06956487,0.06690542,0.06567289,0.06239716,0.06418866,0.061484013,0.05881625,0.05930043
9,0.055495486,0.055924144,0.053669572,0.055479165,0.065868534,0.06964735,0.056024384,0.07085262,0.06989035,0.06770217,0.06402153,0.064251386,0.06759483,0.06261562,0.060746055,0.060216773
10,0.0559925,0.056507133,0.05639421,0.06480714,0.06786234,0.07359521,0.055790555,0.066553295,0.06685598,0.06540708,0.06332027,0.067950636,0.06919215,0.05564159,0.057724327,0.056405548
11,0.06640446,0.06811532,0.06673409,0.06688314,0.06022049,0.06124659,0.06652903,0.06303388,0.062047068,0.06201202,0.06459301,0.060682114,0.060167413,0.056780998,0.05683254,0.05771785
12,0.063014254,0.06423287,0.063617535,0.06774889,0.06376305,0.06688127,0.06259731,0.064066626,0.06336711,0.063147224,0.063059755,0.06361935,0.06421425,0.054610454,0.05603582,0.056024257
13,0.058011796,0.059347216,0.0582181,0.062383194,0.0654083,0.06884772,0.05919556,0.06279929,0.06334857,0.06389091,0.06217277,0.06510633,0.06611576,0.061924104,0.06108053,0.062149893
14,0.057923816,0.058602445,0.05597276,0.056483112,0.06620425,0.07035796,0.058980845,0.07041038,0.06987547,0.06632891,0.06460092,0.063520476,0.06681992,0.058547802,0.057567343,0.05780358
15,0.058348298,0.059476916,0.05874673,0.063388504,0.06363817,0.06637926,0.059178475,0.06594066,0.065308996,0.06486319,0.065038815,0.06579312,0.06529364,0.05970065,0.059378687,0.059525907
16,0.057899624,0.05891602,0.058779325,0.06412169,0.06776883,0.07438028,0.058644325,0.06710419,0.067530826,0.06396038,0.06487184,0.06645905,0.068082966,0.05211201,0.05460515,0.05476347
17,0.05196859,0.051796872,0.05054536,0.0588169,0.071212366,0.078463346,0.052756652,0.06695617,0.0685425,0.06639444,0.0610168,0.06972135,0.0747164,0.058426313,0.06119087,0.057475056
18,0.057462953,0.05775036,0.05735779,0.06538522,0.0667948,0.072295494,0.05703114,0.068082936,0.068350084,0.06505277,0.06547461,0.067750715,0.06894017,0.05256651,0.055608053,0.05409645
19,0.05673714,0.057520557,0.05668036,0.062259648,0.06879187,0.07463284,0.057735935,0.06450884,0.065390036,0.06428555,0.06127991,0.06649593,0.06968694,0.057148892,0.05890074,0.057944767
20,0.058606304,0.059996683,0.058777425,0.06387552,0.06527354,0.06919421,0.05923576,0.06508838,0.06495182,0.06434211,0.06336503,0.06634799,0.06702905,0.057360172,0.058483005,0.058073033
21,0.06110393,0.062419597,0.06030049,0.05883016,0.06305967,0.06549256,0.062241323,0.06843938,0.067141004,0.065412916,0.06563847,0.060662348,0.061526086,0.060244303,0.057702027,0.0597857
22,0.059203286,0.06021809,0.06060481,0.06793028,0.06727948,0.07317937,0.059881337,0.06393459,0.06453804,0.06302722,0.063064925,0.06648683,0.06767395,0.052400842,0.05531201,0.055264924
23,0.05426419,0.05409341,0.052277192,0.058463838,0.070758805,0.077983215,0.05522851,0.067600936,0.06895359,0.06613976,0.060941707,0.066836834,0.07315864,0.057084423,0.05969367,0.056521315
24,0.059776407,0.06111324,0.05943434,0.05985246,0.062449034,0.06427939,0.060242143,0.069062956,0.06734739,0.06603509,0.06646802,0.0620794,0.061938193,0.061292306,0.058460303,0.060169347
25,0.056943107,0.057694968,0.055367943,0.05692889,0.06400708,0.06662013,0.057630375,0.07005887,0.06872551,0.06716977,0.065029554,0.06436057,0.06581501,0.06274464,0.060120683,0.060782876
26,0.05952496,0.05988818,0.057007104,0.057974692,0.06590739,0.06980511,0.060268573,0.06949999,0.06943182,0.0665414,0.06495053,0.062306102,0.06507763,0.057409044,0.05666666,0.057740778
27,0.059411295,0.06016794,0.057491906,0.05809759,0.06686049,0.07103223,0.061124675,0.06627738,0.067088805,0.06526143,0.06317858,0.0621783,0.065056495,0.059024423,0.05797741,0.059771013
28,0.059913095,0.061905954,0.061290845,0.0663379,0.06339403,0.06573974,0.060021088,0.06133981,0.061349887,0.06284542,0.06212031,0.06463051,0.064741574,0.06150317,0.061301164,0.06156549
29,0.055447817,0.055970278,0.05548948,0.06321841,0.0676066,0.07348395,0.05532393,0.06763161,0.0676927,0.0655253,0.06358984,0.06866874,0.0704356,0.05561577,0.05786785,0.05643218
30,0.0621362,0.06355266,0.060530104,0.059274465,0.06228829,0.06348601,0.06310192,0.06554014,0.0646062,0.064757176,0.06318033,0.06079887,0.06208774,0.06302162,0.06006573,0.06157252
31,0.060878605,0.061952513,0.060714476,0.06403433,0.06458337,0.06821856,0.060986944,0.06597004,0.0656921,0.06432975,0.06439646,0.06372714,0.06457413,0.056043386,0.05674317,0.05715501
32,0.054695625,0.054808468,0.05307508,0.057586063,0.06944299,0.075967826,0.055501174,0.07003104,0.07067476,0.06702128,0.064019725,0.066006824,0.06985045,0.056755435,0.057414737,0.057148468
33,0.07128936,0.07467708,0.07407377,0.07120178,0.056405406,0.05545797,0.07154757,0.057817068,0.056171246,0.059414744,0.0630954,0.058443695,0.05501283,0.05816928,0.05636636,0.06085652
34,0.06086533,0.061948463,0.061010852,0.064459406,0.06448877,0.06781423,0.061435215,0.06445338,0.06394109,0.06386407,0.06257167,0.06390053,0.06542775,0.05751465,0.058334667,0.057969943
35,0.06012738,0.06109917,0.060667887,0.064135246,0.066681996,0.0726478,0.060382094,0.06793587,0.06799706,0.064224854,0.06564439,0.063772984,0.06497913,0.051717035,0.05348111,0.05450595
36,0.06442405,0.06638761,0.06511252,0.06464511,0.06038307,0.061255597,0.06515939,0.063823245,0.062518165,0.06306573,0.06484785,0.060544074,0.059497934,0.059985477,0.058017645,0.060332492
37,0.058444075,0.059590723,0.0607552,0.070852436,0.066860035,0.07213105,0.058887187,0.06148847,0.06215778,0.06261148,0.062078156,0.06857573,0.068001285,0.05392784,0.057003673,0.056634888
38,0.059138604,0.060777202,0.061733115,0.07050611,0.06293163,0.064965524,0.05911702,0.06015647,0.05975427,0.062453546,0.06151521,0.06798828,0.06622399,0.060592663,0.061848737,0.060297653
39,0.057398714,0.057836488,0.05596157,0.058600217,0.066746436,0.071463145,0.05797476,0.0703549,0.07030366,0.06632399,0.06563766,0.06456856,0.06710276,0.05652048,0.057041675,0.056164984
40,0.057242673,0.05876465,0.057747733,0.06075407,0.063025504,0.06456524,0.05793011,0.06394737,0.06301155,0.06491824,0.06254456,0.0643871,0.064197026,0.06770672,0.064155884,0.06510159
41,0.06580467,0.069178894,0.07101066,0.074754775,0.057770897,0.0574512,0.0669957,0.056314107,0.055294268,0.059341326,0.06335125,0.06332355,0.0577142,0.06021687,0.058822114,0.06265555
42,0.0594746,0.060261846,0.058628816,0.061574575,0.06358023,0.06623098,0.059729483,0.06767573,0.06643826,0.06568003,0.06414229,0.06449739,0.06549267,0.059188087,0.05877056,0.05863451
43,0.05639209,0.056725234,0.054396972,0.057695486,0.0678495,0.07259945,0.057569444,0.06718681,0.06785469,0.06613874,0.06250852,0.06507868,0.06856746,0.060117744,0.059633516,0.059685603
44,0.06475331,0.066599324,0.06631465,0.07051495,0.059533596,0.059730064,0.064263806,0.061954465,0.06053741,0.062331244,0.064090505,0.06367094,0.061402176,0.05787132,0.058175303,0.058256973
45,0.06469243,0.06613766,0.06303075,0.06031791,0.060638003,0.061021414,0.06531214,0.0639888,0.062754184,0.06409216,0.062581405,0.05869385,0.059810087,0.063917525,0.060415242,0.06259643
46,0.058577023,0.060167022,0.059447642,0.06470713,0.06407369,0.067066416,0.058913317,0.06486732,0.06432663,0.06417684,0.06338379,0.066462345,0.066653244,0.058814738,0.059470534,0.058892343
47,0.058317214,0.058986254,0.05695511,0.061808266,0.065683156,0.069564655,0.057933412,0.066962846,0.0670168,0.06518638,0.06313898,0.065507606,0.06868903,0.05758711,0.059582025,0.05708114
48,0.055785786,0.057698917,0.05853789,0.06623659,0.06418598,0.066611186,0.05660046,0.06092536,0.0610745,0.06350043,0.062448796,0.06754085,0.06566987,0.0651029,0.063649,0.064431496
49,0.06109653,0.06263378,0.061407495,0.06417914,0.06347209,0.06616573,0.06166206,0.06257457,0.062362496,0.06350752,0.06238429,0.063662685,0.06378186,0.0603169,0.059310798,0.06148205
50,0.06618564,0.06864519,0.06692582,0.06497863,0.058138367,0.057386033,0.066938035,0.06153787,0.059735276,0.062158253,0.06322505,0.059991498,0.058329552,0.06327825,0.060245086,0.06230147
51,0.060183972,0.061535515,0.060227875,0.06098718,0.061786514,0.063209675,0.06102612,0.06798847,0.06643491,0.06532569,0.066727825,0.061832476,0.06144825,0.061724186,0.05902973,0.0605316
52,0.051034655,0.050579965,0.0493718,0.057652988,0.07300762,0.082300805,0.051964063,0.07035698,0.071955405,0.06680407,0.061796594,0.06990347,0.07704729,0.05401206,0.058342904,0.053869378
53,0.052690063,0.05258284,0.05193307,0.0607392,0.069543295,0.07577856,0.052982815,0.06799993,0.069012426,0.066570334,0.06264115,0.06886255,0.07298914,0.058070075,0.06129844,0.056306146
54,0.066588186,0.06932066,0.06928182,0.069186985,0.06004023,0.061223783,0.06740039,0.061483454,0.06025209,0.06151929,0.064688325,0.060127508,0.05779008,0.056565344,0.055086814,0.059444994
55,0.057976704,0.058327444,0.056288887,0.059940193,0.06681656,0.07126681,0.058936626,0.067854434,0.06846646,0.065753706,0.064217694,0.06444359,0.067414306,0.057055715,0.057944663,0.057296243
56,0.05894026,0.06040648,0.060617194,0.0662802,0.06445804,0.06757988,0.058934443,0.06362333,0.06322061,0.06382205,0.062978014,0.06457388,0.06489965,0.05976716,0.05993059,0.059968147
57,0.0691822,0.07149572,0.069392815,0.06659483,0.06036609,0.060956214,0.07219763,0.05743933,0.05773284,0.059887838,0.061134785,0.058905043,0.05850592,0.05824874,0.056837972,0.061122004
58,0.054915864,0.055751916,0.05551815,0.06236009,0.06832368,0.075119786,0.05565024,0.06775079,0.06832457,0.06528719,0.06487109,0.068503544,0.06950588,0.054891005,0.05657313,0.056653082
59,0.05740852,0.05828803,0.05747589,0.061305635,0.06690216,0.07144424,0.058904734,0.06434766,0.06518531,0.06416183,0.06266235,0.06480389,0.067165725,0.059662193,0.060096625,0.06018526
60,0.069836624,0.07171647,0.06814934,0.061979804,0.06056273,0.061592296,0.07246742,0.06148968,0.06130519,0.061623227,0.06343614,0.056251567,0.056456674,0.057680666,0.05486275,0.06058938
61,0.06020978,0.060737997,0.058669526,0.060215276,0.06413757,0.06729197,0.060049504,0.06980761,0.06856028,0.065894574,0.064584866,0.063154474,0.06585074,0.05707381,0.05761039,0.05615163
62,0.058217045,0.058665466,0.055377368,0.054843992,0.06693314,0.07120933,0.060112588,0.06870845,0.069106765,0.066321924,0.063495696,0.061784998,0.065791614,0.06063963,0.058748,0.06004402
63,0.054822195,0.05500525,0.05371163,0.059394237,0.06724931,0.07154039,0.055286113,0.06673322,0.06713836,0.06644552,0.062494487,0.065597795,0.06872631,0.062703624,0.06243435,0.06071722
64,0.060537994,0.062325027,0.05950646,0.05832673,0.061452474,0.062744625,0.06143989,0.06796363,0.066202536,0.06565746,0.065351754,0.06161095,0.061803315,0.06344067,0.059755445,0.061881024
65,0.06159901,0.063585244,0.06266631,0.06548896,0.062261682,0.06391228,0.062337235,0.06042324,0.060141727,0.062602624,0.061753843,0.06373867,0.06254245,0.06278561,0.06084645,0.06331462
66,0.062145468,0.06425401,0.0633995,0.06342297,0.0599592,0.060415164,0.06297405,0.06507255,0.06332222,0.06404999,0.06614421,0.061151266,0.0590852,0.06304757,0.059248928,0.062307697
67,0.058423012,0.059222303,0.05798238,0.06135054,0.06527505,0.070053406,0.058421545,0.070700645,0.069489844,0.06583046,0.06612525,0.06532018,0.066858105,0.05435651,0.05533156,0.055259243
68,0.06070367,0.061485592,0.05865482,0.059163168,0.06448123,0.067579865,0.060690764,0.06869687,0.06777335,0.0661369,0.0640047,0.062048618,0.06424461,0.058627233,0.057441887,0.058266748
69,0.061970524,0.06246874,0.05992107,0.061185207,0.06620966,0.070555486,0.06359148,0.06583273,0.066297315,0.06454988,0.063055195,0.06258719,0.06497829,0.054706145,0.05547365,0.05661738
70,0.051506624,0.051570255,0.051412813,0.06120227,0.070157215,0.07773737,0.051563244,0.07001108,0.070591524,0.06677982,0.064077176,0.07127032,0.0740808,0.054835998,0.058280777,0.054922786
71,0.068505295,0.0706758,0.067525625,0.061513815,0.058542877,0.058662068,0.069669485,0.06530377,0.06354968,0.06269017,0.06566414,0.056716222,0.056868456,0.058816306,0.05613405,0.05916225
72,0.06442101,0.06576376,0.06294604,0.060927242,0.06331363,0.06647378,0.06421982,0.0695222,0.0681851,0.06497434,0.066157006,0.059345037,0.06058033,0.05408161,0.053301148,0.05578793
73,0.056171212,0.0557302,0.052525017,0.054825597,0.069330856,0.07617795,0.05704538,0.07336772,0.07392624,0.06758179,0.06461723,0.06443292,0.07065672,0.053777676,0.055711776,0.0541217
74,0.062099934,0.06358036,0.06378718,0.067742124,0.06266098,0.0662854,0.062247925,0.066359974,0.06506682,0.063482516,0.06648212,0.065489806,0.06340572,0.052456647,0.053425577,0.055426884
75,0.057494916,0.058652483,0.058451347,0.06471325,0.06591622,0.069918185,0.05861316,0.063921064,0.06421616,0.063748024,0.062922105,0.06736539,0.06791294,0.058045205,0.05911788,0.05899169
76,0.051795434,0.05163574,0.050431486,0.05805856,0.07247999,0.08194213,0.052434124,0.06964093,0.07133114,0.066769525,0.062761344,0.06900666,0.07437303,0.054450322,0.0575083,0.055381272
77,0.06057705,0.061342847,0.05854568,0.060088642,0.06340128,0.065586895,0.060627803,0.06873926,0.06745903,0.066060476,0.06414641,0.063598186,0.06527865,0.05871935,0.058223248,0.057605173
78,0.06634002,0.068203546,0.06741889,0.06667401,0.059212144,0.060166463,0.0666187,0.06515814,0.06315116,0.06275434,0.066438735,0.06021047,0.05880364,0.056074277,0.05545806,0.057317395
79,0.06502389,0.06679246,0.06597945,0.065679334,0.06064447,0.0623999,0.06503501,0.06676046,0.06467033,0.063334696,0.06616307,0.061119244,0.06026039,0.0551711,0.05484875,0.056117468
80,0.06764951,0.06992895,0.06952179,0.069626,0.059742626,0.060767774,0.0677031,0.06307854,0.061430853,0.06170972,0.065235406,0.060706668,0.058411486,0.05407993,0.05369772,0.056709915
81,0.061477695,0.062202517,0.058218814,0.0566156,0.0638236,0.06584622,0.06164058,0.06874183,0.06759798,0.066277355,0.062560245,0.060261086,0.064217955,0.061606348,0.05953577,0.059376374
82,0.05850883,0.059902877,0.05908934,0.06274902,0.06376162,0.066026405,0.0596409,0.06261443,0.0622311,0.06389757,0.0616659,0.06487954,0.065468736,0.06395429,0.062439248,0.063170224
83,0.059471246,0.060010526,0.058266036,0.059914026,0.06603799,0.071405634,0.05964089,0.070541926,0.070010245,0.0657024,0.066008896,0.06362071,0.06564438,0.053775918,0.05474376,0.055205457
84,0.059930187,0.060780942,0.059161037,0.06136528,0.06464045,0.06783909,0.06102033,0.0662504,0.06589358,0.06479911,0.06366342,0.06376819,0.06539315,0.058499046,0.058373816,0.058621958
85,0.05273389,0.053129137,0.051736128,0.057581816,0.069006264,0.07481417,0.0534167,0.06734968,0.06816967,0.066355996,0.061740782,0.0677002,0.07200953,0.061777454,0.062425017,0.06005353
86,0.05865041,0.06067632,0.059372973,0.061255373,0.0643178,0.06748963,0.059817225,0.0655508,0.06517961,0.06435561,0.06420005,0.06341676,0.064076126,0.06095388,0.05942111,0.061266292
87,0.063949496,0.065426074,0.06433597,0.06676452,0.0627079,0.06484027,0.06504212,0.06198829,0.061940808,0.06264208,0.06362818,0.062354848,0.061960865,0.05682737,0.05696938,0.05862182
88,0.059979536,0.06077655,0.06038838,0.06641135,0.06580548,0.07093921,0.059484478,0.06701187,0.066851355,0.064218484,0.06520784,0.06518474,0.06609589,0.05240968,0.054734614,0.05450052
89,0.061937507,0.06310689,0.06172197,0.06300562,0.06451382,0.06863184,0.062068034,0.06903941,0.06813581,0.06447687,0.06616313,0.06282156,0.06393537,0.052479092,0.053551923,0.05441113
90,0.059592098,0.061225172,0.06077245,0.065066926,0.064135395,0.06712599,0.061089043,0.062140353,0.062187992,0.06316832,0.06281847,0.065388955,0.06489469,0.059960995,0.05946305,0.060970064
91,0.05568186,0.055716477,0.05310658,0.05573511,0.068767555,0.07406344,0.05707296,0.068377525,0.06935991,0.06696841,0.06271513,0.06376425,0.06832436,0.06064403,0.059859645,0.059842784
92,0.05627545,0.056620162,0.055096995,0.06069036,0.06893659,0.074685454,0.056878354,0.066160455,0.06705123,0.06551415,0.061561517,0.06638755,0.070220515,0.057364684,0.059064936,0.057491593
93,0.05980871,0.060406435,0.058858126,0.061696466,0.06554099,0.06890718,0.061367746,0.06377222,0.0646255,0.064112574,0.06273295,0.063207835,0.06514894,0.0598524,0.059897453,0.060064454
94,0.06060222,0.06192917,0.060728014,0.06333032,0.06456803,0.06794516,0.061484724,0.06427435,0.06408946,0.06390283,0.06284893,0.06285033,0.064428136,0.058826476,0.058681346,0.05951055
95,0.060890485,0.062482316,0.061843492,0.064830504,0.06347055,0.065978676,0.061546616,0.06293389,0.0628187,0.06334634,0.06341393,0.06275233,0.062960766,0.060285714,0.059541322,0.060904395
96,0.0616989,0.062888004,0.06184612,0.06222173,0.062715456,0.065591015,0.062861584,0.069532335,0.06802288,0.06493256,0.067771755,0.06312298,0.06248073,0.05426053,0.05410568,0.055947777
97,0.059706226,0.06109507,0.061517745,0.06648826,0.06261756,0.06536427,0.06076354,0.06522567,0.06431835,0.06367629,0.066161685,0.06592321,0.06408081,0.057121474,0.057152502,0.058787335
98,0.06929309,0.07229045,0.073805645,0.07352392,0.05535196,0.05424123,0.06910806,0.06085466,0.057981882,0.06011708,0.06663073,0.060426664,0.05524958,0.05690984,0.05580258,0.058412667
99,0.053260885,0.053522542,0.05261788,0.05981032,0.06987396,0.07619734,0.054467954,0.06471094,0.06619642,0.06512046,0.060834035,0.06820053,0.07258138,0.060432456,0.06219439,0.059978567
100,0.052016046,0.0522838,0.051225297,0.05847881,0.06955831,0.07607289,0.05258666,0.06882454,0.069518544,0.06642796,0.062643945,0.07019243,0.074188285,0.058322795,0.06065034,0.05700933
101,0.059305094,0.05968233,0.056357823,0.056897048,0.067649364,0.072642244,0.06037263,0.06855908,0.06895461,0.066020384,0.062610015,0.062183473,0.06706097,0.05719482,0.05713791,0.0573722
102,0.059928346,0.061272547,0.06185764,0.06630065,0.06264927,0.06582249,0.060059946,0.06780175,0.066214256,0.064333074,0.06708221,0.065333955,0.06379771,0.055259313,0.056006644,0.056280173
103,0.06624686,0.06780958,0.06678963,0.06657187,0.061135307,0.06314264,0.067094505,0.06592199,0.06466848,0.06253658,0.066796266,0.061672628,0.060459178,0.051977437,0.052537125,0.05463993
104,0.061794814,0.062913865,0.061904524,0.06582404,0.06448616,0.06801225,0.061405685,0.06461699,0.06423407,0.06376497,0.06312666,0.064115934,0.06485262,0.05542576,0.056585923,0.056935724
105,0.05719528,0.05733468,0.05437878,0.055395067,0.0663929,0.06962042,0.05854371,0.067370825,0.06749318,0.066556856,0.061748654,0.062357992,0.066845775,0.06457871,0.06271103,0.06147611
106,0.0576484,0.058571253,0.058243006,0.06450602,0.06695394,0.07271112,0.05758455,0.066593416,0.06675524,0.0647694,0.06434838,0.06646903,0.06748817,0.054606643,0.056496505,0.056254912
107,0.061541844,0.06261365,0.06013734,0.060736936,0.064884074,0.068254836,0.06260369,0.0659489,0.06573835,0.06452728,0.063412555,0.062116772,0.063986726,0.057757065,0.056828868,0.05891114
108,0.06627506,0.06758234,0.06532691,0.063659035,0.062320944,0.06502969,0.06714412,0.06767118,0.06646022,0.06362882,0.066504724,0.060052697,0.0602024,0.051751174,0.052129053,0.054261632
109,0.061959777,0.06346411,0.061228592,0.060690004,0.06118515,0.062434178,0.062173318,0.068610854,0.066671215,0.06561457,0.06622044,0.061528165,0.06118517,0.059939954,0.05768089,0.059413616
110,0.056843966,0.057554163,0.05671982,0.06273613,0.067154735,0.07210215,0.05855262,0.064129986,0.06523678,0.06399857,0.06291631,0.0676329,0.06948919,0.0573592,0.05922388,0.05834963
111,0.05446326,0.054728765,0.05457893,0.0634777,0.069211684,0.07648213,0.05494289,0.06698626,0.06773608,0.06492922,0.06287697,0.06968533,0.072973266,0.05398555,0.05771456,0.0552274
112,0.052774403,0.05285586,0.051035542,0.05566328,0.0693474,0.07713084,0.053464804,0.07472811,0.074760415,0.06802826,0.066562414,0.06722658,0.07093902,0.05473935,0.055931028,0.054812692
113,0.053705517,0.053982005,0.053403813,0.061769675,0.07031492,0.07728634,0.055247556,0.06501631,0.06672847,0.06499956,0.061800152,0.06966837,0.07287174,0.056490824,0.05934304,0.05737174
114,0.062274583,0.0637332,0.06275291,0.066064544,0.06326515,0.06601353,0.062496744,0.06363352,0.063391924,0.063013464,0.06403805,0.06359307,0.063746385,0.05648547,0.057352897,0.058144554
115,0.06517459,0.067593426,0.067985564,0.07022501,0.0603618,0.06183851,0.06505941,0.06068165,0.05979937,0.061532594,0.06429148,0.060877886,0.05869681,0.0583599,0.05718511,0.060336895
116,0.04807277,0.047734942,0.04675212,0.056393404,0.074106485,0.08477106,0.0484573,0.07149423,0.07323631,0.06749871,0.06255563,0.07122918,0.078127645,0.055229034,0.059387144,0.054954078
117,0.05279799,0.05316677,0.052942444,0.06235743,0.06998032,0.07726226,0.053219087,0.066925764,0.06794592,0.065502085,0.06279947,0.07050188,0.07327479,0.055896573,0.058934003,0.05649323
118,0.06090136,0.06255512,0.06290205,0.06677499,0.062224627,0.064396754,0.061816916,0.06415231,0.063172705,0.06297099,0.0646834,0.06445891,0.06391704,0.05809199,0.05857013,0.05841073
119,0.056593165,0.0574838,0.056551993,0.06287767,0.06466278,0.067582786,0.056508373,0.06558448,0.06503272,0.06547992,0.06287362,0.06695539,0.067742445,0.06195007,0.06166186,0.06045894
120,0.05641442,0.057437632,0.05601421,0.06210692,0.066599526,0.07069294,0.057327934,0.063562796,0.06394542,0.06477332,0.061146647,0.067628324,0.06930985,0.060899276,0.061260287,0.060880505
121,0.057997264,0.058603667,0.056414325,0.059091553,0.06660435,0.071187444,0.058198247,0.06873918,0.068339236,0.06605964,0.06331778,0.06486202,0.06804172,0.057392623,0.057678696,0.05747223
122,0.05428277,0.05460225,0.054701217,0.063814394,0.068632156,0.07526513,0.05404711,0.06949621,0.069778875,0.06584379,0.06545456,0.069963425,0.07111896,0.053047508,0.055849824,0.054101802
123,0.06547396,0.0680886,0.0664412,0.06362904,0.058470447,0.05859463,0.066000625,0.06544271,0.06299947,0.06330694,0.06623857,0.06072759,0.058001492,0.05984112,0.056616135,0.060127437
124,0.05939038,0.060289875,0.05943796,0.06628482,0.06489189,0.06854539,0.0590655,0.06417217,0.06408469,0.064246826,0.06283552,0.06703239,0.06729277,0.056611422,0.058195993,0.05762236
125,0.06315622,0.06439223,0.06282018,0.063813,0.06316142,0.06613476,0.06392174,0.06685468,0.065827645,0.06373267,0.0650815,0.06273741,0.063498415,0.05420789,0.05497606,0.055684183
126,0.063282855,0.06532197,0.06393641,0.065188214,0.060714934,0.061171155,0.063882224,0.06120141,0.06033393,0.06277217,0.062253244,0.06175682,0.0608249,0.06345544,0.061066303,0.062838
127,0.057436507,0.05838559,0.05952058,0.06910334,0.06671249,0.07234051,0.05773663,0.06394383,0.06439407,0.06332538,0.06379817,0.068915755,0.06871975,0.05327186,0.05679709,0.05559848
128,0.062003795,0.063477136,0.06133987,0.061007667,0.06317676,0.06538956,0.063595936,0.06382689,0.063667156,0.0637513,0.06312051,0.06174982,0.06273738,0.060783904,0.059167724,0.06120456
129,0.055929273,0.056813806,0.05776684,0.06817747,0.06753374,0.072730616,0.05699077,0.063123055,0.06412763,0.06338243,0.062732086,0.07028421,0.070595466,0.055104233,0.058540598,0.056167834
130,0.064540066,0.06578843,0.0629922,0.06061595,0.061954137,0.06332662,0.06526146,0.0660904,0.06476008,0.06418753,0.06332616,0.05908984,0.0610491,0.05987003,0.05804733,0.059100673
131,0.05578608,0.05662228,0.0540789,0.056245454,0.06588095,0.06938754,0.05681741,0.06770303,0.067588985,0.06627332,0.062998466,0.06424039,0.06760604,0.06438179,0.06230769,0.062081646
132,0.06059436,0.061507985,0.06071116,0.06387874,0.06443489,0.06856291,0.060312517,0.068462454,0.06742792,0.06493913,0.06546003,0.063612625,0.06469721,0.054320123,0.055379316,0.055698637
133,0.056131374,0.056583587,0.054935608,0.058410026,0.068520315,0.074027084,0.058376834,0.06469446,0.066273876,0.06506178,0.061962314,0.06458231,0.06808044,0.060738504,0.060567904,0.06105352
134,0.06372485,0.06495725,0.06255222,0.061745763,0.06373551,0.06630615,0.064976916,0.06520713,0.064873844,0.06398876,0.06407901,0.0609747,0.06187102,0.05686851,0.05568286,0.058455504
135,0.061674803,0.06288304,0.061921656,0.06616451,0.06373256,0.06688251,0.06208066,0.0644399,0.063938245,0.06324884,0.06375331,0.0657824,0.06570565,0.054699358,0.056376606,0.056715965
136,0.054031707,0.054789472,0.055106305,0.06456271,0.06879983,0.07557513,0.05452798,0.06521881,0.06624995,0.06476156,0.06314389,0.07023676,0.071360655,0.05567462,0.05820844,0.057752207
137,0.060532298,0.061717093,0.060132343,0.06425631,0.06369921,0.06555432,0.060356498,0.062617116,0.0626292,0.06424407,0.061846092,0.06300896,0.06420352,0.06221004,0.061457958,0.06153499
138,0.06304647,0.0651255,0.063651286,0.06301428,0.060425617,0.061136622,0.06396823,0.06431298,0.06277763,0.06381641,0.064471975,0.06117069,0.059847873,0.06229223,0.05899373,0.0619485
139,0.061807644,0.06297499,0.059595276,0.058433548,0.06282679,0.06520259,0.06207439,0.06941364,0.067784995,0.065849766,0.06454009,0.061516646,0.06365395,0.058683734,0.057680506,0.05796143
140,0.057283856,0.05800947,0.056739982,0.060758367,0.06692174,0.07220811,0.05790983,0.0679466,0.06807599,0.06545336,0.06392945,0.06504376,0.06789823,0.056809295,0.057882875,0.057129055
141,0.06269258,0.06358785,0.061281014,0.060691148,0.062302835,0.06501741,0.062306706,0.07116481,0.06898699,0.065632604,0.066795446,0.062112,0.06304665,0.0546413,0.054401472,0.05533919
142,0.06433279,0.0663754,0.06443171,0.06426451,0.061380602,0.062462725,0.065564364,0.06254703,0.06185172,0.063025676,0.06344383,0.061451025,0.06060563,0.05967948,0.057685878,0.060897633
143,0.06151265,0.06211931,0.05930951,0.05807742,0.06531937,0.06925035,0.06334088,0.06863879,0.068693146,0.06563647,0.0655246,0.06020062,0.062282037,0.05677841,0.055155214,0.058161285
144,0.06183277,0.06290399,0.062863134,0.06685742,0.06522585,0.07011735,0.06370084,0.066381164,0.06628498,0.06287135,0.06635956,0.065259546,0.0648205,0.049426857,0.052074037,0.053020637
145,0.05994721,0.060826555,0.05851919,0.05956394,0.06487952,0.06853549,0.061183836,0.06873531,0.06803085,0.06561775,0.065226145,0.06364372,0.0649488,0.056623008,0.056122594,0.057596114
146,0.061117485,0.06191561,0.06020726,0.06051092,0.06465573,0.06812277,0.06222749,0.06885059,0.06762428,0.065378696,0.06464282,0.06195467,0.06405848,0.056153506,0.05590754,0.05667215
147,0.0611577,0.06223137,0.059885822,0.060770154,0.06363571,0.06687331,0.061124932,0.06945581,0.06814578,0.06547162,0.065936945,0.063512065,0.06413723,0.055705827,0.05541541,0.05654031
148,0.058478907,0.059333045,0.058730897,0.06352776,0.06563215,0.06956489,0.059446424,0.06593874,0.06556752,0.06449264,0.0632495,0.06671815,0.0679376,0.056508742,0.057864618,0.057008397
149,0.066164024,0.06841001,0.06587287,0.061057035,0.05884137,0.058761597,0.067820705,0.06600103,0.06411634,0.0637734,0.066686,0.057861693,0.0565703,0.060617656,0.056497812,0.060948163
150,0.05493105,0.055318266,0.05401473,0.05920763,0.06896266,0.07434782,0.05711278,0.06372857,0.06558476,0.0649469,0.061740015,0.065928996,0.06876976,0.061890826,0.06147243,0.06204282
151,0.06850054,0.07057598,0.06988771,0.068658866,0.05967385,0.060807247,0.0689527,0.063830756,0.062078863,0.061469037,0.06564039,0.060663495,0.05841688,0.052618492,0.05269854,0.05552665
152,0.06314078,0.06438672,0.060943976,0.058170732,0.062604904,0.06465235,0.06387699,0.068723895,0.06730351,0.0653483,0.064958006,0.060121354,0.0617921,0.05874506,0.0564506,0.058780756
153,0.062142313,0.063567616,0.06183792,0.06216784,0.06389499,0.06674955,0.06311242,0.06533979,0.06479617,0.063828476,0.063645445,0.06185942,0.06335006,0.05784988,0.05731784,0.058540247
154,0.06521459,0.06638977,0.064414114,0.06400225,0.06536479,0.07001722,0.06735907,0.06379693,0.0643901,0.062137567,0.06353455,0.060809676,0.06296931,0.05148185,0.05289386,0.05522439
155,0.061171155,0.0632854,0.062381268,0.06466092,0.06327957,0.06596654,0.062344536,0.062605195,0.062375203,0.06282928,0.0637102,0.064084254,0.06300879,0.059089694,0.05808152,0.06112644
156,0.06631347,0.06786458,0.06271334,0.056048576,0.059604477,0.059160173,0.067494094,0.06842789,0.06624757,0.06573187,0.065210775,0.056435958,0.057211332,0.06295233,0.057537034,0.061046503
157,0.06879464,0.071197934,0.068953864,0.06327413,0.05762426,0.057596628,0.06932447,0.06776063,0.064819865,0.06328185,0.06835885,0.057196543,0.0552891,0.05609178,0.053406194,0.057029195
158,0.06047582,0.061219748,0.058231555,0.058912307,0.064180225,0.06669626,0.061648376,0.066829905,0.06641434,0.06552318,0.06305754,0.062737174,0.0652279,0.06025217,0.05932098,0.05927248
159,0.06539096,0.067282364,0.064506926,0.062495355,0.06020957,0.06051798,0.06621718,0.064643234,0.06310017,0.063731365,0.06403046,0.060385127,0.059897784,0.0600853,0.05773552,0.059770674
160,0.07089785,0.07407135,0.07511083,0.0747936,0.057377428,0.057998158,0.07010177,0.060503457,0.05848037,0.05939308,0.06607974,0.060430743,0.05574558,0.05141387,0.051834293,0.05576786
161,0.05192582,0.051764797,0.052035857,0.0628364,0.07091447,0.07931741,0.05174507,0.06976104,0.07033086,0.06644811,0.06358359,0.071126744,0.074680224,0.052878696,0.057114504,0.0535365
162,0.06171645,0.06317251,0.0630609,0.06722514,0.064711705,0.06896301,0.062015407,0.064897075,0.06443963,0.062986925,0.06432635,0.06420845,0.064536795,0.053110234,0.054706022,0.055923395
163,0.059501912,0.061966494,0.06302334,0.06865271,0.06189858,0.063428625,0.059635855,0.06049159,0.059609286,0.06264321,0.06284637,0.065398544,0.062268056,0.0635357,0.06127529,0.06382439
164,0.057227816,0.057873532,0.057474423,0.06517381,0.066740744,0.0713697,0.057332594,0.06486041,0.065372124,0.06473872,0.06252343,0.06667785,0.06879195,0.057032492,0.058986586,0.0578238
165,0.060830813,0.061805367,0.05973263,0.05986221,0.06485887,0.06856761,0.061971013,0.06714228,0.066926405,0.06480955,0.06455717,0.061560314,0.06361385,0.05787806,0.056839157,0.059044715
166,0.056632813,0.057483464,0.05716866,0.06322701,0.06706376,0.0727061,0.05719723,0.06725165,0.06709963,0.065030515,0.063939564,0.06701661,0.0687248,0.055623896,0.057110094,0.056724206
167,0.054889377,0.05583065,0.05719386,0.06715942,0.069478005,0.07724462,0.05545405,0.06499484,0.066076905,0.06408509,0.06357329,0.068687126,0.06941272,0.05338581,0.056319404,0.056214858
168,0.06181335,0.06331784,0.06349059,0.068835266,0.06164061,0.06311985,0.061114565,0.064063326,0.062422335,0.06358539,0.06386415,0.06576955,0.06355653,0.057475735,0.057827763,0.058103167
169,0.07038712,0.07251224,0.07020189,0.066130586,0.060026057,0.060926527,0.071670525,0.0631656,0.06183026,0.061785705,0.06470065,0.05789351,0.056822807,0.053331286,0.052316446,0.056298856
170,0.05803492,0.05951058,0.0583243,0.06205156,0.0632235,0.06540366,0.058737084,0.06491494,0.064309254,0.06468803,0.06388876,0.06522455,0.065275386,0.06296969,0.061597466,0.061846346
171,0.06746718,0.07001614,0.06900352,0.06749957,0.05932528,0.059555516,0.06884393,0.060268056,0.05902594,0.061070643,0.06278473,0.05946832,0.058347125,0.059096057,0.057552975,0.060675025
172,0.061438333,0.06265741,0.060909662,0.06252576,0.06602111,0.07052064,0.06367388,0.06354837,0.06439649,0.06335457,0.06338651,0.06354495,0.06458901,0.055431545,0.055525605,0.05847621
173,0.060927134,0.06184867,0.061482046,0.06622413,0.06419477,0.06736954,0.06163665,0.06511909,0.06461327,0.06379454,0.06417739,0.064977765,0.06526173,0.05519468,0.05659122,0.056587357
174,0.072512105,0.07508246,0.07380876,0.06929406,0.056731172,0.05628421,0.07257592,0.06289832,0.060257938,0.06072214,0.066041216,0.057806686,0.055130903,0.05291424,0.052180987,0.05575891
175,0.053434428,0.053492185,0.05160889,0.05682345,0.068466626,0.07411444,0.053863663,0.071207695,0.07116248,0.06744501,0.06369204,0.06761087,0.07208667,0.058398504,0.05999077,0.056602255
176,0.053868018,0.054030333,0.053395953,0.0601466,0.07001614,0.076629825,0.05458063,0.06664803,0.06757216,0.06549633,0.060969293,0.067449026,0.072841346,0.058132324,0.06086496,0.057359044
177,0.06263908,0.06488729,0.06612451,0.073316105,0.06249758,0.0646338,0.06311108,0.057031825,0.05743399,0.06061659,0.06138308,0.06466381,0.06209978,0.058871493,0.059251107,0.06143887
178,0.05890051,0.059658136,0.059146266,0.06435192,0.06684532,0.07153139,0.060043525,0.06359735,0.064279936,0.06381403,0.06205842,0.065093674,0.06733323,0.056855258,0.05820195,0.058289032
179,0.05996268,0.061585236,0.062238753,0.0673844,0.06353926,0.06789786,0.05969206,0.06902279,0.06728,0.06410296,0.06774005,0.06651003,0.06476113,0.05142084,0.05302842,0.053833522
180,0.061143454,0.06263411,0.06199853,0.06562733,0.06280211,0.06539665,0.061880235,0.064938985,0.06432166,0.06379844,0.06543681,0.064793885,0.063612394,0.056611203,0.056924116,0.05808006
181,0.070330404,0.07347838,0.069935575,0.06286836,0.05563173,0.053241756,0.072664365,0.058191724,0.05677663,0.060812328,0.06247746,0.055541523,0.053398263,0.06719797,0.060570583,0.06688293
182,0.0528893,0.053813335,0.053937163,0.06378752,0.069014795,0.07494355,0.05329409,0.06270855,0.06378085,0.06470425,0.0604952,0.07004732,0.07148467,0.061348822,0.062222704,0.061527874
183,0.0626034,0.06429287,0.06470969,0.070799455,0.06391481,0.068070486,0.061823245,0.065022215,0.06446019,0.06269667,0.065878406,0.06463376,0.062906206,0.050907526,0.05312759,0.054153483
184,0.058458034,0.05920459,0.05905881,0.066323765,0.06648286,0.07166404,0.05874748,0.06515213,0.06528305,0.06413274,0.06341489,0.06744596,0.06837963,0.053890422,0.056482743,0.055878818
185,0.059216615,0.059813768,0.060126185,0.06693849,0.06695466,0.07319827,0.059281897,0.067478195,0.06759707,0.06395443,0.06561442,0.06710128,0.06751106,0.049589824,0.053026807,0.05259705
186,0.06050446,0.061340775,0.057768654,0.056325413,0.06284795,0.064509764,0.060720876,0.07001084,0.06839536,0.066758946,0.06437762,0.060670767,0.06362131,0.062361136,0.060004346,0.05978177
187,0.059748203,0.06091774,0.060085546,0.06481563,0.06490938,0.06864547,0.06003906,0.064677656,0.06439935,0.06418988,0.063064575,0.065080605,0.065748006,0.057262104,0.057774436,0.058642324
188,0.06614848,0.06861363,0.066639066,0.06378491,0.059438806,0.059375186,0.068005964,0.06274994,0.06136801,0.062537454,0.06423473,0.059166018,0.05820563,0.06074941,0.058000173,0.060982574
189,0.059596453,0.060639605,0.05906612,0.06203114,0.06425757,0.067328446,0.058512732,0.06958825,0.06804582,0.06604617,0.06481723,0.06320733,0.06470202,0.05764765,0.057393126,0.05712035
190,0.058018446,0.059160277,0.0580089,0.059880678,0.06266075,0.06495637,0.0583345,0.07022583,0.06823998,0.06623326,0.06630992,0.065116696,0.06508792,0.06024543,0.05893662,0.05858439
191,0.06849898,0.07141425,0.07090852,0.070268944,0.05829197,0.057890154,0.069975644,0.058010206,0.05738993,0.059901383,0.06361941,0.05991196,0.056885876,0.05859495,0.056999642,0.0614382
192,0.054547343,0.05540262,0.054101035,0.059034705,0.067174755,0.07245459,0.05486657,0.069956124,0.06939141,0.06633882,0.06414551,0.06740407,0.07048316,0.058219776,0.05887475,0.057604764
193,0.058126442,0.059362307,0.06044697,0.06864163,0.06564072,0.06996731,0.05855833,0.06388757,0.06390366,0.063442916,0.064055,0.06776156,0.06690516,0.055184726,0.057245534,0.056870114
194,0.06568837,0.06738523,0.064159706,0.061012458,0.060265906,0.060839724,0.066648126,0.06554902,0.063962296,0.06407362,0.06445062,0.05889702,0.059221536,0.060256053,0.057394102,0.060196258
195,0.06826431,0.071073286,0.06769358,0.0621724,0.056750014,0.055011865,0.0699373,0.05997754,0.05850003,0.06169626,0.062487025,0.056640994,0.055586226,0.0670568,0.061564248,0.06558809
196,0.05788992,0.058512665,0.056719415,0.05925154,0.06723994,0.07162451,0.059958003,0.06663257,0.06735273,0.06538762,0.063623056,0.06432394,0.06671592,0.05809494,0.057821997,0.058851194
197,0.061292354,0.0624881,0.05993868,0.060109682,0.0635828,0.06596452,0.062044207,0.06699442,0.06611136,0.06480685,0.06357687,0.061936375,0.064290695,0.05940182,0.058810864,0.058650393
198,0.06872119,0.07157632,0.068782255,0.06299745,0.05736105,0.056542356,0.070966534,0.0623311,0.06071502,0.0620786,0.06557998,0.057339724,0.054915313,0.061147925,0.05659907,0.06234612
199,0.060894713,0.061872687,0.058798816,0.057112787,0.06361368,0.06598541,0.06234647,0.07010563,0.06868978,0.06620701,0.06529378,0.061731335,0.06350149,0.05893501,0.056630928,0.058280483
200,0.061718218,0.06334623,0.061444547,0.05988883,0.06099287,0.061931983,0.06315185,0.06627004,0.064751215,0.06476942,0.06498505,0.060472738,0.060501177,0.06371746,0.059967723,0.062090617
201,0.06353563,0.06537247,0.06548198,0.06877659,0.06254155,0.06482503,0.06447797,0.06125334,0.061087772,0.061924875,0.0637405,0.0628614,0.061667237,0.056599088,0.056905717,0.05894883
202,0.057513632,0.05796738,0.05697717,0.06280466,0.06828028,0.07488023,0.057361126,0.06947688,0.069530115,0.06567136,0.064253025,0.0661722,0.06909791,0.051874246,0.054764803,0.053375006
203,0.05364132,0.053848404,0.053979915,0.06315122,0.07206563,0.08142849,0.05491802,0.06684463,0.06873119,0.06457417,0.062660955,0.06966685,0.073464066,0.051526584,0.055594787,0.053903777
204,0.06337989,0.065465845,0.06378092,0.06318878,0.0608562,0.061377812,0.06478518,0.06408518,0.0626489,0.0635155,0.0640474,0.06143395,0.06056063,0.061262425,0.05867118,0.0609402
205,0.055753175,0.055910066,0.055728674,0.063355386,0.06918712,0.07679927,0.05570876,0.06998648,0.070199884,0.06549863,0.06455577,0.0685543,0.07134376,0.05060052,0.054475304,0.052342962
206,0.060739428,0.062390085,0.06113316,0.06297658,0.064263016,0.06678978,0.06238937,0.06152454,0.06186933,0.06321955,0.06193066,0.062205225,0.06293467,0.062352628,0.060361233,0.06292078
207,0.061232056,0.062312815,0.060460385,0.061681017,0.065111466,0.06862102,0.06259602,0.06541586,0.06544499,0.06397333,0.06323088,0.06260769,0.06473279,0.057197653,0.057567727,0.05781431
208,0.053785544,0.05442902,0.053267878,0.05873407,0.06863773,0.07412345,0.055688877,0.065056786,0.0663569,0.0654333,0.062393166,0.06756928,0.0700452,0.061602633,0.061270326,0.061605856
209,0.07102919,0.073592946,0.071278274,0.06478013,0.056984145,0.05621287,0.07195985,0.06373904,0.061343633,0.061843976,0.0661843,0.056764342,0.054356724,0.057127446,0.054043144,0.05876005
210,0.06649039,0.06908112,0.0683553,0.067531355,0.058082312,0.05808714,0.06619721,0.06361953,0.061338954,0.06243537,0.06572372,0.060621206,0.05765762,0.058614485,0.056649555,0.059514742
211,0.05787412,0.058744654,0.056663107,0.05870214,0.064587966,0.06690316,0.06006168,0.06543958,0.06541302,0.065259434,0.063061014,0.064517155,0.06597374,0.063423075,0.061216746,0.06215947
212,0.053653862,0.053937174,0.052295018,0.057577178,0.06933923,0.075469166,0.054943874,0.06734521,0.06846719,0.066327855,0.062392626,0.06693277,0.07095848,0.060169708,0.060813766,0.059376933
213,0.061505437,0.06277476,0.05906509,0.05588823,0.060952406,0.06150949,0.062406242,0.06950283,0.067277096,0.06650252,0.0651669,0.059870448,0.061020244,0.06461284,0.059827458,0.062118012
214,0.061176,0.062973514,0.06275379,0.06799781,0.061993536,0.06375923,0.06140879,0.061981566,0.06126335,0.062783994,0.06305914,0.06533773,0.06418338,0.059456497,0.059939723,0.059931964
