,AV1,AV2,AV3,BA,FI1,FI2,HS,IM1,IM2,IM3,IM4,PE1,PE2,VA1,VA2,VA3
0,0.055868268,0.054593455,0.05534972,0.059700716,0.06936311,0.071134664,0.056215245,0.06307946,0.06400333,0.06479098,0.058683757,0.06505241,0.06772114,0.065168865,0.06653565,0.06273919
1,0.061939307,0.0615766,0.06263434,0.0657976,0.06505628,0.06675161,0.06255068,0.06495819,0.06584094,0.064072914,0.06442646,0.06279977,0.06260232,0.055001564,0.05720826,0.056783203
2,0.05588371,0.05520075,0.05640015,0.06190777,0.069281146,0.07188014,0.056839306,0.062354803,0.06375732,0.0637329,0.059631083,0.066956334,0.06838706,0.06209531,0.064269215,0.061423033
3,0.06339413,0.06432346,0.06499647,0.06543076,0.060283057,0.059657376,0.063812725,0.064432964,0.06391639,0.06335751,0.06548947,0.06239026,0.060376663,0.059245158,0.058809545,0.060084064
4,0.065676175,0.06581334,0.06615214,0.06476441,0.062375873,0.06269753,0.06603567,0.06332637,0.06366851,0.06322677,0.063468784,0.06022392,0.059975438,0.057073373,0.057337854,0.058183804
5,0.065509,0.065244064,0.06363766,0.06067975,0.063194565,0.06262242,0.06652275,0.06348463,0.06392324,0.06460269,0.062050663,0.059033073,0.059618756,0.060289852,0.059080545,0.060506396
6,0.065644436,0.06609067,0.06485032,0.060378794,0.060250454,0.05852363,0.066107534,0.063531786,0.06210489,0.06420937,0.06158496,0.059015736,0.058968987,0.064566694,0.061117943,0.06305382
7,0.06046271,0.06040134,0.060667768,0.06064768,0.06612522,0.06681156,0.061863516,0.062812194,0.06311163,0.06445392,0.06110342,0.06271535,0.06206557,0.06275241,0.060601667,0.06340401
8,0.05822057,0.05778779,0.058863945,0.06323914,0.066495955,0.067709796,0.059394166,0.06394896,0.06480666,0.06449221,0.062170982,0.0651549,0.065330334,0.060333762,0.06201109,0.060039725
9,0.06004613,0.060099866,0.060626958,0.06260258,0.06387468,0.06362688,0.060841825,0.06384934,0.06373195,0.06429833,0.06271891,0.06395367,0.0626662,0.062518425,0.062147483,0.062396783
10,0.0594108,0.058685496,0.057169836,0.056491114,0.06511898,0.0647979,0.059638463,0.06628129,0.06564706,0.06578812,0.061243795,0.061742578,0.06418376,0.06600153,0.064938545,0.06286079
11,0.05650405,0.055388995,0.056362193,0.060345367,0.069138244,0.0717731,0.057442665,0.06472925,0.06553819,0.064712144,0.06059414,0.06513545,0.06773273,0.06112037,0.06357835,0.059904777
12,0.053469498,0.052145377,0.052418504,0.058189467,0.06960459,0.07150682,0.053568944,0.06827729,0.06804441,0.066853546,0.061894886,0.06633907,0.06819191,0.063248254,0.06511702,0.06113037
13,0.059745982,0.05971178,0.06059942,0.064635426,0.065206684,0.06667162,0.061071593,0.06493885,0.06543155,0.06389709,0.06388474,0.06557703,0.064592004,0.057010915,0.058934055,0.058091242
14,0.064158075,0.064656585,0.06644139,0.06841705,0.06183408,0.061941948,0.06422698,0.05997384,0.060874328,0.062026624,0.061793923,0.06251825,0.061622385,0.059071865,0.06016854,0.06027415
15,0.062377837,0.06196846,0.060693845,0.058863934,0.06442117,0.06449626,0.06253646,0.06692523,0.06630416,0.06598167,0.06367374,0.059953365,0.060560003,0.06078045,0.059342343,0.061121084
16,0.06215986,0.06239212,0.062732205,0.06250797,0.064617395,0.06423275,0.06371148,0.060030084,0.060585186,0.06359049,0.05967405,0.06277143,0.06128653,0.06390654,0.061086558,0.06471533
17,0.06178121,0.061565604,0.06170416,0.06232915,0.06511062,0.06596174,0.06284329,0.063209966,0.064123414,0.06383216,0.06216487,0.062115844,0.062917426,0.059737302,0.06036809,0.060235135
18,0.06607328,0.0664872,0.06453094,0.058618817,0.061362047,0.059859104,0.06752129,0.06401573,0.06295498,0.06438846,0.06208516,0.058152825,0.05799771,0.06337939,0.059514448,0.063058585
19,0.065246515,0.06544765,0.06322699,0.058192015,0.061608363,0.05984931,0.065128446,0.063987,0.06262014,0.06517763,0.060929418,0.058375806,0.058560148,0.065755546,0.06138966,0.064505346
20,0.0685079,0.06927926,0.068088286,0.06437743,0.05884395,0.057680152,0.06920014,0.0642,0.064113915,0.06343272,0.06581183,0.05815345,0.057061758,0.056787327,0.056321878,0.05814
21,0.058877002,0.058970068,0.061519414,0.06809384,0.06410821,0.06635248,0.05942587,0.06791318,0.06826943,0.0645026,0.06850956,0.06487225,0.06277013,0.05324062,0.05652155,0.056053802
22,0.0580972,0.0569712,0.055240065,0.055342186,0.06782033,0.06863136,0.059383597,0.06765171,0.06730705,0.066639945,0.061294224,0.062335722,0.06507089,0.06368693,0.063227795,0.061299793
23,0.056479268,0.055258278,0.05603369,0.06156932,0.07067227,0.07451183,0.05657503,0.06729844,0.068550415,0.065656565,0.062661655,0.06475561,0.06693022,0.056620058,0.059946515,0.056480784
24,0.058579575,0.057851966,0.059258394,0.064159386,0.06780647,0.07069937,0.05914296,0.06693407,0.06785321,0.06477961,0.064760655,0.06458766,0.064818986,0.054824296,0.057666462,0.05627691
25,0.06406438,0.064884804,0.06555177,0.06453067,0.060963184,0.06006519,0.065320194,0.061713457,0.061625727,0.062830135,0.06245551,0.061366428,0.060160074,0.061930332,0.0607528,0.061785292
26,0.05397146,0.05290667,0.0533583,0.058487028,0.07148761,0.074001744,0.054887537,0.06477122,0.065279,0.06536802,0.05897481,0.06717884,0.06943767,0.06347668,0.06452687,0.061886486
27,0.064418525,0.065066874,0.065356165,0.064493455,0.06255781,0.062432952,0.065960445,0.06263959,0.0632031,0.06346027,0.06373933,0.061581094,0.059830934,0.057980802,0.057314996,0.059963636
28,0.065291286,0.06654912,0.06759662,0.066216536,0.058041986,0.056244805,0.06557404,0.06242742,0.061347734,0.062986776,0.0643508,0.060422875,0.057696275,0.0622498,0.060324278,0.06267967
29,0.071941786,0.073762,0.07373164,0.067073874,0.05743017,0.055793393,0.07325332,0.05803349,0.058671582,0.060749356,0.062428575,0.057137378,0.05480947,0.058306146,0.056055553,0.060822282
30,0.06579634,0.06579819,0.06521381,0.0630123,0.061795145,0.06184621,0.065968856,0.06681536,0.066171005,0.06476346,0.06573098,0.05911955,0.058441862,0.05612999,0.055782035,0.05761496
31,0.057074264,0.05601645,0.05501004,0.056215018,0.06961258,0.07124123,0.058685444,0.06708796,0.067009546,0.06633807,0.06087954,0.06392601,0.06604434,0.06217413,0.061731637,0.06095375
32,0.064121515,0.064665444,0.06525093,0.06445739,0.06143715,0.06107647,0.064803034,0.064217396,0.06372357,0.06386653,0.06451118,0.0608618,0.059304032,0.05918297,0.058414813,0.060105834
33,0.07318894,0.07460617,0.07097669,0.06213662,0.053830724,0.051092405,0.07283239,0.06714961,0.06497081,0.064227216,0.06867156,0.055203363,0.052601244,0.056763045,0.053887855,0.05786135
34,0.0696242,0.0709246,0.07013256,0.064337656,0.057964876,0.05606091,0.07029811,0.06262352,0.06199097,0.063268036,0.0649167,0.057431467,0.054791193,0.05880788,0.055662315,0.061164964
35,0.058480736,0.058113195,0.05884055,0.061705202,0.0674133,0.06912041,0.059574902,0.06354309,0.06409453,0.06418615,0.060946696,0.06498263,0.06534378,0.060976025,0.06156822,0.061110567
36,0.055034667,0.05411598,0.054130517,0.059083696,0.07036218,0.07327097,0.055497084,0.06955401,0.07003715,0.066786796,0.06421627,0.065462865,0.06650107,0.057754226,0.059778225,0.058414314
37,0.06268655,0.06288085,0.06336346,0.06547951,0.06309317,0.06344077,0.063698046,0.06405974,0.06471449,0.06372428,0.06426712,0.06313853,0.06240461,0.05669898,0.05809665,0.058253206
38,0.05907378,0.057790227,0.056814067,0.057296183,0.07004352,0.072658315,0.060392365,0.06657225,0.067309424,0.06584567,0.061467297,0.062350806,0.06477317,0.05917267,0.059494477,0.058945816
39,0.060938776,0.061144013,0.06290918,0.06694442,0.06511588,0.06700895,0.06192334,0.06370255,0.064599596,0.06329222,0.06381148,0.06480015,0.063304596,0.05557893,0.05770791,0.05721807
40,0.058401547,0.057478655,0.056262895,0.056349065,0.06808389,0.06902344,0.05915572,0.066200875,0.06557088,0.06598,0.059626196,0.06251136,0.06547879,0.0644347,0.063472256,0.06196973
41,0.061785404,0.061253794,0.06095604,0.060984135,0.06654508,0.068122685,0.062469516,0.064613774,0.065040804,0.06441915,0.06175288,0.06192947,0.06320558,0.058695257,0.05918379,0.05904261
42,0.06301483,0.06265287,0.061883386,0.059909135,0.06438018,0.064258315,0.063924104,0.06415122,0.064006515,0.06483702,0.061723586,0.060054857,0.06069445,0.062089052,0.060350176,0.06207034
43,0.0637389,0.063519575,0.061522875,0.058664314,0.0634318,0.06290051,0.06410366,0.06815837,0.066596955,0.066137806,0.06375096,0.059798032,0.060239542,0.059892595,0.05792468,0.059619434
44,0.06882712,0.06906655,0.067535974,0.06277874,0.059992842,0.05892872,0.069506444,0.06523157,0.06459474,0.06430663,0.0648045,0.057704244,0.05677766,0.056685813,0.055297967,0.05796044
45,0.058297995,0.05691756,0.055193875,0.055232305,0.068409905,0.069874614,0.059362885,0.067853004,0.067888625,0.06645649,0.061379127,0.06157574,0.06551659,0.06261634,0.06306463,0.060360298
46,0.06264458,0.06273651,0.06167254,0.05986478,0.06241255,0.061321467,0.0638476,0.06464086,0.06412317,0.06486544,0.06316764,0.06112066,0.060412813,0.06314604,0.06131759,0.06270575
47,0.05287794,0.051151752,0.05040244,0.05397766,0.07212041,0.07411946,0.05323657,0.066102326,0.066077024,0.066799596,0.057623092,0.06571995,0.069968455,0.06805687,0.067905724,0.06386074
48,0.052316055,0.051439974,0.05301264,0.059476964,0.07068318,0.07303397,0.053024985,0.0633151,0.06378648,0.06461813,0.05852191,0.06814305,0.069716126,0.066774644,0.06796236,0.06417442
49,0.06557561,0.06598261,0.067045316,0.06687121,0.06295729,0.0638061,0.06607027,0.06257575,0.06363282,0.062534645,0.06480021,0.060883384,0.058837026,0.05490914,0.055619564,0.057899028
50,0.06523082,0.06571769,0.06534009,0.063691355,0.061630584,0.060992148,0.06531443,0.06322195,0.063088335,0.06402994,0.06269627,0.06015738,0.059597827,0.060037233,0.059053313,0.06020063
51,0.06583444,0.066414155,0.06686938,0.06480589,0.06348852,0.0631669,0.06704833,0.05714193,0.0587842,0.06166012,0.05946463,0.060739014,0.059258614,0.061790127,0.059770223,0.06376351
52,0.059874423,0.059880093,0.059930705,0.061097752,0.06635048,0.06698592,0.06186577,0.061332185,0.06263364,0.06332283,0.06045119,0.063976645,0.064312324,0.06263753,0.06250678,0.06284173
53,0.062201135,0.061657853,0.058661524,0.0562216,0.063909784,0.06319466,0.06292323,0.068245135,0.06708934,0.066523306,0.0626677,0.060080428,0.061912097,0.06283114,0.061177064,0.06070401
54,0.062289175,0.06179184,0.06152692,0.06166367,0.06593516,0.06783684,0.063197725,0.06650907,0.06718426,0.064474106,0.06419213,0.06077464,0.0624668,0.055887725,0.057529066,0.05674088
55,0.05628437,0.055476952,0.05655821,0.061528675,0.069393665,0.07243176,0.057249255,0.066029586,0.06683931,0.06510489,0.062234636,0.06575585,0.06699133,0.058559466,0.060804207,0.058757834
56,0.060393512,0.05962383,0.060116798,0.06285247,0.06588297,0.0673404,0.05994312,0.06559776,0.06619146,0.0646393,0.06306712,0.062359698,0.06419331,0.05855235,0.060772136,0.058473703
57,0.065759,0.06676759,0.06639004,0.06321464,0.06000292,0.058542565,0.06599832,0.0623345,0.06182867,0.063802235,0.063121326,0.059796683,0.05780675,0.062200494,0.059146874,0.063287444
58,0.06683844,0.067416705,0.06783059,0.06628013,0.061687157,0.06209369,0.06792003,0.06411687,0.064337604,0.06330392,0.06519706,0.05970992,0.05817476,0.05420439,0.05438989,0.056498837
59,0.059858028,0.05974106,0.061088342,0.066171795,0.06575858,0.06788516,0.06064912,0.065749034,0.06672215,0.06398526,0.06509062,0.065454215,0.0646899,0.05424989,0.057000324,0.055906527
60,0.06264809,0.0617916,0.06152822,0.062509604,0.065732494,0.0680729,0.06318471,0.0698735,0.07014436,0.065916665,0.06703515,0.05990572,0.06097164,0.05224263,0.054303717,0.054138973
61,0.05633718,0.05454102,0.054426085,0.059038356,0.07096026,0.074886985,0.056002073,0.07016509,0.07101155,0.066679105,0.063492544,0.063533954,0.067515254,0.05611512,0.05973325,0.055562183
62,0.05973823,0.059499938,0.06027741,0.062107068,0.06446036,0.06506585,0.060299,0.065444075,0.06526267,0.064699434,0.06351616,0.06321106,0.06303933,0.061178643,0.061430912,0.060769837
63,0.05844638,0.059112,0.059189565,0.06119216,0.06364459,0.0624548,0.059578236,0.061140575,0.060765304,0.063686095,0.059731312,0.066063665,0.06407941,0.06841627,0.06555516,0.0669445
64,0.0541427,0.052997243,0.054074377,0.060378417,0.07039088,0.07323257,0.05459504,0.065550946,0.06650594,0.065245375,0.0609761,0.06691007,0.06892099,0.06162972,0.064329155,0.060120437
65,0.061163478,0.06162309,0.062480617,0.06227403,0.06339783,0.06241639,0.06299169,0.05776973,0.058481216,0.062366754,0.058287345,0.06315387,0.06194572,0.06854967,0.06549674,0.06760182
66,0.057186913,0.056433678,0.05713097,0.060956255,0.0690775,0.07116921,0.058705702,0.06325014,0.06463474,0.06434222,0.06064686,0.06493588,0.06628995,0.061269727,0.06265993,0.0613103
67,0.060753293,0.061171405,0.060875967,0.061250806,0.063794926,0.06353716,0.061916355,0.06292086,0.0630222,0.06369845,0.061736044,0.063760035,0.063307725,0.063136086,0.062111504,0.06300718
68,0.06529754,0.06659837,0.06840725,0.06797309,0.059374444,0.058054656,0.06577909,0.0589192,0.05898324,0.061513927,0.061876502,0.06256882,0.059172716,0.062099867,0.06036289,0.063018404
69,0.06410081,0.06418484,0.06489398,0.0652573,0.06170258,0.06219641,0.063795835,0.06678719,0.066577196,0.06435376,0.0664349,0.06063452,0.06025272,0.055422567,0.056657854,0.056747563
70,0.06673821,0.06791608,0.06751583,0.06500947,0.058898374,0.05690216,0.06735669,0.05847195,0.05866805,0.062033743,0.06048962,0.061415333,0.05918785,0.063900776,0.061167825,0.064328
71,0.06263464,0.061542764,0.059205223,0.056011587,0.064666145,0.06424109,0.062439393,0.069266625,0.067417935,0.0675331,0.062713295,0.05877646,0.060110867,0.062631175,0.059898037,0.060911693
72,0.056181397,0.05463022,0.05385372,0.055560768,0.07025453,0.07177657,0.056264166,0.066146575,0.06604526,0.06660675,0.059196807,0.06335897,0.06673989,0.065491654,0.06495585,0.06293685
73,0.06628748,0.06722335,0.06730443,0.06548526,0.059625674,0.05822764,0.06747289,0.062218115,0.06236381,0.063169114,0.06459823,0.060247015,0.057554305,0.05926648,0.057928562,0.061027594
74,0.057996854,0.057159267,0.057373565,0.06030038,0.06753075,0.06864902,0.05791032,0.06401614,0.064156555,0.06489488,0.06003266,0.064848095,0.066044874,0.0632956,0.06352678,0.062264252
75,0.060893405,0.0601993,0.059447877,0.060853772,0.06540007,0.06634888,0.060360126,0.06891811,0.06837802,0.06610166,0.0647694,0.062146097,0.063045785,0.057251684,0.0584549,0.05743092
76,0.058179244,0.057668738,0.05804884,0.05971073,0.067565575,0.0683329,0.059001066,0.059616107,0.06052878,0.06343815,0.05685745,0.06463114,0.06595105,0.068064176,0.066633806,0.065772295
77,0.06891555,0.068836756,0.06651359,0.060291212,0.060816146,0.0596843,0.06937088,0.065136544,0.064541094,0.064848125,0.063527845,0.05597179,0.056329798,0.058989014,0.056832984,0.059394352
78,0.057799704,0.05726357,0.057919845,0.061543155,0.06909842,0.07136498,0.059046905,0.063179195,0.06453608,0.06400703,0.06061135,0.06515132,0.06661843,0.059972964,0.061707407,0.060179688
79,0.06510241,0.065907754,0.064849354,0.060734596,0.06193116,0.06053903,0.066700704,0.059368696,0.059553865,0.06245645,0.059395332,0.060726468,0.059743345,0.065784924,0.061985873,0.06522002
80,0.060344625,0.059865393,0.058969364,0.05983822,0.06337508,0.06306123,0.060046528,0.069281615,0.06792802,0.066893525,0.06507871,0.061412685,0.061878663,0.061081965,0.060829308,0.060115036
81,0.060184993,0.05988353,0.058150887,0.05645812,0.06493286,0.06402002,0.061685372,0.06613756,0.064791836,0.066178635,0.06123802,0.062457822,0.062045198,0.06570531,0.062085986,0.06404386
82,0.054569848,0.05336774,0.05350499,0.05765517,0.07076379,0.073056646,0.05580546,0.06512448,0.06582008,0.06577254,0.059757076,0.06599608,0.06798946,0.06388115,0.06451011,0.062425416
83,0.052536704,0.051441755,0.052141424,0.058658473,0.07170429,0.07476614,0.05351478,0.0649622,0.06599755,0.06507408,0.05974823,0.068419635,0.07055044,0.063220575,0.065552175,0.061711565
84,0.06270263,0.061713256,0.05939914,0.0564553,0.06517306,0.06538937,0.06308274,0.068725556,0.067984655,0.066582255,0.06362491,0.059066534,0.061008446,0.060272053,0.059291527,0.059528552
85,0.0544472,0.053670004,0.055650704,0.061619055,0.068916254,0.07064978,0.054995716,0.060875513,0.062063094,0.06369134,0.058453996,0.067362644,0.06847108,0.066438235,0.06777174,0.06492369
86,0.060466576,0.06020132,0.059430078,0.05973322,0.06635311,0.0666951,0.061698463,0.06412129,0.06433431,0.064881586,0.06091848,0.06276293,0.06334929,0.062070686,0.06137999,0.06160351
87,0.06168434,0.062127925,0.06435068,0.06837751,0.06463737,0.06636835,0.062483072,0.06388094,0.064447306,0.06313535,0.064591184,0.064627,0.062137257,0.05427032,0.05580619,0.05707521
88,0.069731295,0.070149004,0.069612354,0.0648243,0.059894443,0.059729654,0.06918806,0.06372271,0.06363455,0.063443035,0.06426812,0.056769688,0.056565844,0.055857792,0.055199217,0.057409894
89,0.05844969,0.05839415,0.060011324,0.064842895,0.0666865,0.06815907,0.059292827,0.060613304,0.06196435,0.06291756,0.060184732,0.06662898,0.066065624,0.061232645,0.06259161,0.061964687
90,0.057721682,0.056823023,0.056397583,0.057601713,0.06810962,0.06975161,0.059045106,0.069020905,0.06823623,0.06644873,0.06319285,0.063284874,0.06445686,0.060243122,0.060268156,0.059397932
91,0.063116916,0.06302026,0.061705634,0.059785955,0.063930824,0.06377299,0.06437001,0.06503007,0.06491676,0.06483321,0.06280853,0.060550813,0.061130513,0.06070875,0.05966227,0.060656533
92,0.06926914,0.07043313,0.06871097,0.062482912,0.059289023,0.058027983,0.07135699,0.063743,0.06335021,0.063172184,0.06483632,0.05795099,0.056518707,0.056995474,0.054929618,0.05893342
93,0.06121502,0.06093303,0.05927196,0.057230424,0.06512342,0.06409808,0.06226006,0.06299794,0.06246715,0.065123454,0.05896783,0.061559644,0.06246209,0.0672191,0.063761026,0.06530977
94,0.06638206,0.0666926,0.06456528,0.060519733,0.061953366,0.06150692,0.06815401,0.066179514,0.06596204,0.06433977,0.06515452,0.05892618,0.058919236,0.0566956,0.055920184,0.05812898
95,0.061026294,0.059973978,0.058109835,0.056191105,0.06656698,0.066785865,0.06121145,0.06644633,0.06562634,0.06655875,0.06069405,0.06052667,0.061936233,0.0641782,0.06178469,0.0623832
96,0.060488623,0.059916742,0.060977507,0.063368276,0.064718835,0.06556082,0.060192514,0.065299615,0.06522621,0.065082185,0.0631002,0.062432367,0.06262539,0.0600624,0.060746573,0.06020177
97,0.053653747,0.052492492,0.053319864,0.060389165,0.07195587,0.075755276,0.054037474,0.066359915,0.06752497,0.065582044,0.060499273,0.06733867,0.070198044,0.05952612,0.06302936,0.058337696
98,0.060027592,0.059942637,0.060160182,0.061622664,0.06761812,0.06907055,0.061796516,0.05946852,0.060760487,0.06260161,0.057227425,0.064690076,0.06614992,0.063306086,0.063306585,0.06225101
99,0.059699204,0.059679862,0.061795726,0.06710002,0.06490763,0.06652642,0.060335167,0.06350444,0.06434478,0.063017696,0.06340652,0.06571333,0.065185115,0.05709026,0.05993501,0.05775882
100,0.058302987,0.058120295,0.059954997,0.06513382,0.06708126,0.06927109,0.05950938,0.06112194,0.06276269,0.06279565,0.06063919,0.06599707,0.06638615,0.06011232,0.062470302,0.060340833
101,0.06175958,0.062081102,0.06256706,0.06427378,0.06408326,0.06446595,0.06336044,0.063625164,0.064365014,0.063721746,0.06403329,0.0634502,0.06176328,0.0582317,0.058572397,0.05964605
102,0.065711245,0.066268586,0.06561173,0.06264541,0.060982734,0.059685603,0.06645932,0.06299305,0.06263126,0.06416572,0.06288685,0.059521448,0.05859304,0.06110429,0.058935437,0.061804246
103,0.053148877,0.051531855,0.05188939,0.058608413,0.07303947,0.07816608,0.053454116,0.07115745,0.07192234,0.06699232,0.06370285,0.066605605,0.0693481,0.055570047,0.059377436,0.05548567
104,0.06654066,0.06737527,0.06839298,0.067216985,0.060158648,0.05957717,0.06715788,0.06091472,0.061343472,0.061912358,0.063205734,0.060731355,0.059042037,0.05847513,0.058303993,0.059651613
105,0.056220315,0.055192947,0.05542508,0.05915356,0.07054306,0.07316395,0.057893157,0.06281837,0.06429985,0.06445121,0.058878932,0.06577094,0.06800227,0.062671155,0.06403282,0.0614824
106,0.06217568,0.062520996,0.06262252,0.06125002,0.061555043,0.06054989,0.062855616,0.0646135,0.06361194,0.064553656,0.06375232,0.06122299,0.059915584,0.06386481,0.061384834,0.063550614
107,0.065997705,0.06586681,0.06334722,0.05928387,0.060810998,0.059516475,0.06578038,0.068303645,0.067097634,0.06615922,0.06555639,0.057648443,0.058044594,0.05941794,0.057777718,0.05939089
108,0.053884316,0.053091507,0.053783987,0.060389444,0.07143119,0.07481959,0.05470442,0.063822225,0.06503815,0.064536124,0.058694426,0.06797503,0.07055534,0.062160518,0.064668976,0.06044479
109,0.061780665,0.061723437,0.06252313,0.063656546,0.0644633,0.06468092,0.06218116,0.060951862,0.061440554,0.06350769,0.06021962,0.06301989,0.062327523,0.06270051,0.061869554,0.06295368
110,0.064156786,0.06330268,0.06239226,0.061598208,0.06457429,0.0653394,0.06418425,0.066323146,0.066432364,0.06531535,0.06333983,0.059814744,0.061094895,0.05700729,0.057689633,0.05743488
111,0.05203603,0.050436378,0.0504986,0.056518145,0.073434934,0.077655554,0.05266005,0.06976953,0.06986321,0.06687442,0.061040524,0.06742741,0.070949666,0.05981064,0.06256362,0.058461245
112,0.05703415,0.056356065,0.056799848,0.061394345,0.06940315,0.071682595,0.057745516,0.06354855,0.064594746,0.06441788,0.05973623,0.06613783,0.06771019,0.060737018,0.06260763,0.0600942
113,0.052480824,0.05150348,0.05182513,0.058561236,0.072118565,0.07584382,0.05369054,0.06782659,0.06830374,0.06581076,0.061165407,0.06872462,0.07070767,0.05990352,0.062805116,0.058729038
114,0.05675943,0.05555784,0.05468466,0.05632002,0.06827488,0.06875481,0.057015438,0.06525309,0.065155044,0.066398226,0.059461474,0.06362721,0.065889865,0.066911384,0.06576529,0.06417137
115,0.076407425,0.07781935,0.07458193,0.06306921,0.056248005,0.054322336,0.07779548,0.06234134,0.06201934,0.062300395,0.0650785,0.0535348,0.05213267,0.054093976,0.051315397,0.05693991
116,0.0658478,0.06676844,0.068640195,0.06863028,0.05956314,0.058543462,0.06608763,0.05982575,0.06013382,0.06196624,0.062608555,0.06164525,0.059018325,0.060059767,0.05940885,0.0612525
117,0.057669774,0.05735007,0.058035385,0.060856856,0.067443706,0.06851387,0.0584005,0.0625235,0.063112095,0.064203694,0.059808783,0.064956106,0.065746546,0.06423974,0.064069085,0.06307026
118,0.066123925,0.06607007,0.064324155,0.06008603,0.061038252,0.05964101,0.06549469,0.0653154,0.06403427,0.06544266,0.06278405,0.057922516,0.058089145,0.062361583,0.05946217,0.061810043
119,0.061363496,0.06133056,0.060900096,0.06084399,0.064016245,0.064240575,0.06210859,0.06406753,0.06395847,0.0638475,0.061933048,0.062523395,0.06317378,0.062163252,0.06222806,0.06130145
120,0.06577378,0.066720925,0.06799678,0.06744889,0.06168149,0.061571557,0.06775264,0.057554226,0.059002228,0.060864378,0.060255766,0.06251198,0.06099776,0.05961287,0.05933042,0.060924362
121,0.061246626,0.060483225,0.060176693,0.060553037,0.06666558,0.06829599,0.061380435,0.06776924,0.06775352,0.065784834,0.064269714,0.061340496,0.06199282,0.0569136,0.057277214,0.058096934
122,0.064648695,0.065394156,0.06515328,0.06312948,0.06157858,0.060714956,0.06576273,0.063128196,0.06274054,0.06353332,0.0630459,0.061509356,0.059908688,0.06016479,0.05844827,0.061139036
123,0.057595946,0.05713445,0.05802982,0.062455762,0.067773774,0.069871694,0.058089226,0.064406864,0.065100156,0.064409606,0.061476376,0.06530818,0.06644743,0.060043838,0.06191597,0.059940908
124,0.0639841,0.06384805,0.061871212,0.05781044,0.062605605,0.061219607,0.064985596,0.06503464,0.06353607,0.06540979,0.0613095,0.060097057,0.059756104,0.06447398,0.06078417,0.06327404
125,0.06943499,0.0703583,0.06897177,0.06279157,0.05721837,0.05536713,0.070331596,0.06375392,0.062900126,0.06340613,0.06498552,0.05666086,0.05559432,0.05989261,0.05787003,0.06046278
126,0.056985866,0.05651616,0.058033954,0.06366718,0.06899412,0.0717449,0.05755383,0.06311304,0.06447003,0.063872725,0.06071783,0.06655125,0.067429386,0.05919942,0.061617605,0.059532683
127,0.057544637,0.057844263,0.05819067,0.060852453,0.06448647,0.06340023,0.058408175,0.06059291,0.06024388,0.06385768,0.0584825,0.06637112,0.0651634,0.06975768,0.06720039,0.06760357
128,0.057401918,0.056616798,0.056976262,0.06028178,0.06858213,0.07026356,0.058226455,0.06354515,0.064432524,0.06469612,0.06011578,0.06484271,0.066320956,0.062544614,0.06339467,0.06175852
129,0.06698044,0.06730604,0.06553297,0.060444202,0.05946363,0.057541378,0.066725954,0.064103775,0.06297813,0.0644406,0.06300984,0.057928156,0.05757738,0.06315623,0.060025983,0.06278529
130,0.069879875,0.07118281,0.07076693,0.06631726,0.05771933,0.0566619,0.07083587,0.06278395,0.06281124,0.06218187,0.06628853,0.058085676,0.055999115,0.055563457,0.054929577,0.057992667
131,0.059514534,0.058864836,0.05866315,0.059736006,0.066749625,0.0675948,0.060103882,0.064264365,0.064747564,0.064913146,0.06106555,0.06265832,0.06414834,0.0626297,0.06251859,0.06182762
132,0.06268911,0.06266305,0.064759605,0.067569576,0.063566,0.06526399,0.06304681,0.06345419,0.0649695,0.062947236,0.065855496,0.062259417,0.061266292,0.054868363,0.05727068,0.05755069
133,0.05999096,0.060009327,0.06135622,0.063553065,0.06510926,0.065210424,0.06057977,0.058529653,0.05938356,0.06248012,0.058128506,0.06498409,0.064419806,0.0659567,0.06495541,0.06535313
134,0.053088572,0.05188797,0.052335527,0.05779953,0.07241358,0.07595456,0.054284506,0.06633311,0.06753326,0.06567325,0.060686957,0.067061864,0.06958384,0.061262015,0.06358143,0.060520086
135,0.059787553,0.059110556,0.058816127,0.060063753,0.06667896,0.0673729,0.06039008,0.06508992,0.06466015,0.06557249,0.060604524,0.06305654,0.06415193,0.06213084,0.0613492,0.06116443
136,0.064041555,0.06526547,0.06608628,0.06736486,0.061593298,0.06156096,0.06603872,0.060778886,0.06195985,0.061858024,0.06387774,0.06419229,0.061439313,0.056943484,0.05747753,0.059521742
137,0.05847305,0.057360224,0.055363946,0.054731708,0.06784033,0.068548396,0.059729192,0.06798524,0.06765622,0.06708944,0.061904125,0.061778933,0.06394545,0.063435234,0.061979543,0.062178995
138,0.06590454,0.06625467,0.06421684,0.059064575,0.06085874,0.059307,0.06693,0.06482169,0.06407525,0.06487795,0.063503124,0.05781288,0.057819214,0.062616244,0.059507787,0.06242948
139,0.06867981,0.069467545,0.068099715,0.06363029,0.058720995,0.057649154,0.069827154,0.06422865,0.064062625,0.063201144,0.065700084,0.05794479,0.057094194,0.057017747,0.056495894,0.05818021
140,0.055545542,0.053968064,0.053585775,0.057450335,0.070843965,0.07359613,0.05578355,0.06901987,0.06903222,0.066978484,0.061736077,0.06420695,0.067277044,0.06026637,0.061877966,0.05883169
141,0.058956943,0.058511935,0.059714764,0.06392333,0.06588259,0.06705261,0.05911817,0.06451356,0.06490261,0.064362824,0.062446784,0.0651032,0.065274924,0.0594989,0.06123556,0.05950135
142,0.058543622,0.058134556,0.059454985,0.062949546,0.06641255,0.06764572,0.059181996,0.062464174,0.06336318,0.063754454,0.060849898,0.06457119,0.06526199,0.062341724,0.063602015,0.061468422
143,0.05978233,0.059146676,0.05973836,0.06282073,0.066010915,0.06749056,0.060030557,0.06502983,0.0656115,0.06431702,0.06262727,0.06369347,0.065058686,0.058892928,0.060907993,0.05884118
144,0.056650117,0.05563505,0.055478264,0.05802338,0.067846075,0.0684598,0.056980412,0.06426789,0.06431913,0.06555926,0.059462424,0.06400434,0.065918766,0.066752605,0.06640546,0.06423703
145,0.060976688,0.060350273,0.058872703,0.057543766,0.06536581,0.065197885,0.06166688,0.066071354,0.06552662,0.06577515,0.06181009,0.061335973,0.06223746,0.063364945,0.061625756,0.06227866
146,0.0621378,0.061792552,0.06254654,0.06340515,0.06480137,0.065804645,0.062958285,0.06431309,0.064871974,0.06426227,0.06330037,0.061592635,0.06152167,0.05846968,0.05908144,0.05914055
147,0.066844985,0.06749718,0.066451155,0.062423147,0.06127499,0.06038151,0.06757525,0.06275824,0.062755175,0.06351754,0.06310728,0.05918678,0.05835414,0.059492886,0.057467837,0.06091189
148,0.0626617,0.063192435,0.063148215,0.06222087,0.06314734,0.06309953,0.06423158,0.06220236,0.0628184,0.06303741,0.06259282,0.062147345,0.06150028,0.061332375,0.06069902,0.061968293
149,0.059846193,0.0600355,0.06030947,0.060886744,0.06484091,0.065276556,0.061600596,0.06395114,0.064152665,0.06439526,0.06297752,0.06345261,0.062471077,0.062161274,0.060976926,0.062665574
150,0.04889345,0.04694359,0.047071837,0.053749222,0.07486586,0.079310514,0.04897608,0.0703795,0.069825634,0.06722104,0.059659343,0.06833018,0.07331241,0.06421152,0.066867806,0.06038199
151,0.057212446,0.056342468,0.055651452,0.05802237,0.06705489,0.06794935,0.057646807,0.06931857,0.068439595,0.06693468,0.063366294,0.064431295,0.06542174,0.060994163,0.061406694,0.05980719
152,0.060896814,0.060426485,0.060341705,0.05992894,0.06619113,0.06724336,0.062381376,0.06531034,0.0655588,0.06491359,0.06255443,0.061258063,0.062371515,0.06029797,0.060153753,0.060171723
153,0.05353659,0.052889414,0.05329947,0.058167703,0.069254465,0.071287595,0.054711763,0.06758954,0.06742869,0.06573132,0.06255232,0.06713025,0.06822758,0.062600985,0.06389165,0.061700664
154,0.06341542,0.06342729,0.064070396,0.06308041,0.06290362,0.06296526,0.063876905,0.06332479,0.0634256,0.06361046,0.06264494,0.060327988,0.060505163,0.061018664,0.060595043,0.06080807
155,0.06061683,0.059843898,0.058034178,0.056514785,0.06469375,0.064345844,0.06029089,0.068895906,0.06728636,0.067193516,0.063052624,0.060254104,0.061473683,0.06375438,0.061713733,0.062035512
156,0.060002733,0.058711186,0.057328887,0.057126794,0.06916324,0.07086182,0.06083584,0.066254556,0.067023896,0.066097334,0.061435223,0.061236233,0.063491955,0.060160745,0.060052563,0.06021701
157,0.058683258,0.057832368,0.05688676,0.057342295,0.067344725,0.06807871,0.059116393,0.066525415,0.06648426,0.065953225,0.06195917,0.062152192,0.06407912,0.063073635,0.062545046,0.06194346
158,0.05625599,0.054566916,0.053865597,0.05703143,0.07136092,0.07422813,0.05590174,0.06795372,0.06811179,0.06692079,0.060132463,0.06400009,0.06793615,0.060554776,0.061947737,0.059231795
159,0.06051108,0.060553752,0.060188156,0.060548965,0.06282262,0.062168375,0.061170653,0.066027686,0.064915374,0.065275535,0.06336341,0.06287878,0.062155873,0.063257895,0.06179763,0.062364217
160,0.06490393,0.06555425,0.06497916,0.06251549,0.0589864,0.057468228,0.06581151,0.065618284,0.064242065,0.06476757,0.06571831,0.060267825,0.05791193,0.060853545,0.058777142,0.06162436
161,0.06506157,0.06551388,0.065711424,0.06483299,0.062381294,0.062284328,0.06635843,0.061769377,0.062561706,0.0630717,0.06298494,0.06122338,0.06002276,0.05828784,0.057809018,0.06012537
162,0.05409589,0.052728534,0.052943274,0.058605343,0.0719027,0.07621643,0.054946445,0.069971606,0.070409104,0.06609587,0.06297236,0.066460684,0.0695365,0.05670122,0.06023247,0.056181528
163,0.07090016,0.07301154,0.07189412,0.065099716,0.05818145,0.05676889,0.07348048,0.061286714,0.061347697,0.06195643,0.064981736,0.058262635,0.05479919,0.05577412,0.05316707,0.059088
164,0.06046015,0.060090568,0.059687562,0.061023038,0.065665625,0.06699406,0.06170969,0.068637446,0.068745494,0.06561578,0.06593763,0.06271007,0.06291362,0.055792745,0.056985218,0.057031315
165,0.05948262,0.059020974,0.057880487,0.057628464,0.066132024,0.06664772,0.05997876,0.06771433,0.06668083,0.06591041,0.062381502,0.061902173,0.06374114,0.062389947,0.061545853,0.060962744
166,0.06485069,0.06500685,0.062832594,0.05863173,0.061419398,0.05996486,0.06550388,0.06697801,0.065564804,0.06580775,0.06404964,0.058758855,0.0586151,0.061783466,0.059047237,0.061185148
167,0.06296766,0.0622768,0.06087874,0.05994108,0.067198806,0.06940651,0.06479354,0.0673844,0.06816325,0.06519641,0.06451582,0.0605397,0.06133774,0.05429579,0.05496839,0.056135394
168,0.063951455,0.06403013,0.064985916,0.065063536,0.06278162,0.06324371,0.06501553,0.0627285,0.06330689,0.0633011,0.06338384,0.061495848,0.06036182,0.058269095,0.058699835,0.05938121
169,0.056478977,0.056050323,0.056632794,0.060294695,0.06751862,0.06886002,0.057810836,0.06460972,0.06498398,0.06488938,0.061646104,0.065785095,0.06569555,0.06302459,0.063279115,0.062440258
170,0.055109378,0.053778917,0.052543577,0.055040166,0.06992768,0.0717207,0.05567618,0.06997536,0.069466114,0.067496024,0.06237922,0.06414748,0.06669424,0.06250089,0.06284978,0.060694303
171,0.061722998,0.061887912,0.061798614,0.0616811,0.063768126,0.064049646,0.062263545,0.065079756,0.06482592,0.06430082,0.063569136,0.062206145,0.0619385,0.060292345,0.060026985,0.06058843
172,0.05888298,0.05788832,0.05708735,0.057776213,0.06642025,0.06697515,0.05913376,0.06674802,0.06640648,0.06598775,0.0622239,0.06205886,0.063677974,0.06352359,0.06318797,0.062021457
173,0.054676205,0.05426168,0.0560188,0.06280639,0.06856758,0.07153259,0.056097466,0.06537067,0.06632154,0.064009756,0.06269529,0.068156935,0.06921144,0.058916718,0.062090512,0.05926644
174,0.059440814,0.058694076,0.058584515,0.061248235,0.06640881,0.06734078,0.059195407,0.06669509,0.066444196,0.06586367,0.06272854,0.06322371,0.06385879,0.05987655,0.06037903,0.060017787
175,0.06536238,0.066244245,0.06739305,0.066847496,0.061807275,0.06173707,0.066418305,0.062066708,0.062117245,0.06311697,0.06347474,0.061732963,0.058815513,0.057172567,0.056069035,0.059624467
176,0.0547723,0.053033534,0.052353818,0.055361725,0.07171015,0.07459822,0.05489531,0.06969345,0.06947453,0.06746472,0.061253257,0.06370181,0.067502655,0.06156837,0.06265376,0.059962336
177,0.05760142,0.05688744,0.057721153,0.062065266,0.06925929,0.07124013,0.05857678,0.062874734,0.064235166,0.06451445,0.060024295,0.06497119,0.065845795,0.06103258,0.062198423,0.060951903
178,0.058689024,0.058365073,0.05945679,0.06269434,0.06677673,0.06854727,0.059639093,0.06602347,0.06602358,0.0647343,0.06351795,0.064645566,0.06405576,0.058481727,0.059302382,0.059046913
179,0.061185107,0.061407797,0.06067198,0.06020294,0.0633533,0.062174022,0.061644822,0.06296283,0.0626425,0.06452207,0.061318893,0.06254581,0.061998617,0.065423116,0.0630515,0.06489469
180,0.06260281,0.06287109,0.06326775,0.062328167,0.063880764,0.06334152,0.06335491,0.059000116,0.05944516,0.06261209,0.0581801,0.0621366,0.062312044,0.065949164,0.06393787,0.064779885
181,0.062119845,0.061186805,0.059706066,0.058099523,0.06559164,0.06560571,0.061822165,0.06680787,0.066297024,0.06662725,0.062494963,0.05974941,0.060697015,0.061740935,0.059864238,0.061589494
182,0.058463044,0.057621945,0.058026146,0.06116771,0.06858345,0.07078719,0.0586801,0.06587749,0.06646968,0.065429375,0.062178932,0.06349891,0.06496102,0.058827776,0.060006004,0.059421204
183,0.059284694,0.057761997,0.056524288,0.05793272,0.06878055,0.07061188,0.058757298,0.06901894,0.06882495,0.0672562,0.062244758,0.06203836,0.06434477,0.058876175,0.059510827,0.05823162
184,0.06150554,0.061244637,0.06232842,0.06548225,0.064429656,0.0656001,0.06206079,0.06542886,0.065854006,0.06464752,0.06429867,0.06285377,0.062653765,0.056336142,0.057912964,0.057362925
185,0.06328294,0.06349076,0.06272696,0.061927423,0.062766336,0.062530234,0.063547045,0.0636928,0.06373849,0.06391617,0.062681064,0.06164302,0.061638195,0.060835104,0.060458317,0.061125115
186,0.060655657,0.060193185,0.060033202,0.06086206,0.06589019,0.06617326,0.061159026,0.06327312,0.06372583,0.064449,0.061095327,0.06265094,0.06306444,0.062445264,0.061787058,0.06254247
187,0.064625084,0.0640774,0.061926078,0.05806777,0.06352024,0.0632927,0.06508854,0.06764545,0.06712857,0.06612829,0.064084664,0.057782352,0.059249327,0.059659116,0.058367748,0.05935664
188,0.06446685,0.0640987,0.06310474,0.060809094,0.06560357,0.06663774,0.06566552,0.06376267,0.06435509,0.06438817,0.06160431,0.060033888,0.061313584,0.05786734,0.057305533,0.058983266
189,0.05591189,0.055003483,0.0562053,0.06038329,0.06927451,0.07173505,0.057063207,0.06397218,0.0650287,0.06454653,0.061240163,0.06525945,0.066322155,0.0622769,0.06370332,0.062073886
190,0.061279867,0.062049486,0.063909635,0.06708652,0.06084536,0.059907116,0.061295513,0.060903102,0.060853023,0.06262804,0.062097356,0.064823374,0.06274207,0.06334863,0.06351811,0.0627128
191,0.0677461,0.06893667,0.06998827,0.06658151,0.057264235,0.055048205,0.06798295,0.059695352,0.059205353,0.062327713,0.062383026,0.058668483,0.056452796,0.063397616,0.060730968,0.06359076
192,0.067363515,0.06820789,0.06950138,0.066999525,0.06043979,0.060228825,0.06928144,0.059568267,0.06109282,0.06167577,0.06391578,0.059336536,0.057281148,0.05775232,0.05714092,0.06021408
193,0.05499718,0.054234296,0.05469285,0.059770513,0.06933086,0.0714015,0.05629164,0.06581362,0.06626602,0.065913826,0.061451357,0.066595115,0.06706272,0.061930746,0.06262809,0.06161968
194,0.0639946,0.064141095,0.062680475,0.059830673,0.062477205,0.061351195,0.06513184,0.065883204,0.065038815,0.06526991,0.06395026,0.059913855,0.05912231,0.061083186,0.058725804,0.061405603
195,0.06294526,0.06282482,0.062486257,0.062049925,0.062681556,0.06193671,0.063185744,0.06261534,0.06274196,0.06401046,0.061750382,0.061360206,0.061555468,0.063068956,0.062260393,0.0625265
196,0.06228007,0.06189164,0.061033327,0.059004527,0.066071205,0.06617118,0.06392329,0.06258373,0.06297785,0.06486158,0.060006306,0.060934145,0.06122652,0.063412584,0.060473964,0.06314806
197,0.06559816,0.06642476,0.06504177,0.05980843,0.06132604,0.059948213,0.06693315,0.062817305,0.06204552,0.06404745,0.06233891,0.05908562,0.057585742,0.06362532,0.0591528,0.064220816
198,0.06992764,0.070624955,0.07192939,0.06962679,0.06036824,0.06138981,0.06976225,0.062210884,0.06343264,0.06160632,0.065984145,0.058036897,0.056487504,0.05136329,0.05261163,0.054637603
199,0.060145743,0.060072474,0.06057465,0.062040884,0.066843495,0.06814363,0.062048994,0.06276503,0.063781366,0.063828625,0.061459925,0.06398421,0.06390991,0.059727438,0.059739683,0.060933914
200,0.055204593,0.054833677,0.057137504,0.064281054,0.067889675,0.06930765,0.055767987,0.060223885,0.061270066,0.063385025,0.058746375,0.06822473,0.06782195,0.06528553,0.0663227,0.064297624
201,0.06523217,0.065761104,0.06695627,0.06592952,0.061382942,0.06138581,0.06593865,0.06262149,0.06278312,0.06303805,0.06431466,0.060753845,0.058695197,0.058002263,0.057289712,0.05991519
202,0.057889447,0.057179324,0.0582139,0.06130997,0.06772555,0.06901382,0.058706373,0.062756605,0.0635386,0.06453866,0.06018319,0.0640643,0.06467986,0.06366692,0.063767105,0.062766425
203,0.06722402,0.06786661,0.066868424,0.062987916,0.061406814,0.060612563,0.068534166,0.062071044,0.06220796,0.06327632,0.0624008,0.059555955,0.058381557,0.05909607,0.05707818,0.060431607
204,0.060450472,0.060027964,0.0589464,0.057749398,0.0657965,0.06614885,0.062202293,0.06674976,0.0660797,0.06548177,0.062371455,0.061461154,0.062564924,0.062205646,0.06092281,0.060840946
205,0.06883182,0.07016922,0.07089814,0.068602495,0.057683524,0.056440674,0.06986799,0.061121836,0.061131533,0.06191821,0.06438558,0.059811573,0.057444964,0.056736525,0.056361727,0.05859424
206,0.060022205,0.05914589,0.056618597,0.054716792,0.06586586,0.06530438,0.060789715,0.068417214,0.066972256,0.06718227,0.061612766,0.0603894,0.062444225,0.06527144,0.06264104,0.06260597
207,0.06132002,0.060643043,0.061227433,0.062649466,0.06618709,0.06721717,0.06169968,0.06331417,0.0639859,0.06454794,0.061308123,0.062389627,0.06296224,0.05997706,0.06018972,0.060381275
208,0.065388486,0.065984875,0.065169886,0.0629288,0.06086912,0.06002955,0.06578463,0.06564175,0.064727604,0.06438855,0.06477254,0.06001458,0.058991116,0.05848908,0.057495728,0.05932363
209,0.07261563,0.074166,0.07415527,0.06851782,0.054268885,0.052614395,0.07275648,0.06341933,0.062712885,0.062111016,0.068317756,0.056362186,0.053238,0.054304987,0.05341876,0.057020605
210,0.060785897,0.06060922,0.060502496,0.061422825,0.066658504,0.06783427,0.062462743,0.063383706,0.06409997,0.06416067,0.061096705,0.06345989,0.06385902,0.059687614,0.05968165,0.060294855
211,0.06003127,0.059576903,0.05943006,0.060587607,0.06612349,0.06679629,0.060451277,0.06564129,0.06555703,0.06558895,0.06262471,0.062765904,0.06278992,0.060726408,0.06016385,0.061145034
212,0.06439257,0.065118104,0.06436462,0.06194825,0.061116524,0.0597445,0.06530615,0.061843,0.061331075,0.06329585,0.0611537,0.061235335,0.060504727,0.06391119,0.06145616,0.0632783
213,0.06231745,0.061603323,0.061013624,0.060811628,0.065349214,0.065982014,0.06207277,0.06459277,0.06462818,0.06496031,0.060943443,0.061133187,0.062849306,0.060937274,0.06088425,0.059921224
214,0.061922062,0.06194748,0.059583746,0.057622824,0.06325225,0.06281105,0.06302509,0.07032524,0.0687976,0.06626906,0.06618302,0.060541198,0.06101175,0.05921116,0.05842325,0.059073243
