"","neu","NK","CD4","CD8","B","mono"
"0",0.318379388507209,0.074507250161293,0.0588598933809947,0.398541161990524,0.0545338486289186,0.095178457331061
"1",0.0718375781883284,0.25430106995031,0.12581707174559,0.0911746484073089,0.196170166409743,0.260699465298719
"2",0.286866031489647,0.304985762714575,0,0.217837687499206,0,0.190310518296572
"3",0.226519447029868,0.231462327351814,0,0.190446454554367,0.0975431286560653,0.254028642407886
"4",0.0145091779621264,0.283173125579751,0.0333073810905066,0.183077493163061,0.140581902581384,0.345350919623171
"5",0.0633662259177329,0.23450010517175,0.140166648557855,0.44335436274841,0.0900952278220213,0.0285174297822318
"6",0.00111454713193567,0.233479255190188,0.178799214110741,0.260582358209449,0.0901008802745421,0.235923745083145
"7",0.274497211686495,0.170088161750742,0.0309566770420223,0.31365074481035,0.0886488126499385,0.122158392060452
"8",0.167504598631808,0.180768763704396,0.226897096319036,0.0056961828645841,0.393495678484385,0.0256376799957903
"9",0.0156949850932548,0.220154698656189,0.130223360211996,0.129798287690259,0.232154812025026,0.271973856323275
"10",0.21385488994367,0.0799741327027729,0.0571932499496354,0.268151987949555,0.211001223074969,0.169824516379398
"11",0.324808314761427,0.312134602333857,0.189844533593324,0.061336200033192,0.0823027324607595,0.0295736168174408
"12",0.157364466185549,0.064513306498289,0.0242843424706629,0.300640348614889,0.138917758501026,0.314279777729583
"13",0.0890477618705436,0.210357134771308,0.00620935256435193,0.340129637844816,0.0381295260222882,0.316126586926693
"14",0,0.291698039318275,0.0517415675203638,0.292420689883779,0.248299917498876,0.115839785778707
"15",0.13539383862804,0.346822321832761,0.35164919740022,0.0705982014105816,0.042929733922384,0.0526067068060134
"16",0.112169503037102,0.207454661447371,0.154249399649875,0.112346076256851,0.183472250378478,0.230308109230323
"17",0.161639189328351,0.273925927643354,0.199108479088109,0.0219555060712315,0.103549476054057,0.239821421814898
"18",0.320902597184263,0.308199028473322,0.112222403614373,0.175036669276382,0.0383719806193776,0.0452673208322831
"19",0.117890393469822,0.458675212350476,0.0752125714558964,0.161938511742545,0.125554716055741,0.0607285949255196
"20",0.156122062571626,0.0721071688949514,0.197988481059546,0.160147230814783,0.237114979524571,0.176520077134523
"21",0.0352191784295994,0.194570307838445,0.0954383474903439,0.262656521205939,0.0281967045306245,0.383918940505048
"22",0.118862283554581,0.0269181313719606,0.0970234760195349,0.160204033698558,0.270727765574017,0.326264309781349
"23",0.208963992287434,0.228993886440929,0.190319883261336,0.21980889922036,0.11451744071491,0.0373958980750311
"24",0.348369214591154,0.289793314717092,0.0113551984097188,0.101784255284978,0.113528696609903,0.135169320387155
"25",0.301671108331699,0.0583823486193014,0.0161764339224532,0.146552580639749,0.291139552128028,0.186077976358769
"26",0.245703705496091,0.320176121240674,0.0412448254048124,0.261136752660482,0.0493623995189863,0.0823761956789541
"27",0.22102781179881,0.183749489000101,0.174406464872295,0.144163121674633,0.146126915674418,0.130526196979743
"28",0.171082762803352,0.0755611089843613,0.0987351738737487,0.141584446073458,0.211128188440408,0.301908319824671
"29",0.0771081890065835,0.306391920012787,0.391981604931588,0.165939106955587,0.020245793012658,0.0383333860807969
"30",0.166770401944672,0.215265919237154,0.0413079274233885,0.209785853188344,0.261679129873249,0.105190768333192
"31",0.100538479640418,0.0707343412068527,0.38173737965911,0.156295037617939,0.0477417758945423,0.242952985981139
"32",0.251268318310669,0.166552572323599,0.024632429726976,0.224619096514752,0.105176299042125,0.22775128408188
"33",0.209455173850556,0.0814330417113411,0.252351190572372,0.069488920108394,0.261103702806288,0.126167970951049
"34",0.361725222908959,0.1353538096514,0.208810207260707,0.0476065069079076,0.22880291524235,0.0177013380286763
"35",0.291331478780105,0.184585211979329,0.0565806007391532,0.122170932107028,0.170809076346427,0.174522700047959
"36",0.158271781518309,0.244752454047063,0.00974225831368527,0.169120143220912,0.185932442351403,0.232180920548629
"37",0.125337286030752,0.0994857124219457,0.27902086488081,0.324765852158077,0.136500800096789,0.0348894844116257
"38",0.179075862398348,0.143539593659307,0.139149687634918,0.144417001141152,0.0446828363695602,0.349135018796714
"39",0.169127326383556,0.200702934516176,0.220148431995019,0.0908178681025084,0.198410055596874,0.120793383405866
"40",0.118571053213422,0.259311886582345,0.294566557242178,0.185975610351477,0.0179267768763979,0.12364811573418
"41",0.148685488221562,0.177774775755606,0.336894742409376,0.246414517353948,0.0596893777791341,0.0305410984803727
"42",0.168635385216242,0.0700111456968988,0.164958223552012,0.201475391101822,0.0999827504539842,0.294937103979041
"43",0.202834606878557,0.260941954443518,0.0549884811512725,0.153552707702031,0.0410153748331633,0.286666874991457
"44",0.0982037619219574,0.204116302905443,0.146413319793539,0.199352331916114,0.1220962937389,0.229817989724046
"45",0.0334134224424113,0.237720069995707,0.302217939905009,0.0340299263087483,0.126080762589069,0.266537878759055
"46",0.0476428397177494,0.329345535114519,0.019278591766723,0.212551820214568,0.308823661195273,0.0823575519911676
"47",0.0480272225842611,0.412983835615933,0.200287829081196,0.0162776291207088,0.308091226117336,0.0143322574805657
"48",0.398045460799564,0.178153233357338,0.0822571318976307,0.192258283000627,0,0.14928589094484
"49",0.188300786906869,0.17359277372096,0.0814333010446809,0.223820400054748,0.0805715912694939,0.252281147003248
"50",0,0.129999062973856,0.160746688449579,0.326502832471174,0.170614541632832,0.21213687447256
"51",0.219419175004205,0.158490652172583,0.194922457185918,0.164165787007912,0.102256442494757,0.160745486134627
"52",0.167590478491456,0.348801420338699,0.216202089255229,0.183882246242551,0.0184216518786873,0.0651021137933775
"53",0.18809606189198,0.112179815166909,0.262946861655778,0.0908803614197327,0.200029411382219,0.145867488483381
"54",0.258851145988466,0.278175518506065,0.153365592518953,0.0420534890572598,0.122588980935168,0.144965272994088
"55",0.207540591675788,0.157875196382495,0,0.262557599900449,0.332601353488009,0.0394252585532591
"56",0.0906732794038579,0.153732397958778,0.305104171959529,0.113074435725105,0.20963557132162,0.12778014363111
"57",0.286606230116845,0.0707906429726964,0.189587254978497,0.0545522632811834,0.297668723199462,0.100794885451316
"58",0.171717220917264,0.224311230631044,0.247140807498641,0.156060676838131,0.000232334357532513,0.200537729757387
"59",0.234749527696203,0.169263130923129,0.271579076133985,0.0223650040475823,0.0321051551892252,0.269938106009875
"60",0.270721940307804,0.408721179476801,0.0454739039134664,0.0697779601960644,0.133482119934838,0.0718228961710266
"61",0.0483583619053839,0.117370577391667,0.241041986033557,0.0882631695256208,0.369897021410994,0.135068883732778
"62",0.179970151093763,0.169032460957153,0.174064557366721,0.111874904162546,0.152625139592053,0.212432786827763
"63",0.228786505296865,0.0556373247503379,0.299531786805699,0.141262700686578,0.198764545794274,0.0760171366662472
"64",0.104894179301736,0.00364446648899019,0.316521320736668,0.180811293856976,0.331127440937101,0.0630012986785286
"65",0.330179788774365,0.054651665839373,0.209177235659204,0.142709923749085,0.0572273948553917,0.206053991122582
"66",0.218638285968701,0.0646310871791479,0.171011299504552,0.257418185907593,0.0479302492713991,0.240370892168606
"67",0.0913933680988349,0.25728800130579,0.191283164779857,0.193930999932382,0.00199282222516114,0.264111643657976
"68",0.217066817596373,0.119383361570789,0.263836957721999,0.195250944963804,0.0791121721169124,0.125349746030122
"69",0.423471321733427,0.0142965252020767,0.0494070121834795,0.328877513604192,0.146188516000302,0.0377591112765216
"70",0.420492673109773,0.0656758049950061,0.0201107793359092,0.00553115772855903,0.374179885432055,0.114009699398698
"71",0.187365411115485,0.22390685638742,0.185606403004052,0.161251703317398,0.11409747642684,0.127772149748804
"72",0.211184616148088,0.282974707048264,0.312779582199435,0.0141008591835206,0.0417253560619494,0.137234879358743
"73",0.089724199256848,0.161634042625949,0.154310360105786,0.182290782502358,0.2052523202089,0.206788295300158
"74",0.210147642528454,0.210553139166924,0.131609998458831,0.162607099638043,0.144092736406725,0.140989383801022
"75",0.209100284477313,0.214282974447988,0.163457165698581,0.223677592625481,0.03919705069222,0.150284932058418
"76",0.0481669592111171,0.120867731792599,0.0694884007940729,0.228826074413713,0.3219352088454,0.210715624943098
"77",0.178111472695401,0.171503596897573,0.118606528591729,0.0202011597808718,0.219411897909073,0.292165344125352
"78",0.0923254904965158,0.119463340882968,0.21656900744613,0.192402201086545,0.163283473930116,0.215956486157726
"79",0.189800900122305,0.277416779909972,0.109722456500826,0.267033341777942,0.0674803492982889,0.0885461723906661
"80",0.0977693568351164,0.159290713976517,0.223205717742584,0.0903662704445587,0.203849577430805,0.225518363570419
"81",0.125400842506181,0.046104067162045,0.16418046873582,0.216336916748355,0.179531693748786,0.268446011098813
"82",0.0590290512313098,0.0481953106081494,0.0280012141834447,0.348115212770771,0.229877536782036,0.286781674424289
"83",0.196780827131583,0.0662997525239712,0.307311743010414,0.309342840501834,0.0466031711311354,0.0736616657010629
"84",0.386932715589179,0.0235056021178207,0.0774285048374776,0.197224513116153,0.266348195338483,0.0485604690008858
"85",0.285205763660865,0.0651012258535663,0.255855031930768,0.101478842412128,0.189764021945233,0.10259511419744
"86",0.261654924565061,0.0757402325961,0.0419102800892152,0.140708148607361,0.289198968316678,0.190787445825586
"87",0.209583182534416,0.0435315055564106,0.261429688524383,0.235812004148238,0.165311244354372,0.0843323748821807
"88",0.401778775257952,0.156931840447633,0.087086782517206,0.131072100707346,0.0896652616191569,0.133465239450706
"89",0.049623907947671,0.118793712213225,0.079838987286348,0.222007718346882,0.360030099247151,0.169705574958722
"90",0.05418434444274,0.0380281003354433,0.242202715994002,0.315871057270972,0.330688637939393,0.0190251440174497
"91",0.139464338886723,0.00913586018846168,0.238488617459798,0.183689670235588,0.122913591090996,0.306307922138433
"92",0.20154950830019,0.0969423185514817,0.28231199263172,0.155341355023381,0.0822042881562352,0.181650537336991
"93",0.0292515784599575,0.0102148704997436,0.156030519686107,0.37349706170618,0.057015947693596,0.373990021954416
"94",0.23489555658057,0.152479515148302,0.127147912016955,0.199515738228981,0.0701804347815999,0.215780843243592
"95",0.336720667713907,0.127140983693001,0.162359699606896,0.171468795167064,0.0277096441561785,0.174600209662953
"96",0.235681159976143,0.174112382342988,0.0725555092518143,0.176481481164208,0.206192493292601,0.134976973972246
"97",0.118181015387927,0.285798306517556,0.0863568863230528,0.259916320794177,0.0719556102521524,0.177791860725135
"98",0.00262667744233417,0.0973025800387863,0.14993642014078,0.168869392702945,0.291834776894647,0.289430152780508
"99",0.209359670903708,0.181892678451184,0.10267034704211,0.039275123492606,0.287881660471486,0.178920519638906
"100",0.000311289830421462,0.258653475329369,0.108417474345646,0.265604060950884,0.140105679179384,0.226908020364296
"101",0.190221571307443,0.0771949162710645,0.0164832752094588,0.243720319239567,0.262720926063286,0.20965899190918
"102",0.209366991023769,0.164808781169248,0.106086392610486,0.0554181922552065,0.363282719009315,0.101036923931975
"103",0.0198006076781629,0.313758112579696,0.10269885874745,0.211614030784045,0.101749688698653,0.250378701511993
"104",0.107737547050537,0.197356735824784,0.0287187274121129,0.158116142618127,0.342326732036579,0.16574411505786
"105",0.197216923194029,0.408947126934258,0,0.158754825903293,0.140333289360932,0.0947478346074871
"106",0.145959946552638,0.121161124866219,0.116717993557439,0.221302458376456,0.309439562846613,0.0854189138006342
"107",0.235783040173912,0.115504572495412,0.0933651911511111,0.294990194405283,0.0470639009737818,0.213293100800501
"108",0.203804411292306,0.036096429078691,0,0.0738074307119821,0.335127986296728,0.351163742620293
"109",0.268584770714635,0.118344982500823,0.0627569260733392,0.191236790351058,0.0899946756024841,0.269081854757659
"110",0.0420078163488018,0.330335541092745,0.246702167186249,0.073777821295862,0.103863071132915,0.203313582943427
"111",0.139949723741594,0.255841590874087,0.207722060357494,0.102137560588863,0.048955327407757,0.245393737030206
"112",0.0997200149331476,0.239398958045792,0.154351762389408,0.108940529461227,0.320158797391674,0.0774299377787503
"113",0.2420615479754,0.0536067716076345,0.300524135629173,0.0270683197524389,0.346195066335557,0.030544158699796
"114",0.189248982100656,0.00298523715400187,0.278600495711288,0,0.182153507085264,0.34701177794879
"115",0.158831204530325,0.0996602779620237,0.222173099999983,0.279917937831071,0.152708055472539,0.086709424204059
"116",0.159994979475377,0.109790543482336,0.205279659431657,0.123296954395106,0.101822845655222,0.299815017560302
"117",0.127182515775385,0.0642481896428177,0.272956014343839,0.121602910996667,0.236550720925825,0.177459648315467
"118",0.342342261215872,0.336744065247928,0.175917923465714,0.0511308313439485,0.0621552711234995,0.0317096476030385
"119",0.0985014040530328,0.0921635137137534,0.104659622087053,0.261298661288003,0.081016420446304,0.362360378411853
"120",0.215583554941737,0.173960702615926,0.116614676508066,0.210459015313822,0.0996173635443113,0.183764687076138
"121",0.067915909994964,0.217926252859822,0.173653600855668,0.243457974685477,0.188592708000901,0.108453553603168
"122",0.185896031959838,0.084378480231198,0.0495795783903056,0.250319168862174,0.219865597159775,0.209961143396709
"123",0.0386573886570678,0.312230840778924,0.0361064796734255,0.376643327314974,0.0108975234994205,0.225464440076188
"124",0.248201730294478,0.221143813533773,0.0591535844349237,0.305752482956716,0.086086635425551,0.079661753354558
"125",0.155852457308782,0.155066615016124,0.194148072151777,0.189032612482383,0.166063302711012,0.139836940329921
"126",0,0.270436253489307,0.300684999086362,0.090030525640712,0.269072477434853,0.0697757443487665
"127",0.11930017794803,0.293547527470218,0.0786857267257361,0.170594675280113,0.126191192380683,0.211680700195219
"128",0.193887642136906,0.0313220679264629,0.294520546788016,0.252656765660753,0.195111000683806,0.0325019768040552
"129",0.0395197950708141,0.295057992882443,0.0546304157822668,0.206355242252585,0.147892281537526,0.256544272474365
"130",0.0187350318742564,0.058987848001855,0.297728009014087,0.252415669926764,0.02082668963898,0.351306751544058
"131",0.17361248009536,0.138697995104476,0.212828787593924,0.273563568446538,0.0884759729280946,0.112821195831607
"132",0.0865557507926876,0.28294208296355,0.270784706364339,0,0.301643403351878,0.0580740565275453
"133",0.0888503562129633,0.136036526738758,0,0.308826464274189,0.134828771380169,0.331457881393921
"134",0.074862758930212,0.419690325178525,0.134561377120383,0.0723909658550889,0.00236957485463158,0.296124998061159
"135",0.0668489664285405,0.038965444923054,0.220038012600719,0.245779715283329,0.216637207254217,0.21173065351014
"136",0.23967866936543,0.278949294244826,0.0795807097021682,0.00940741448270767,0.15576672361442,0.236617188590448
"137",0.198367420596337,0.127106228856752,0.103704868544822,0.193167432346026,0.228927041607919,0.148727008048144
"138",0.0952015844947269,0.346522327103582,0.0159623070165107,0.376458408641435,0.144355690229237,0.021499682514508
"139",0.31818405215197,0.288505078832327,0.14641891437601,0.0423207695807364,0.00796634378324285,0.196604841275713
"140",0,0.197819893221755,0.139812588459277,0.252583234891396,0.200459550134726,0.209324733292846
"141",0.0944026459799695,0.128524810743109,0.155938032060227,0.279122400799625,0.286403092150544,0.0556090182665258
"142",0.138959269317749,0.170575999090594,0.25171720644254,0.0502348684820666,0.187440600042478,0.201072056624572
"143",0.257094923094174,0.0730890804403543,0.162512887427603,0.293456413956006,0.0961678299654401,0.117678865116423
"144",0.243698186081435,0.041034579325416,0.247656112952543,0.233555192004911,0.181906807786587,0.0521491218491079
"145",0.266812327109252,0.137120642718776,0.147123660733472,0.0272976837979759,0.234874589685815,0.186771095954709
"146",0.0476033822740202,0.0967250986832941,0.127026505108466,0.211055246840624,0.272601286764761,0.244988480328835
"147",0.248761591569617,0.258414422349462,0.259324810080593,0.063273383835763,0.0603665152492032,0.109859276915362
"148",0.360515546577963,0.0723577347354895,0.144552412193892,0.026237072656013,0.368692465007879,0.0276447688287635
"149",0.0664818402610842,0.186260458837422,0.238140441933594,0.223504843451804,0.114082183960831,0.171530231555265
"150",0.281045440621904,0.0144072555892467,0.0773780003034731,0.211645555824224,0.400870344219408,0.0146534034417439
"151",0.245424713373134,0.225403468045107,0.05984261357489,0.241077938711635,0.0896378492008835,0.13861341709435
"152",0.138794054814857,0.186920139024199,0.0399669438580541,0.200207489628442,0.16083790627755,0.273273466396898
"153",0.229128363091978,0.200878479349715,0.188232279115915,0.110317626059843,0.175422514325575,0.0960207380569744
"154",0.112206224881035,0.0845827915790301,0.160240989847459,0.232144757599758,0.093401249211812,0.317423986880906
"155",0.0799828069472146,0.179183672592228,0.282000588718237,0.235082835077701,0.00874620051060784,0.215003896154011
"156",0.320010959331383,0.031926462575562,0.338982310403211,0.10500799833633,0.0262626088953613,0.177809660458154
"157",0.00707270605945633,0.225626864142498,0.0697613773885364,0.125103261740842,0.561735066300259,0.0107007243684087
"158",0.15082980869877,0.211798013305708,0.181507846142354,0.153428898318807,0.0818959353241956,0.220539498210165
"159",0.263619340973201,0.210624169277231,0.0917179333913735,0.0171352749485359,0.282165885893015,0.134737395516643
"160",0.0887202172930892,0.207860164257595,0.0275239305132557,0.168882101394228,0.188189174229426,0.318824412312406
"161",0.188120389712374,0.09637165841354,0.223916819720863,0.224615646159286,0.0793836472853267,0.18759183870861
"162",0.231223907223585,0.196356528417845,0.183694518623797,0.140136072890282,0.167451336369237,0.0811376364752541
"163",0.1884963186501,0.179029708099299,0.151284756378913,0.109534413154034,0.214252714216474,0.15740208950118
"164",0.152830996987233,0.104805909102042,0.264260043850214,0.0934753958029767,0.16457759674142,0.220050057516114
"165",0.333642728427473,0.00803609232876145,0.181535569970126,0.212334029725462,0.241519382187878,0.0229321973602992
"166",0.27090087232165,0.198679752448755,0.186884462070448,0.227096271780849,0.0174721609756613,0.0989664804026371
"167",0.125190731354426,0.162083045824954,0.161587444932177,0.242276404678298,0.270668188330564,0.0381941848795798
"168",0.136872459547989,0.126046429973504,0.167931253971494,0.275984457119307,0.152573410680408,0.140591988707298
"169",0.222578820251281,0.202492764313297,0,0.17796533409014,0.202324205305829,0.194638876039453
"170",0.251716236935252,0.0360022113870132,0.0170692076900213,0.289857518261468,0.232573995885741,0.172780829840504
"171",0.0128467412842013,0.129778723258298,0.115991747929321,0.0780248685343657,0.318372246860447,0.344985672133367
"172",0.185397610049325,0.0483162917068821,0.21339560983789,0.219467839203553,0.101737928426669,0.231684720775681
"173",0.0892339624289442,0.207049079638351,0.139807785728739,0.205107417945018,0.196873629307058,0.16192812495189
"174",0.00160982927319185,0.0736369758091828,0.104246860827187,0.300117118248059,0.208197399571125,0.312191816271255
"175",0.157457641620517,0.183906706701607,0.189222900694283,0.231843379721719,0.215906531055801,0.0216628402060716
"176",0.228670945262781,0.259034536241876,0.228659342870104,0.0160010663757572,0.236073681816444,0.0315604274330379
"177",0.169591912053081,0.0450623020255094,0.104102555886151,0.241019556997092,0.149369510019915,0.290854163018252
"178",0.0326997617829829,0.0849397899513777,0.130610033081445,0.212291828383852,0.261339148690178,0.278119438110165
"179",0.17468208125002,0.16499709982871,0.122942945881459,0.185187166382676,0.149635276333554,0.202555430323582
"180",0.012185049658816,0.0175806158991228,0.499870418990536,0.0662816504867749,0.152490139927964,0.251592125036786
"181",0.278058075261453,0.211083678751792,0.00356922934441964,0.283569530067776,0.216356036908384,0.00736344966617541
"182",0.18736556730404,0.0488768227260311,0.158962536220975,0.161870650826088,0.223655607360541,0.219268815562325
"183",0.0354289118950021,0.0921275621821562,0.16292302606791,0.35441903905305,0.264813663138857,0.0902877976630254
"184",0.0964058155161999,0.276037422751891,0.00253609165327628,0.205635743343817,0.284655648159396,0.13472927857542
"185",0.0172289482789623,0.28249536587996,0.172383457536797,0.0140566036964186,0.153906621271233,0.359929003336629
"186",0.0471258727147067,0.0578503057881073,0,0.346811883807448,0.36976171532929,0.178450222360448
"187",0.197214353129449,0.277076365505007,0.110711755088231,0.233263243968812,0.133406118354277,0.0483281639542241
"188",0.228239362814238,0.098274717579079,0.113308097930907,0.231762700113354,0.1232874364665,0.205127685095921
"189",0.129967100629051,0.273094330189893,0.0475188834381568,0.181499671850556,0.0719466074068737,0.295973406485469
"190",0.115960027186919,0.214640560554916,0.0730009420247706,0.165436229112523,0.357877866864121,0.0730843742567499
"191",0.170607946950493,0.0641698678662131,0.138007758119127,0.216814538569952,0.195348786950548,0.215051101543667
"192",0.331786242821373,0.0274038082514985,0.205964139979099,0.0048122117832624,0.363301136768858,0.0667324603959087
"193",0.111856263264108,0.0824689361568855,0.0235228809377922,0.0399463077787643,0.393163912151466,0.349041699710984
"194",0.0110251570171821,0.091144642460375,0.045526079879716,0.227401466026217,0.369867665830449,0.255034988786061
"195",0.199783746218588,0.192400150365816,0.223540658970881,0.12177595751587,0.166098684930758,0.0964008019980867
"196",0.266603010130024,0.128704400875301,0.296079456721061,0,0.197345918668677,0.111267213604937
"197",0.178729958479941,0.390413384804412,0.113672075194928,0.0784980557221013,0.124306272489323,0.114380253309294
"198",0.16891071438493,0.0862401625251084,0.118359800591692,0.131155746947148,0.253217194365805,0.242116381185315
"199",0.166826561148547,0.095964003964162,0.107920875045355,0.220182507298975,0.237469954513191,0.171636098029771
"200",0.20525820413659,0.022104822778809,0.0355875991084542,0.18495539646955,0.251852168813367,0.30024180869323
"201",0.149066716777677,0.246921984920304,0,0.15888605063109,0.172221795273086,0.272903452397844
"202",0.0871899373056226,0.370909441558362,0.029355801186827,0.338536521328373,0.123421549689352,0.0505867489314641
"203",0.256078625701834,0.030600281634927,0.221542802104482,0.235445042382753,0.153232355162422,0.103100893013582
"204",0.418134453256792,0.186497333203202,0.0156547303067751,0.152950695898048,0.0167540426300892,0.210008744705094
"205",0.177458843133299,0.0722778552017126,0.185978215768759,0.232647979041301,0.310995460072061,0.0206416467828665
"206",0.258544034581152,0.052051845225694,0.200210832940842,0.164019747146152,0.120554114610854,0.204619425495305
"207",0.221847257043112,0.243033632855771,0.0922954971504911,0.174944859905796,0.039721038691653,0.228157714353176
"208",0.149453659123787,0.286525123329898,0.00330568387770186,0.190029335880178,0.14275552952004,0.227930668268395
"209",0.108978232750321,0.0908516742664052,0.275904966586094,0.275340115683613,0.0415527271724112,0.207372283541156
"210",0.1694132384384,0.26428020528626,0.0537610169278303,0.341281056680126,0.0686521029555444,0.102612379711839
"211",0.274909951763655,0.0110889584828645,0.285707760364874,0.0360658967441136,0.351287268519889,0.0409401641246038
"212",0.19073614992461,0.185676177692214,0.207805709544987,0.0802525120455545,0.226089082057464,0.109440368735171
"213",0.209082091292543,0.267620677545516,0.0379840301544503,0.0592916290675452,0.286593402767376,0.139428169172569
"214",0.20216586208874,0.213356910857021,0.20167988274865,0.0927906183161627,0.158106225884189,0.131900500105238
"215",0.158643192046463,0.191898104373454,0.144964185204889,0.139491552906682,0.205027408550798,0.159975556917713
"216",0.247895794704308,0.183338897180412,0,0.199623147957039,0.2129385239057,0.156203636252542
"217",0.178415366988526,0.251070583245279,0.128740774476564,0.2757897298148,0.0906813152768958,0.0753022301979345
"218",0.0181157804905147,0.329830176323489,0.0944766397349944,0.19219424720809,0.206137079045051,0.159246077197861
"219",0.0647116676190664,0.218015746316181,0.265213435032917,0.271895527599673,0.156068909703934,0.0240947137282291
"220",0.101092616493274,0.11280372349731,0.210594968807266,0.0722871993488678,0.214626686766363,0.288594805086919
"221",0.15676506209682,0.259777058820182,0.0920128387869992,0.186830983010612,0.0103037396235533,0.294310317661834
"222",0.23552642690219,0.178887002534221,0.24523774772245,0.0808650490990885,0.144192309041406,0.115291464700645
"223",0.179609910561112,0.271260578131818,0.0972010702263404,0.129040078717188,0.295064265762998,0.0278240966005423
"224",0.175643013197979,0.0377566391303738,0.252803965244361,0.180768290923698,0.289441477586404,0.0635866139171834
"225",0.033568289362797,0.279996737921174,0.181564820868514,0.140911469087915,0.0644061022468151,0.299552580512785
"226",0.0496071056655553,0.250318773047711,0.0362007797475291,0.249924027805689,0.285687692679575,0.128261621053941
"227",0.0329561411576225,0.108530572556125,0.182374414822355,0.13288724714002,0.264591414656137,0.278660209667741
"228",0.108444406070955,0.0768882457903947,0.528847601104295,0.154860321655084,0.0494620244812935,0.0814974008979788
"229",0.160171169467648,0.121211454074707,0.161552086040242,0.2457819139938,0.0377399097301146,0.273543466693488
"230",0.147234389334198,0.276443399861706,0.0665379837268233,0.139815811073002,0.311247008173219,0.0587214078310511
"231",0.0186054296638039,0.129288710405371,0.152400421069927,0.28295668574694,0.265998815342318,0.15074993777164
"232",0.025204053100753,0.260276774016775,0,0.363631285417246,0.252544299506992,0.0983435879582337
"233",0,0.243579356193984,0.191609776715062,0.241334910961286,0.0634913114888752,0.259984644640793
"234",0.248202948066712,0.0169443376944044,0.0957147848208775,0.130130076492402,0.0880831792757395,0.420924673649865
"235",0.360878486957234,0.025918382474097,0.19881371118734,0,0.195662345975011,0.218727073406318
"236",0.0248124598114388,0.39536835259659,0.0766389806062803,0.0738980974819589,0.0936043013559516,0.335677808147781
"237",0.220265450335783,0.237794369833128,0.133891497900171,0.186924793672518,0.103102453169753,0.118021435088647
"238",0.0953105168827225,0.0987653428761892,0.206025985655988,0.19017861539689,0.267750116596102,0.141969422592109
"239",0.128513753650585,0.245702460323337,0.111185353260119,0.139472214279085,0.282909951123494,0.0922162673633803
"240",0.140530356203936,0.0203317788943275,0.292616925973983,0.0117957164078449,0.195225201746864,0.339500020773044
"241",0.307086488858729,0.0352357823546103,0.312434860677371,0.016933133168014,0.202882494900368,0.125427240040907
"242",0.012982096995076,0.0759827987678481,0.33390023179554,0.11836984110389,0.437766664938522,0.0209983663991242
"243",0.144517353881489,0.260667304793598,0.157715865302175,0.0994618187427968,0.227360790383134,0.110276866896808
"244",0.219317647773543,0.1057580582176,0.102701047251327,0.188607351335872,0.219478211410377,0.164137684011281
"245",0.191811066637282,0.119307902337979,0.182116172023824,0.0491441323845237,0.25832496445208,0.199295762164311
"246",0.202775078313556,0.0173345510836731,0.237614841996385,0.167611804901677,0.0134173684078019,0.361246355296906
"247",0.102346774912579,0.227234209075215,0,0.277169283325203,0.326252314235876,0.0669974184511261
"248",0,0.271645935586714,0.25349664556512,0.287491453720324,0.00734497832146895,0.180020986806372
"249",0.0991731921561115,0.130188080838917,0.237016119705674,0.0619367218864858,0.26749399139546,0.204191894017352
"250",0.231019446391043,0.287731996315071,0.062851260258018,0.063421980511951,0.0218443896273129,0.333130926896604
"251",0.0407614729015933,0.223297285895058,0.0600995168202823,0.2199997276702,0.151443920828338,0.304398075884529
"252",0.221196523300733,0.147190529761431,0.15790549494539,0.184646737351392,0.283807695741963,0.00525301889908967
"253",0.0355727762322217,0.192324403505855,0.0864294435242895,0.313150468358781,0.297208315030689,0.0753145933481641
"254",0.23603926290452,0.249136722671805,0,0.252035695903996,0.127692428723635,0.135095889796044
"255",0.158882709387559,0.10677512039054,0.234230111379093,0.122360229944558,0.238921512772347,0.138830316125902
"256",0.00431008977345955,0.28708853965558,0.123728575660482,0.224298002388517,0.0312205985188767,0.329354194003084
"257",0.255848678547506,0.0351102144068391,0.00205093483622902,0.156758316798556,0.250094444785533,0.300137410625338
"258",0.252515873829707,0.037942725188692,0.185721526092758,0.250221149400896,0.122055345512182,0.151543379975766
"259",0.217435604496389,0.185644796591419,0,0.197582830992586,0.209892029465534,0.189444738454072
"260",0.131194726960571,0.317765229070004,0.11542990982627,0.212315672291702,0.136936509935887,0.0863579519155657
"261",0.205635431390315,0.185627202837302,0.0711957264664984,0.251326275321857,0.0493567337292439,0.236858630254784
"262",0.223174329609588,0.188645474744791,0.23241431763976,0.0885310292534692,0.153366070356353,0.11386877839604
"263",0.0655592270300091,0.488728537561412,0.108730134214435,0.240691995057356,0.0594690921205876,0.0368210140161995
"264",0.0992708992469582,0.140472471761422,0.200076077730416,0.162363788697927,0.109047894670899,0.288768867892378
"265",0.239109394392193,0.14941828015222,0.162671758323794,0.152889144901079,0.121872090560015,0.174039331670697
"266",0,0.0946489949564999,0.109840528276598,0.376959975667265,0.200351799666577,0.21819870143306
"267",0.194406516639219,0.0464832003852493,0.173405803129376,0.156302646190876,0.244137429168684,0.185264404486595
"268",0.117778519290263,0.193692210865889,0.190556575991804,0.214965550496435,0.188072261592245,0.0949348817633638
"269",0.150712318067114,0.381355491318749,0.0636363123345609,0.0197636965253594,0.252047203884928,0.132484977869289
"270",0.291177942829523,0.0349636117234393,0.0259780462336931,0.221250431796229,0.18517963049661,0.241450336920506
"271",0.220826751304272,0.123029468081101,0.0327666902643798,0.199460031692575,0.195046346895081,0.228870711762591
"272",0.12429027089603,0.122175006546767,0.177805181295444,0.315318999375947,0.237874195028183,0.0225363468576282
"273",0.217653366327965,0.153425624346862,0.194527391947057,0.173783785534152,0.143988897445041,0.116620934398923
"274",0.208951333362496,0.231524447777401,0.0556286045543029,0.0370518842107412,0.245713954614769,0.22112977548029
"275",0.06280082902935,0.214640479731105,0.207859132760487,0.214229061925431,0.0231450506125212,0.277325445941106
"276",0.182807719001121,0.206156540361424,0.176957261230678,0.0827950187796244,0.11311430494223,0.238169155684922
"277",0.100877673155996,0.0160008927868783,0.0532263856589728,0.193439879629879,0.287581081637482,0.348874087130792
"278",0.325237472989114,0.2364794199741,0,0.019823988096887,0.0818689300938281,0.336590188846072
"279",0.119733153650307,0.251466136891875,0.0529188940175372,0.0899721791543743,0.253049122411846,0.232860513874061
"280",0.1411418138222,0.0826494511072981,0.0157652708560826,0.230259531663987,0.241885033629836,0.288298898920596
"281",0.00379699495950513,0.23373709333685,0.00837163308387051,0.168984692378816,0.300144631308835,0.284964954932123
"282",0.186236261516079,0.288522227133325,0.0070596288987367,0.117718978172465,0.265552204672124,0.13491069960727
"283",0.0346039205993574,0.0366529745961381,0.250026424162378,0.0113650024030636,0.2636226175997,0.403729060639363
"284",0.0993527950471231,0.231948732215489,0.0695945764853415,0.0887855005497752,0.313770017954628,0.196548377747643
"285",0.0959159397345236,0.0287788600768871,0.0697699132450407,0.26029883492253,0.447772570366756,0.0974638816542621
"286",0.0543637423851792,0.210539459004881,0.190042308550554,0.0245498777201207,0.211991439293936,0.30851317304533
"287",0.0911237132284269,0.113182873666078,0.0975545245272457,0.220233323395425,0.20133346906226,0.276572096120565
"288",0.238269505312573,0.0785158688022965,0.292392896328473,0.122923254054871,0.132997276868095,0.134901198633691
"289",0.208804154847366,0.0687423121680615,0.155598765997507,0.11244608406933,0.159242835145254,0.295165847772482
"290",0.180381351188416,0.0264350811647271,0.18961043190818,0.145319525611063,0.141791814536055,0.31646179559156
"291",0.130258220963601,0.267476587506604,0.0877530417633498,0.0704014043101391,0.234214148891751,0.209896596564556
"292",0.0875903265174913,0.0868294198611678,0,0.265204896709045,0.268800354417457,0.291575002494839
"293",0.017729968691075,0.157557644793287,0.356609266038823,0.317048150931775,0.0361172040273703,0.114937765517669
"294",0.198958630135542,0.209066595145689,0.0730232732524584,0.34881675589962,0,0.17013474556669
"295",0.108277074545281,0.349258436173683,0.236946608978148,0.121105207280255,0.0229773163120837,0.161435356710549
"296",0.0408819068430075,0.203026919567942,0.212426133602021,0.102677038492463,0.266569768093291,0.174418233401275
"297",0.000106886126187259,0.242963444934091,0.325154373177208,0.186428780252783,0.0919850784719947,0.153361437037735
"298",0.00334759406459203,0.160017999982052,0.187628954644542,0.187340989736559,0.108418316964713,0.353246144607542
"299",0.158443586360381,0.204763122102172,0.0932621033311618,0.277114506225398,0.0255107499621548,0.240905932018733
"300",0.027238108527977,0.255888893241797,0.13661299793972,0.263705338366002,0.249631732420021,0.066922929504482
"301",0.392212622287453,0.175977135961244,0.0305995731463769,0.277939858012887,0.0680775373840184,0.0551932732080199
"302",0.244663440418775,0.0656534399334164,0.107319180914365,0.261584634344574,0.227300063893202,0.093479240495668
"303",0.211427989685405,0.201478324084771,0.114068976597205,0.195648645537293,0.0899028360754016,0.187473228019925
"304",0.0709792593621973,0.197983311699024,0.250266599884991,0.0519065530061704,0.131074284822146,0.297789991225472
"305",0.172821156369778,0.0625842800795894,0.165530004521813,0.196831208155478,0.198788446878694,0.203444903994647
"306",0.206737960605049,0.188270744976295,0.0707547340228992,0.22444124952411,0.151791406307192,0.158003904564455
"307",0.096245012724084,0.303696642165796,0.00404037647920066,0.157034350187972,0.273679475128993,0.165304143313954
"308",0.158216814897726,0.0350931737288283,0,0.382523424205053,0.37609088163737,0.0480757055310222
"309",0.239752832875906,0.0197363756753017,0.186196261097852,0.260635847575152,0.167177515637746,0.126501167138043
"310",0.128979184221903,0.0651099936913278,0.297341331084037,0.102276051479268,0.0334730350385908,0.372820404484873
"311",0.0695278937550212,0.159764713321992,0.0270347976754174,0.177754492666666,0.32402060885737,0.241897493723533
"312",0.150996858672835,0.132192017489066,0.00385433618671305,0.356250171692524,0.131172350665057,0.225534265293805
"313",0.0531875323299614,0.194658780294259,0.237173545267865,0.0709566414229527,0.209487938775111,0.234535561909852
"314",0.0162397077398576,0.34970331029533,0.0158382173155005,0.0511250539214847,0.18930633753526,0.377787373192567
"315",0.0577587223840263,0.301511794022929,0.17001133935637,0.31907875899195,0,0.151639385244725
"316",0.0746418320112077,0.0938901809630384,0.000766528190381384,0.112117843504976,0.196661665857125,0.521921949473271
"317",0.014830001533574,0.0351305450998581,0.365630878466642,0.35134259110268,0.0359234204001745,0.197142563397071
"318",0.316170855637029,0.00443879221465155,0,0.157664928255641,0.212834620493137,0.308890803399541
"319",0.259550040091904,0.11706990982265,0.155792530685814,0.287739169160401,0.0362486406281449,0.143599709611086
"320",0.191127131334548,0.252686541057441,0.0989207335160842,0.0298550824446734,0.214424905402328,0.212985606244925
"321",0.208767114202822,0.235268191158512,0.0570859522019699,0.13890105141131,0.122300946041656,0.237676744983731
"322",0.209303922209047,0.195504804285675,0,0.120649852288801,0.190497383381056,0.284044037835421
"323",0.288484207169513,0.0581383539640422,0.264276421795099,0.131613451856169,0.0694099403390723,0.188077624876105
"324",0.0923873227953595,0.0814868961812687,0.26796938335692,0.0217941423254163,0.222396756369275,0.313965498971761
"325",0.172725778019581,0.127871876446659,0.33489083895807,0.0229289221310125,0.133209833659012,0.208372750785666
"326",0.194039561832426,0.208657621925139,0.0455466114082266,0.251298951973049,0.244929724144694,0.0555275287164654
"327",0.0780743102310184,0.0719754892971778,0.164408404547468,0.314571571507074,0.269787420067087,0.101182804350175
"328",0.137622131847474,0.130627078836987,0.159133418015977,0.261561171275504,0.0110604881059998,0.299995711918058
"329",0.0691847736939305,0.168303421462265,0.169644105907445,0.234386761455433,0.250103439987789,0.108377497493137
"330",0.0892395072473758,0.0532462995744324,0.337536326346748,0.227458176262121,0.257179213167566,0.0353404774017561
"331",0.11887729871011,0.0550280802094477,0.265646383066127,0.0998617230850839,0.227236709820323,0.233349805108909
"332",0.00333965860235762,0.150623167524703,0.130723039211703,0.191035546385483,0.17773665633172,0.346541931944034
"333",0.0398382421173539,0.235890022897428,0.0964755989567447,0.130366040310632,0.296057280998556,0.201372814719286
"334",0.137664768869828,0.179126311585995,0.152374185620463,0.139252806434341,0.152524521313828,0.239057406175545
"335",0.0207377408123175,0.167345818526388,0.317035812649364,0.124047049804414,0.123953604748721,0.246879973458796
"336",0.157485248356347,0.256210430462366,0.147397366668028,0.223101639621166,0.186997450867453,0.0288078640246411
"337",0.330970910543976,0.106860693903359,0.106228684785313,0.0726825808613036,0.141874834260396,0.241382295645652
"338",0.151887699467773,0.192267492997658,0.0729334797349341,0.172709741357813,0.110583298112345,0.299618288329477
"339",0.156667107155641,0.255920472797665,0.0181143335713726,0.177445967343409,0.298372137534986,0.0934799815969262
"340",0.11949108931776,0.196542948390255,0.14470039468602,0.201602897329559,0.135098595686783,0.202564074589623
"341",0,0.158724477456025,0.339891768631619,0.024613126306787,0.109870295110379,0.366900332495189
"342",0.298027941559144,0.156404675473618,0.0114452611262053,0.178736032545148,0.24282410062888,0.112561988667005
"343",0.274572203662964,0.298553435363991,0.0773531938019742,0.0404913134916708,0.209626972276026,0.099402881403374
"344",0.276052683548531,0.329046332193604,0.309083867675282,0.00989723933042043,0.0506644460748432,0.0252554311773194
"345",0.227054051580666,0.145879855486399,0.132173566633051,0.0511143766180894,0.150081478195378,0.293696671486416
"346",0.21772913810199,0.0934318542889341,0.324089676085166,0.113798318611228,0.122256794065771,0.128694218846912
"347",0.299224194781343,0.316960677611046,0,0.181641137672022,0.0476049171213166,0.154569072814273
"348",0.138637921322624,0.322795155247772,0,0.15911004457518,0.317879328338146,0.0615775505162781
"349",0.0384190519564179,0.322685346415652,0.0682982010320545,0.267253450841905,0.208265239428631,0.0950787103253403
"350",0.118488536863102,0.262357471985218,0.36968652416759,0.00998462739156063,0.188656778538201,0.0508260610543288
"351",0.180971053993246,0.141230916909482,0.122517297821641,0.0902312705994239,0.217149985492574,0.247899475183633
"352",0.24896204292652,0.141569931656372,0.194901285583604,0.152245214059921,0.0608755394858228,0.20144598628776
