"","neu","NK","CD4","CD8","B","mono"
"0",0.236511422673313,0.26704557050471,0.0623358030915387,0.110077904951393,0.0399151833618453,0.2841141154172
"1",0.0760612475395797,0.0298440938558102,0.0923590524380625,0.237327981199774,0.409292048836834,0.155115576129939
"2",0.0827832884754331,0.0246078856692982,0.210126533666099,0.0391704327065445,0.311816118456565,0.33149574102606
"3",0.189549850776296,0.162241985719243,0.138622338317498,0.227082389207597,0.0592969371586774,0.223206498820689
"4",0.282072133707257,0.282597242216597,0.0813940789473819,0.0654888112363915,0.24953223132397,0.0389155025684028
"5",0.0655945934078738,0.206000990925182,0.264748160844424,0.217347640949421,0.236537933582755,0.0097706802903447
"6",0.0108325576391431,0.266634291678692,0.154301259384965,0.234159970493954,0.0803032913063365,0.253768629496909
"7",0.0636310214677262,0.283086489742525,0.186143165846,0.0747407928375087,0.0949631055140258,0.297435424592214
"8",0.295647126774586,0.222345015981274,0.186058787787745,0.0349894449025412,0.00874667793160759,0.252212946622246
"9",0.227893538323523,0.0562744207535988,0.0845804583827713,0.429849253796767,0.173009432976854,0.0283928957664858
"10",0.205043176331767,0.171639124249669,0.0668593698123342,0.293505266901124,0.0403352145838917,0.222617848121213
"11",0.323548258642984,0.0496697522535131,0.203226628488244,0.0660058571773378,0.0746329734857344,0.282916529952186
"12",0.0686594043303615,0.194624215361279,0.0924945989151928,0.158954603047352,0.220318468799409,0.264948709546406
"13",0.213445865206636,0.246770499579314,0.193534781858479,0.0202540601967502,0.124766609329398,0.201228183829423
"14",0.242033470200657,0.138723319952577,0.26875365269984,0.0618052715164955,0.124835433808585,0.163848851821844
"15",0.199265007616261,0.261178763282148,0.22081234326162,0.0305256384752076,0.137506133571811,0.150712113792953
"16",0.012574916371098,0.104225258934189,0.252408015031136,0.163980982638515,0.0632798865971437,0.403530940427918
"17",0,0.212025626591872,0,0.28266924698365,0.266064324393546,0.239240802030932
"18",0.181192245351054,0.0781170787659738,0.111884216508236,0.182944190626817,0.238395184213452,0.207467084534467
"19",0.0684025548055198,0.322684774925547,0.0199759089636714,0.212290860582479,0.318039566818153,0.0586063339046302
"20",0.0202946200138342,0.221755211650145,0.281697397050139,0.173176633164979,0.127152663638604,0.175923474482299
"21",0.16985751589008,0.155894788906508,0.189113391987948,0.182734366785187,0.124338716496606,0.178061219933671
"22",0.343582338870027,0.198832040793692,0.133946502859451,0.234586295775842,0.0559069999925259,0.0331458217084625
"23",0.140039650629779,0.316690584649159,0.165083005034929,0.15283976463349,0.00894346394231803,0.216403531110324
"24",0.0827751923811016,0.226875547687655,0.204881058300605,0.0406387149881473,0.214677303941863,0.230152182700629
"25",0.194639527777677,0.131985690065062,0.273365373497287,0.254097054858098,0.120202327609021,0.0257100261928561
"26",0.0999798106221755,0.0639073840258291,0.0577829526715672,0.302105805417922,0.278958149683829,0.197265897578677
"27",0.255579962094046,0.0505104768973351,0.127431445788671,0.111366008512701,0.303828956724846,0.1512831499824
"28",0.187934214104779,0.229075016586526,0.215676418153488,0.0820123300410706,0.0995790857243396,0.185722935389798
"29",0.231090093660181,0.0410837764382523,0.0467447886273079,0.271726647428141,0.163088317126892,0.246266376719226
"30",0.0217324280757896,0.245967614194582,0.161429534881627,0.173822433503399,0.196704029870297,0.200343959474306
"31",0.181219394721034,0.248478198471554,0.00247568113978183,0.150099950131544,0.269591282242844,0.148135493293242
"32",0.281481729100555,0.283299687292087,0.129813985915019,0.0716788049709803,0.0614448461341352,0.172280946587224
"33",0.273202010007182,0.360123781380099,0.0671666260590425,0.0814973568427682,0.116156914545533,0.101853311165375
"34",0.108581421017245,0.190522639272955,0.0181861159177941,0.352381352561169,0.0394913267860091,0.290837144444828
"35",0.168215971875455,0.221220715047306,0.023432421942284,0.122163642607626,0.150564652525454,0.314402596001875
"36",0.118129150383269,0.0537355226197918,0.0984030221068872,0.231343861265265,0.243973025569308,0.254415418055479
"37",0.187080992404482,0.194903846579679,0.132133862833163,0.242946919697091,0.221692212517508,0.0212421659680772
"38",0.189135106120333,0.223631704983286,0.0531146142439709,0.232147190755961,0.0998737768433714,0.202097607053078
"39",0.330755961673857,0.131264379043211,0.0879204077333229,0.193841024845063,0.144293808901461,0.111924417803085
"40",0.167905270202905,0.125189499659964,0.155258243020257,0.109729012657414,0.203276584338838,0.238641390120622
"41",0.222329058840692,0.0927668429646614,0.227794347223671,0.193499418747096,0.156821775918484,0.106788556305395
"42",0.146067175841931,0.245954469335599,0,0.267828289992534,0.0399248652453829,0.300225199584552
"43",0.126723949423798,0.192137454264853,0.222188248733494,0.225120755490559,0.146557600225526,0.0872719918617708
"44",0.130695714930585,0.175751279490842,0.148747224435724,0.103424790300983,0.112527741679411,0.328853249162456
"45",0.343808437114615,0.213307852147495,0,0.151440206664814,0.0192614704427329,0.272182033630343
"46",0.0358616923321649,0.0776380285427817,0.177116000546258,0.275390181721515,0.309277947456765,0.124716149400516
"47",0.0459899786871174,0.212752464526301,0.176354915218722,0.282099393262177,0.216295297865349,0.0665079504403337
"48",0.311142146062068,0.298037142722006,0.123261661606966,0.0297885197939286,0.164749261741792,0.07302126807324
"49",0.211382407014042,0.192077213605187,0.19414091513583,0.0818600024864786,0.052335821581256,0.268203640177206
"50",0.0196429067650323,0.0677023997703198,0,0.312379810596101,0.285216721989942,0.315058160878605
"51",0.179970991543065,0.387168313993388,0.151062982152702,0.141888418687352,0.114481255523067,0.0254280381004259
"52",0.158285149887501,0.0705093115655878,0.0993115452989671,0.261191739990139,0.274434350582776,0.136267902675029
"53",0.185384298718214,0.0730348947987421,0.0354882093529261,0.323752681623095,0.263160440953313,0.11917947455371
"54",0.115765541209817,0.198832827846098,0.200847824580742,0.279866638074684,0.018964370016984,0.185722798271675
"55",0.0320034026698036,0.0768499268229569,0.175897597791796,0.23140492019337,0.221940153589213,0.261903998932861
"56",0.0687149071144658,0.0938805726520009,0.30289475670636,0.224736535480158,0.108404491225552,0.201368736821463
"57",0.267752004582532,0.203952866644008,0,0.262493105187943,0.251511264664534,0.0142907589209831
"58",0.107427696933279,0.325180589126346,0.125443444926838,0.170918124621872,0.211207499159909,0.0598226452317557
"59",0.0292354180477294,0.245238397228569,0.116318700123104,0.242220469268005,0.195490507117941,0.171496508214652
"60",0.0323161063169392,0.261223524255514,0.0884181567063293,0.040571318935783,0.292816861790878,0.284654031994557
"61",0.176922229862349,0.0710383206978918,0.0473310449529146,0.269704639961018,0.233484208634587,0.20151955589124
"62",0.140143998397707,0.277837024036384,0.176496202927451,0.0416160258246627,0.165074369721555,0.19883237909224
"63",0.0891824585024666,0.0871249969765356,0.240290280106394,0.205646789239081,0.133011055108448,0.244744420067074
"64",0.053299491582838,0.245165901822777,0.251624961540292,0.154831410567804,0.0221972398319179,0.272880994654371
"65",0.141462613453573,0.244105208205336,0.167340700596862,0.163717291461547,0.0505708503415628,0.23280333594112
"66",0.178532604535952,0.1558738689767,0.0484971287944376,0.200309926257813,0.192998347698934,0.223788123736163
"67",0.221315738684586,0.0624676726456484,0.0318788800770939,0.191697991791482,0.194469764353333,0.298169952447857
"68",0.0485865468318646,0.0634026349183947,0.370900709116729,0.161496306647744,0.302657086205195,0.0529567162800731
"69",0.130406322743675,0.207149521089753,0.131077704261206,0.0630051826196976,0.12885029768787,0.339510971597799
"70",0.30109562719493,0.291966936590432,0.00253512639066251,0.107221707563657,0.263516743269524,0.0336638589907943
"71",0.291650467547871,0.230069771003367,0.145897014961735,0.0826556103991794,0.0408773106029973,0.208849825484851
"72",0.218860846370327,0.163425271305962,0.0214525514779418,0.0307381500524293,0.183490816896145,0.382032363897195
"73",0.105219487657603,0.159385599949231,0.192982274818841,0.254224856573368,0.268963930787362,0.0192238502135941
"74",0.0888674695901873,0.0759024267641507,0.243124627082261,0.169748113426955,0.220490148463848,0.201867214672597
"75",0.322355888386638,0.163702768974995,0.149770957093032,0.139064612095236,0.166713941899704,0.0583918315503947
"76",0.204682118884745,0.0371729497911818,0.209340308295739,0.171566962223427,0.0552485226004466,0.321989138204461
"77",0.0570743801390386,0.301309378923977,0,0.375353441843751,0.0581821925047102,0.208080606588523
"78",0,0.0337239618340917,0.313783201120258,0.356977390826018,0.0196324634045561,0.275882982815076
"79",0.290188252595827,0.100716671967237,0.0719701994595884,0.119185497913958,0.321829502428058,0.0961098756353323
"80",0.238449443781565,0.285239528517582,0.0811504292437024,0.0706336940471983,0.112383777161466,0.212143127248486
"81",0.0313061519410477,0.217552930430037,0.347118953675858,0.00881045548267543,0.352125254573062,0.0430862538973189
"82",0.260978028626215,0.139050653543101,0.257904368025765,0.12186975949777,0.135449963949383,0.0847472263577657
"83",0.286035781205538,0.161105534701621,0.0109993355503986,0.253450905135395,0.0904287351796348,0.197979708227413
"84",0.151758237934577,0.21951514718357,0.13023965155496,0.0307746737455681,0.215211559634977,0.252500729946347
"85",0.152092784717062,0.025963568331258,0.299056255428296,0.230081641301621,0.270675003867761,0.0221307463540017
"86",0.0178638001330156,0.290733509947907,0.197680375467138,0.255725180058976,0.202083784194871,0.0359133501980918
"87",0.0887912840095795,0.0847581918012695,0.13995307349963,0.323635705972758,0.0883512762976911,0.274510468419071
"88",0.318367266202102,0.119673910339283,0,0.136416285267738,0.374376188011761,0.0511663501791158
"89",0.0726427101168716,0.0290399976064112,0.227082250216591,0.278068716001713,0.297238542997415,0.0959277830609979
"90",0.0215814540068032,0.102828228057764,0.358088094396938,0.0733197477104708,0.184230130268715,0.259952345559309
"91",0.16786286864607,0.0198954767637176,0.326513637676812,0.185234099006712,0.044867027671663,0.255626890235025
"92",0.180666292132897,0.0621213725043085,0.270223178595526,0.0547574756114014,0.122552535502295,0.309679145653573
"93",0.217368008393345,0.316482010640747,0.00480502354534105,0.210306768094672,0.195588630297612,0.0554495590282828
"94",0.170068085746772,0.193384137388736,0.0596833372539843,0.122509135757746,0.205042183797095,0.249313120055666
"95",0.0304639934247789,0.179741361001019,0.192047686330145,0.180458881475041,0.230788123790566,0.186499953978451
"96",0.20415189762191,0.0345728675244121,0.175445719935434,0.273242599395073,0.155093458300605,0.157493457222567
"97",0.277202278970598,0.12138842907344,0,0.137433307208483,0.278526832783436,0.185449151964044
"98",0.218474865413288,0.208738395094032,0.130623936421825,0.109217002587788,0.122474689685001,0.210471110798065
"99",0.21782085259646,0.337341290615869,0,0.111359829864365,0.0219447388324153,0.311533288090891
"100",0.0132504299761414,0.322394332545429,0.258640655812332,0.0425162804463548,0.16461562194552,0.198582679274223
"101",0.0821044748475143,0.0273299282162403,0.258689107517731,0.207928458180246,0.30416881675782,0.119779214480449
"102",0.0785677563196233,0.224095362677089,0.200844950722256,0.286916697358006,0.0082132481355426,0.201361984787483
"103",0.207957707914234,0.0803537346399752,0.249861886768836,0.160687773507884,0.210155791807581,0.0909831053614893
"104",0.000497737060107497,0.33149410103814,0.227918962724492,0.0990372444513036,0.163758741758755,0.177293212967202
"105",0.120645117087095,0.152903677075589,0.168713526561362,0.0742955550993396,0.132286953547079,0.351155170629535
"106",0.369840408451516,0.0136796400930529,0.142111701861251,0.212980001987246,0.110672760467291,0.150715487139643
"107",0.323853120692847,0.244520037566018,0.0268402791833685,0.000819102741650286,0.185864910101337,0.218102549714779
"108",0.0611472330393081,0.120673324043699,0.186399532183304,0.170460125457213,0.254847345088918,0.206472440187559
"109",0.137932894725048,0.119084444831919,0.225713065864325,0.154285969844095,0.268362797035077,0.094620827699536
"110",0,0.169680639938347,0.122083900222751,0.293418330002355,0.195456388159653,0.219360741676894
"111",0.230531264345189,0.214863216302649,0.0744704004698195,0.294454304554676,0.00782742628075861,0.177853388046908
"112",0.261575695449485,0.294291575492914,0.128686746318576,0.0157595546490326,0.249353948034425,0.0503324800555683
"113",0.112491295302036,0.0803998149592449,0.316489571398598,0.229272954146414,0.0617016610470832,0.199644703146625
"114",0.112032502377279,0.242216466167496,0.0406945638501485,0.011012330116568,0.297641963537352,0.296402173951156
"115",0.222921861130887,0.227909745071621,0.0452849478820466,0.0499681930620291,0.250579939763788,0.203335313089629
"116",0.149521947857302,0.248995110788954,0.147011577584813,0.182161831274064,0.164207636651328,0.108101895843539
"117",0.279952484889299,0.264522021731828,0.023713840186823,0.208559152011528,0.0968325021936801,0.126419998986841
"118",0.167134420182033,0.0817070804318545,0.0585867528889914,0.32357889870085,0.223431970272588,0.145560877523683
"119",0.113481075688206,0.356508833009702,0.105107607405743,0.0738000114633432,0.136440076546783,0.214662395886223
"120",0.196594437395939,0.157325743849145,0.00525153247138298,0.251210335742155,0.143646435416948,0.24597151512443
"121",0.23209787951908,0.0863779497406386,0.248016891149766,0.0476486037170215,0.282511426614849,0.103347249258645
"122",0.201469944390472,0.170048761436324,0.290594398692456,0.0113172898363668,0.106206422197652,0.22036318344673
"123",0.106909349559424,0.0168829240161428,0.20484689362694,0.230766836767751,0.188390284531604,0.252203711498139
"124",0.164461253837221,0.0504863807888053,0.248048264837949,0.250778812064208,0.164077332267743,0.122147956204074
"125",0.0889473891660864,0.182895637498688,0.194940431132067,0.0464592539311026,0.392677965117847,0.0940793231542091
"126",0.199050412342895,0.224058629034856,0.169501947688248,0.224790222359633,0.0275312932641627,0.155067495310206
"127",0.239900781330941,0.0878179629744045,0.206612709350656,0.173078488262605,0.154718699456345,0.137871358625049
"128",0.285604381373949,0.18570161597235,0,0.262469456404708,0.139699137450555,0.126525408798438
"129",0.0516396939079016,0.232296114080851,0.332303452329308,0.0932538429128814,0.136953004680899,0.153553892088159
"130",0.143923068407138,0.176685407529467,0.237569581292447,0.0246028661187801,0.101664297361396,0.315554779290772
"131",0,0.165583627367101,0.163728828642946,0.182359759060496,0.275016616230425,0.213311168699031
"132",0.147439926356827,0.114031545546143,0.176558834456318,0.151721661884247,0.215540360379023,0.194707671377442
"133",0.0742160667165279,0.0735840525187443,0.219556999845592,0.221405598709375,0.285429953340002,0.125807328869759
"134",0.112924723379621,0.0704522255270414,0.242871953677587,0.352782765185075,0.0945660128358919,0.126402319394783
"135",0.0218926617530082,0.275900853477056,0.144399532369495,0.174512904088189,0.105306959166386,0.277987089145866
"136",0.0104795693420149,0.0364693051121915,0.414663157701568,0.0218219961583715,0.367165546135013,0.149400425550841
"137",0.0574021653239792,0.24329818701555,0.0900834991070039,0.251838277219409,0.173287019279144,0.184090852054913
"138",0.159632098693927,0.208856590295702,0.171630756020572,0.196310235237811,0.10212639140048,0.161443928351508
"139",0.209048586232043,0.222113038934153,0.236375961169196,0.224648885841217,0.0156061071735762,0.0922074206498155
"140",0.145797610160096,0.156038402412736,0.16512801954056,0.210757503278961,0.122666746079394,0.199611718528254
"141",0.00711159885980774,0.29195523759767,0.0577056702792088,0.314721791695623,0.208549945267547,0.119955756300143
"142",0.0386596497287559,0.216195122963467,0.445140798308574,0.0516957641173689,0.139663101781521,0.108645563100314
"143",0.00689211473534254,0.195133841497894,0.241466868291843,0.124155053601378,0.198740646839626,0.233611475033917
"144",0.0972654639729149,0.289762201664589,0.0621013942738545,0.239282709592033,0.0432378944872355,0.268350336009374
"145",0.202218320765425,0.0324918851733737,0,0.36414960235529,0.180726504279556,0.220413687426354
"146",0.16845633847112,0.186881056438615,0.0181624412749629,0.220739633632477,0.171982391975419,0.233778138207407
"147",0.205951624415697,0.0281053381402372,0.277355401059779,0.0718000143506489,0.0560919275997985,0.360695694433839
"148",0,0.173323540800291,0,0.354293132788673,0.349984532415679,0.122398793995357
"149",0.0794811778183883,0.248780847343429,0.0683833566627822,0.270418960315924,0.165002630950495,0.167933026908981
"150",0.141761860842686,0.263270684584823,0.112434887280503,0.0607376713892335,0.218313040496414,0.203481855406341
"151",0.0271999474173171,0.0512538093601404,0.3208758249707,0.431205739928297,0,0.169464678323546
"152",0.184913327579694,0.135565386357627,0.0580557170069596,0.321375926621067,0.152975302662311,0.147114339772341
"153",0.249339040769808,0.298947143700539,0.0216138750157324,0.236513233160476,0.0279133118293103,0.165673395524134
"154",0.281804977769838,0.178440573115163,0.267272382056891,0.0439279581821038,0.0622037765200219,0.166350332355982
"155",0.0806355909159583,0.0208820100801181,0.275939352155517,0.164331604071691,0.0497674360111171,0.408444006765599
"156",0.0156169611874823,0.0360675682036737,0.318830823495844,0.363817036654069,0.170056838925423,0.0956107715335082
"157",0.0660181111438696,0.110100519802727,0.141855999666544,0.259978297255192,0.141221160867389,0.28082591126428
"158",0.0585039671905019,0.191373057767944,0.115660528712595,0.149147758206265,0.229051895109571,0.256262793013124
"159",0.118186984129135,0.0941624367327641,0.178443536696901,0.272753694929825,0.0705725208466366,0.265880826664738
"160",0.0863316250572711,0.110507927890535,0.193556878770279,0.253212557058183,0.302806835453589,0.0535841757701432
"161",0.213051655477084,0.251563888863381,0.279349607874749,0.0343169880999329,0.0409338649176935,0.180783994767159
"162",0.360075479391243,0.0443093834934969,0.0958356707956243,0.136621846575454,0.301369805215331,0.0617878145288502
"163",0.0372552108243381,0.293963659591636,0.140489837616487,0.0992517814003586,0.288616840895323,0.140422669671857
"164",0.331966298482981,0.205217033908028,0.03121044164827,0.234435283753872,0.132328638182947,0.0648423040239028
"165",0.151022336316438,0.251616412535752,0.155626922006993,0.185733057510074,0.071786498465816,0.184214773164927
"166",0.236175061359988,0.121720362021477,0.060098820880653,0.167954862363006,0.191484004473346,0.222566888901529
"167",0.177083870530405,0.0328648472497956,0.0137045133329022,0.282501554210439,0.198822759126554,0.295022455549904
"168",0.179177218959844,0.317470494418713,0.0373187453468046,0.119176506648863,0.00749725993044499,0.339359774695331
"169",0.230473951960546,0.265605796939046,0.0722835885832933,0.174555834824764,0.0391153442336713,0.21796548345868
"170",0.250055805096489,0.21285266266378,0.147359831770705,0.185169040687336,0,0.204562659781691
"171",0.092255779445261,0.0837323678640032,0.170614930825131,0.0325519049516647,0.158248929125396,0.462596087788544
"172",0.250335825667171,0.0240465551280133,0.0503716408081257,0.216025213646547,0.144908566375999,0.314312198374144
"173",0.0530666015279651,0.170398859483901,0.1745231622402,0.111558622375183,0.209815491615003,0.280637262757748
"174",0.179963731546237,0.0928380225558008,0.203922325017453,0.050444034495586,0.162399813190051,0.310432073194871
"175",0.347419915399792,0.110420798309898,0.364393303491008,0.104174426868376,0.0477906590430913,0.0258008968878339
"176",0.176371238041409,0.0181189145531793,0.0539499663247749,0.21660348030624,0.238929392701799,0.296027008072598
"177",0.0441300025202201,0.152437756346779,0.142728353957682,0.142383608479077,0.222896518407002,0.29542376028924
"178",0.0303104013751666,0.105339754995404,0.114636537670265,0.14949877091377,0.335286874824885,0.264927660220508
"179",0.298544951071461,0.0438176482130345,0.266261380058629,0.235598345686582,0.00387369181082562,0.151903983159469
"180",0.240874140169623,0.325067893375788,0.014408638242452,0.0582393619145369,0.21294435801884,0.148465608278759
"181",0.104401436951387,0.160308894157522,0.207336906867722,0.230319960047972,0.159899040877888,0.137733761097511
"182",0.178179047811784,0.132334960830583,0.160124544076157,0.202452794057396,0.102042778703896,0.224865874520184
"183",0.14046141894741,0.223183606527562,0.145518509100688,0.091028520407071,0.228658842723093,0.171149102294176
"184",0.134925886217983,0.115797321980519,0.0304778494269529,0.230779809637579,0.24501095271275,0.243008180024217
"185",0.183751679370562,0.247973254944749,0.0117456522881647,0.206410591458201,0.253799091455486,0.0963197304828374
"186",0.283297758587548,0.342642745276519,0,0.309460119809114,0.0360735661466799,0.0285258101801392
"187",0.218061139518393,0.289346144685513,0.0394734413901471,0.213090190751618,0.220911578264173,0.0191175053901559
"188",0.201666406430195,0.326156126308544,0.0215841450638193,0.187197937391598,0.031129733068365,0.232265651737478
"189",0.183265991984277,0.127779141621568,0.194627628535655,0.259981631135089,0.0500059902135571,0.184339616509854
"190",0.384462067337736,0.0547639943866834,0.045868232394572,0.107292348163465,0.17212364409463,0.235489713622915
"191",0.129392615606129,0.109620251459484,0.354473421559516,0.0330475005863806,0.213333829678729,0.160132381109761
"192",0.139131049116271,0.35525334458518,0,0.131118395237925,0.236500636791512,0.137996574269112
"193",0.188511007193409,0.230283370232334,0.15370921674977,0.183915167762644,0,0.243581238061843
"194",0.157955245890224,0.204749580220448,0.0371011822894298,0.110692534471557,0.219520074992499,0.269981382135842
"195",0.0987691716275114,0.223148638064667,0.0885027553197296,0.198638706651028,0.342409868151191,0.0485308601858733
"196",0.196863777597781,0.0398910124120825,0.194715847794945,0.223810079359343,0.25745500849046,0.0872642743453884
"197",0.146035709590481,0.262443566252651,0.2025334018194,0.173717457934416,0.195185363537171,0.0200845008658818
"198",0.128180994026822,0.295963162476916,0.195432108155629,0.0286966835218223,0.345221679070039,0.00650537274877238
"199",0.196989324378603,0.0745773419144747,0.00563662491002061,0.279614659064148,0.088597447833577,0.354584601899176
"200",0.188675482407018,0.25269213181293,0.260749455910722,0.0611575429989228,0.156521947486224,0.0802034393841833
"201",0.188270690010968,0.179481660951977,0.132559711599842,0.181397644881057,0.311016317873947,0.00727397468220871
"202",0.00701365726828687,0.0346455232766435,0.313471478837253,0.205508218635405,0.331254196113909,0.108106925868502
"203",0.0732318762725644,0.0740920078308928,0.273835965367101,0.124129801236634,0.0290243154353776,0.42568603385743
"204",0.39078130577687,0.214531031762538,0.0977258940204283,0.0381775981798974,0.235021883068974,0.0237622871912912
"205",0.137430312106299,0.23871776033012,0.196560284733203,0.183543865808735,0.212453149686889,0.0312946273347543
"206",0.198165314268126,0.095901608206521,0.304023326646086,0.212325202948193,0.0508927491158613,0.138691798815213
"207",0.0148500641822406,0.0434691367881645,0.182808383882174,0.0611374688999884,0.27870226834568,0.419032677901752
"208",0.0693167009229748,0.228830917772674,0.191895075393789,0.24501918766491,0.175193893460091,0.089744224785561
"209",0.225210245323167,0.107027403175629,0.0208148519831075,0.238724226211098,0.11938816154694,0.288835111760058
"210",0.0230134476067621,0.193781701291619,0.115167424708383,0.19994279018818,0.108005750242228,0.360088885962829
"211",0.147977946158083,0.0698329336780214,0.354672895848175,0.249162320574585,0.0559093143788139,0.122444589362322
"212",0.0116182639306005,0.170394951498931,0.208958282554439,0.255576423555768,0.112055037949134,0.241397040511128
"213",0.211173091830958,0.23829781263968,0.067455371442377,0.1626348396888,0.223981846996899,0.0964570374012863
"214",0.00107870815072648,0.257896011277102,0.172184073724827,0.212032847461171,0.183362544286051,0.173445815100122
"215",0.111374811674332,0.321257435451004,0.00209937278242719,0.12786461663569,0.159637738969502,0.277766024487044
"216",0.0635820120810038,0.29690874471183,0.183019671209024,0.0723254583947233,0.14362051118647,0.240543602416949
"217",0.195964438762255,0.0841650092466243,0.120023225252285,0.140200942413141,0.342250909725349,0.117395474600345
"218",0.157150982195122,0.186212563258814,0.155888558549403,0.250429654052403,0.165753769996227,0.0845644719480305
"219",0.21914939542195,0.139696854182877,0.0618936072723843,0.0610666255332557,0.235256910318956,0.282936607270577
"220",0.238154408873399,0.0439982729191181,0.0403882838450169,0.355373647062394,0.0260977631300344,0.295987624170037
"221",0.13925196056013,0.109493701127166,0.185917620914837,0.217160142751417,0.184486824171499,0.16368975047495
"222",0.207930123794639,0.0929339054823002,0.21021126443381,0.223421224276223,0,0.265503482013028
"223",0.0490611246104611,0.308851570475456,0.233254547707485,0.0481376438637256,0.308110713633896,0.0525843997089764
"224",0.228192351507712,0.0202621840359176,0.358581685237239,0,0.343086911231218,0.0498768679879134
"225",0.380817284765976,0.020870403488616,0.0455452182610193,0.10044575211445,0.267861396744543,0.184459944625395
"226",0.212965672480463,0.168267177849673,0.0755594938436886,0.229335730526128,0.0548348972062883,0.259037028093759
"227",0.137815477515351,0.127575573537185,0.267373494263582,0.255153558773665,0.0670293201816361,0.14505257572858
"228",0.187426542427274,0.0308057531992631,0.339532223599856,0.175891932835934,0.0474856226773712,0.218857925260302
"229",0.100257869027524,0.070510222440189,0.181963240117905,0.0589189524307212,0.356893019406057,0.231456696577603
"230",0.108680602361643,0.179982751254693,0.0956785062489048,0.222897071534669,0.278426521084555,0.114334547515536
"231",0.0683982091484452,0.132554999292717,0.0900507295043298,0.251152916804756,0.283168930706416,0.174674214543336
"232",0.218643506049204,0,0.308903674118688,0.0489918535581743,0.364527677417912,0.0589332888560217
"233",0.283781455899953,0.414695987544488,0.103520702932153,0.00603100064387436,0.119045352351552,0.0729255006279798
"234",0.0603096249764896,0.105680284687099,0.191458246338577,0.162534134281199,0.233048098859443,0.246969610857193
"235",0.176106088741047,0.199438741403125,0.143345314340792,0.160670374890087,0.164069453188421,0.156370027436528
"236",0.309313199626037,0.139131944261439,0.00277000568733251,0.170360200290688,0.321018568902249,0.0574060812322544
"237",0.251035538390982,0.204120527702318,0.0116193526270296,0.252915800440773,0.262935711490103,0.0173730693487935
"238",0.0906690875748347,0.0350338548280161,0.259020060827499,0.26633846348975,0.101140094210474,0.247798439069427
"239",0.131950533312837,0.201666852645003,0.123590293083983,0.100920022598302,0.234119561449659,0.207752736910216
"240",0.0732631056749659,0.212701380220414,0.215284636061953,0.0317213384640243,0.207428029702177,0.259601509876466
"241",0.020309661871594,0.162083156060731,0.143039946194585,0.249468258960794,0.141806401756276,0.28329257515602
"242",0.0108067975906516,0.259722233034585,0.0506682910348474,0.402288220533651,0.0315986793627348,0.24491577844353
"243",0.00812668229790776,0.041052717442079,0.257725838517922,0.239188994193343,0.3136447737081,0.140260993840647
"244",0,0.422037371571231,0.186068020565411,0.00527996628531952,0.358020359312423,0.0285942822656159
"245",0.0738177880182147,0.218737777071513,0.039698105666939,0.241722182054164,0.154845528923822,0.271178618265348
"246",0.24086985631918,0.147416699642388,0.205521422349145,0.164401880360548,0.103459937859946,0.138330203468794
"247",0.146265221754454,0.19572365100004,0.0269052002271427,0.168519469967104,0.256777625986787,0.205808831064472
"248",0.249942587693381,0.120832365093238,0.070702063120956,0.132772045916615,0.144457541598135,0.281293396577674
"249",0.168280351577956,0.126410294606226,0.217448879394324,0.0521886250793025,0.101869909415406,0.333801939926786
"250",0.279787590560952,0.386562062458768,0.121074111208167,0.0804910442105002,0.00883903539766685,0.123246156163946
"251",0.18897088588879,0.0610640673717405,0.0678586531436779,0.0671357382456456,0.345953357096945,0.269017298253201
"252",0.0991011930680578,0.174857292190078,0.196539220494101,0.163947934597535,0.182132235158611,0.183422124491617
"253",0.0662734305083639,0.16708476396414,0.200018794125912,0.222615555580163,0.192492134148318,0.151515321673103
"254",0.230953122537548,0.0103525505211113,0.103712256575199,0.0776870811723458,0.0392890867357988,0.538005902457997
"255",0.197901955687059,0.145913184513346,0.101097179912965,0.0879086297605878,0.309915920537025,0.157263129589018
"256",0.121215346955542,0.197793747134842,0.324063649710003,0.124090152971608,0.00120288030671279,0.231634222921292
"257",0.191979436832586,0.237081241891438,0.0504769009017855,0.171932608408567,0.0929420576125779,0.255587754353045
"258",0.0395657991506373,0.383420099482648,0.359251246133994,0.0923854976720678,0.0535530964485419,0.071824261112111
"259",0.141836634068764,0.237655442518364,0.332883237078198,0.0576172965569656,0.00095652823479852,0.22905086154291
"260",0.0686335405617343,0.308931367187832,0.236816863406478,0.111134440386251,0.136961295313813,0.137522493143892
"261",0.00144755318154897,0.227668018525916,0.195018116146132,0.151261726090848,0.201383879814038,0.223220706241517
"262",0.367271576874639,0.119106997331151,0.0733975411133408,0.0673527374790221,0.173592336750393,0.199278810451454
"263",0.205832497939146,0.102798938810443,0.170733122442276,0.213878468558186,0.296547228016382,0.010209744233566
"264",0.10783269596051,0.0382282340283044,0.249474578163479,0.289953567649633,0.123324447590521,0.191186476607553
"265",0.237839454762138,0.103849412311684,0.165332515034238,0.0172206585956157,0.273882229823584,0.201875729472741
"266",0.190019373568563,0.20237019720275,0.149174010569512,0.174992210631929,0.147132130448999,0.136312077578247
"267",0.158835791494426,0.296206409151335,0.0511846302289794,0.0894993797248533,0.308586610128178,0.0956871792722285
"268",0.245446029251675,0.0679135659918042,0,0.198004466718226,0.116224740535203,0.372411197503091
"269",0.258108042024927,0.257009722952101,0.139514174309388,0.161724395731704,0.054981388869813,0.128662276112067
"270",0.0492846236850627,0.250381940062167,0.15074066503725,0.190333000525263,0.122958338249402,0.236301432440856
"271",0.188249441952292,0.052693708615901,0.311661893063826,0.0181984026062587,0.264640510755201,0.164556043006522
"272",0.159334293442634,0.160144823830727,0.15259018592326,0.245185323775273,0.0492520338547089,0.233493339173396
"273",0.0876969477151534,0.0223074077234104,0.232003580635031,0.222208083594828,0.182168421264288,0.253615559067289
"274",0.0640532370572232,0.158861932566955,0.274372982454036,0.342803401374904,0.141814431267981,0.0180940152789005
"275",0.104639070997852,0.142759030833194,0.198000602098942,0.301023080102699,0.145772585666619,0.107805630300695
"276",0.163850502088426,0.158811148995974,0.180059427847003,0.23267370183273,0.173103418296042,0.0915018009398252
"277",0.319259688395298,0.269975027982219,0.0183353151766676,0.0187131444845411,0.194235960123522,0.179480863837753
"278",0.267439028148738,0.0999431995253044,0.198673579101723,0.051126851676958,0.0117276753407436,0.371089666206533
"279",0.191754668867436,0.136288559270645,0.142799725282171,0.104278582504701,0.24591895207654,0.178959511998507
"280",0.292458994485333,0.0434911009418489,0.0250335833108297,0.171417338819586,0.254486852266644,0.213112130175758
"281",0.188137169924676,0.209551513463349,0.109828555844241,0.21032995833491,0.133043524045555,0.149109278387269
"282",0.0733061413072574,0.0584906872087017,0.116681465684257,0.133161289306967,0.117889389014995,0.500471027477822
"283",0.0836780197341134,0.274991014865114,0.191230899120803,0.0832125909583496,0.0543359550295034,0.312551520292117
"284",0.190041490789,0.107133556854946,0.246900007112959,0.0212885878212145,0.24752896447001,0.18710739295187
"285",0.0322629024774805,0.121780693420994,0.307803853616607,0.0733996481110561,0.101038659106185,0.363714243267677
"286",0.186813831973407,0.0517726870910049,0.226172631872413,0.118260533800932,0.297526575165199,0.119453740097044
"287",0.316611205385958,0.180639952150947,0.14008733744734,0.0605807088851155,0.0592380066055727,0.242842789525066
"288",0.127984089948021,0.294684833437273,0.0373166873631177,0.264057897650988,0.00983961782672657,0.266116873773873
"289",0.100396721821009,0.21184191485601,0.188781767420042,0.0700750823651366,0.225545775238201,0.203358738299602
"290",0.16900239229936,0.268297154718691,0.259660195760846,0.0738762150910085,0.00997375179553156,0.219190290334563
"291",0.138771363883869,0.0556956674768252,0.310073264933416,0.052297352601,0.169874177637241,0.273288173467649
"292",0.10434941661297,0.0108929084532833,0.147358046314868,0.207984808204244,0.49997974854921,0.0294350718654238
"293",0.0868611338389189,0.0321133326359861,0.202130875804618,0.295239055031342,0.319635137928129,0.0640204647610066
"294",0.0344171918275089,0.281786827121614,0.100557673987304,0.110910342501115,0.224604136487294,0.247723828075164
"295",0.182328416650569,0.156360463142983,0.172119006017332,0.135384352178656,0.187727248354827,0.166080513655633
"296",0.0278119065771485,0.137701541797143,0.13852809414754,0.219302340077552,0.237533421557705,0.239122695842912
"297",0.279602039463255,0.0173224743328822,0.137368785956764,0.235723038974795,0.227364720651243,0.10261894062106
"298",0.0133872757807234,0.146315882609264,0.213398259831131,0.0830155658356814,0.213443498819082,0.330439517124118
"299",0.0357400878388458,0.224864646929065,0.183479963217472,0.221515005513146,0.271173046098613,0.0632272504028567
"300",0.0882921254703143,0.0918569167323746,0.20063420288146,0.204050391876891,0.236441775746878,0.178724587292082
"301",0.214393626023896,0.10574003197093,0.00120446401167887,0.0954195117881355,0.336980275573133,0.246262090632227
"302",0,0.183816874519633,0.0649032422026361,0.333235132189179,0.298762631591208,0.119282119497344
"303",0.0565724872975779,0.0342858147215359,0.29795573573568,0.275015772977585,0.187314963916084,0.148855225351537
"304",0.0680266214528121,0.112003271051743,0.344024278021279,0.17573931734171,0.131854181657328,0.168352330475128
"305",0.0789221643226893,0.115777976471772,0.181976629408648,0.339032898576281,0.11069374942935,0.173596581791259
"306",0.0297746337272645,0.367283076811879,0.252780881560738,0.154424907421439,0.0829631040951591,0.11277339638352
"307",0.411279773189424,0.0225625058775651,0.0523839681190236,0.118197349001288,0.277632018122411,0.117944385690288
"308",0.181466818501184,0.209338631511838,0.120641938719599,0.0392158349018216,0.19397333803409,0.255363438331468
"309",0.0809798383432125,0.248376898883651,0.00192712451041775,0.314791375384571,0.00680473087541082,0.347120032002737
"310",0.262772702179399,0.325281559679113,0.108986380865416,0.0427316419387373,0.0434098658517606,0.216817849485575
"311",0.22851284618201,0.0915498879808131,0.192287615861572,0.194453363551246,0.121568998527742,0.171627287896615
"312",0,0.2306186739622,0.232018361972572,0.29643830100429,0.037653457855629,0.203271205205308
"313",0.248933466443557,0.0540718756957778,0.0332767633042921,0.221130629746487,0.319482600052467,0.123104664757419
"314",0.180661706042577,0.15766254681594,0.235478195229039,0.0143317576479608,0.153698969168662,0.258166825095821
"315",0.242621732381494,0.167232557800242,0.048507223918917,0.257415576064583,0.13072395073074,0.153498959104024
"316",0.149751992284677,0.184096310964571,0.117630367126775,0.087792586327272,0.361578431810782,0.0991503114859231
"317",0.179582059891182,0.259666094529431,0.362529034391009,0.0528638061198885,0.0213385129631713,0.124020492105319
"318",0.299118182373918,0.0133424238618049,0.0044604538892764,0,0.333679140564216,0.349399799310785
"319",0.139883490691842,0.22692577486724,0.149458488052515,0.217814765850617,0.0904586820505118,0.175458798487273
"320",0.272302732848318,0.041525758495843,0.0944900514815818,0.243949993306769,0.260625337236422,0.0871061266310664
"321",0.167824318782686,0.150668843767223,0.242090878488577,0.277314616861456,0.0269452848972514,0.135156057202806
"322",0.27283512066964,0.224692059167719,0,0.114328849406242,0.328217414668398,0.0599265560880019
"323",0.198468943163306,0.179099090818283,0.162367485654241,0.110535065219167,0.110659054982751,0.238870360162251
"324",0.148142731956519,0.0244224173724763,0.282379554990174,0.100252667347855,0.1811027074691,0.263699920863875
"325",0.0409916381857503,0.0828483867877252,0.1850994606937,0.219695527267281,0.221033718186897,0.250331268878647
"326",0.224989448917847,0.165011992124233,0.194504007867599,0.162503947163528,0.0913650318919626,0.161625572034831
"327",0.158074757583738,0.120577779971717,0.210898567623817,0.0996434551115777,0.180948905427532,0.229856534281618
"328",0.0286931986405748,0.13997897098339,0.111970183888953,0.249901822115488,0.253768166896272,0.215687657475323
"329",0.0602164607072815,0.182254730348369,0.134487285698323,0.134083186424348,0.298748149486322,0.190210187335355
"330",0.0348180483590663,0.284687216216072,0.187789829509392,0.219351235330379,0.252157267041871,0.0211964035432189
"331",0.178530360618919,0.157065357933136,0,0.188179485758953,0.00731853427996106,0.468906261409031
"332",0.0502575554601459,0.218745679341028,0.224739679039518,0.162538214893688,0.105716073729989,0.238002797535632
"333",0.198125693871555,0.389781709971208,0,0.0520298861079264,0.00903956454509804,0.351023145504212
"334",0.172266515114569,0.281787562384015,0.0978310922529315,0.101256075756075,0.0516529371040018,0.295205817388408
"335",0.0270046709017369,0.439565214308278,0.0765613673003527,0.0541274766821456,0.0242246038875571,0.37851666691993
"336",0.135784968627688,0.106398570794651,0.218443363622756,0.159957339160982,0.258277719006307,0.121138038787615
"337",0.141823041578832,0.278650391456927,0.105681580480854,0.0409674314834737,0.103895754982769,0.328981800017144
"338",0.0714776108600196,0.214658445399967,0.145622498189891,0.265746006207146,0.0113913022712615,0.291104137071714
"339",0.0245775284842507,0.124407720501482,0.27176508452129,0.032443875597867,0.217290483382587,0.329515307512523
"340",0.131194027875608,0.189296291363267,0.00954781919150133,0.130024067296684,0.273084341928932,0.266853452344007
"341",0.324407310055431,0.0948881108011302,0.0289133292320855,0.153985480196837,0.133595110264382,0.264210659450134
"342",0.0980738534723719,0.0925874885794798,0.208206207577866,0.2540038602323,0.135995273016062,0.21113331712192
"343",0.0304239082327099,0.249979545397263,0.138388541256802,0.264754334381521,0.216708577694864,0.0997450930368396
"344",0.0586735964979057,0.197709482561035,0.231800985361181,0.194987339686957,0.194036538801053,0.122792057091869
"345",0.0685067429535217,0.289763305698125,0.102410154752232,0.180439271054702,0.14250143133627,0.216379094205149
"346",0.0917687677078991,0.0697108032665623,0.251385431058455,0.0840687275845706,0.246649328699039,0.256416941683475
"347",0.0895146007333386,0.258437290948999,0.105657441696785,0.0696113948043871,0.242289048953331,0.234490222863159
"348",0.0539839084844938,0.113371781378774,0.138822463020429,0.0601417999725907,0.281239246019545,0.352440801124167
"349",0.0329873295974149,0.236453335392237,0.00986365171711048,0.189548566078948,0.291479884429012,0.239667232785278
"350",0.189002093930093,0.276729436430404,0.147178478110827,0.163470676891117,0.114551895953826,0.109067418683732
"351",0.304269746295788,0.0843710547665947,0,0.180373079246108,0.101318444579139,0.329667675112371
