"","neu","NK","CD4","CD8","B","mono"
"0",0.311121349496284,0.051148843760558,0.331957341239517,0.0513707675345993,0.145230500870089,0.109171197098953
"1",0.230502622604418,0.0705297406007767,0.224483007405186,0.10116086517241,0.209377417121294,0.163946347095916
"2",0.118311981806165,0.237673056071788,0.098744595159124,0.233338638846397,0.161816087474696,0.15011564064183
"3",0.135164513346942,0.187357567810446,0.144004960505321,0.259689497808877,0.0406298945236242,0.23315356600479
"4",0,0.436849965417423,0.381993437606774,0.131899662047702,0.0231241768176741,0.0261327581104268
"5",0.161842418369333,0.150498562963985,0.184877656112542,0.155203512132418,0.124335082626998,0.223242767794723
"6",0.433662220588261,0.223444647359925,0.0755921902056827,0.0523683854712588,0.0199412637640681,0.194991292610804
"7",0.000170953340503291,0.216096508539618,0.121301754581658,0.207916508230396,0.231771464233049,0.222742811074775
"8",0.208083985358225,0.0778002566413403,0.238440180196592,0.243605870157685,0.0251209565967918,0.206948751049365
"9",0.0787778983144493,0.175299747166592,0.0491128040421286,0.301598328081378,0.160842214733398,0.234369007662054
"10",0.129322358122009,0.231148841548919,0.0275702906539086,0.244732126146858,0.152667983569538,0.214558399958767
"11",0.158315380699802,0.334090468636426,0,0.118549611666843,0.215245851952703,0.173798687044227
"12",0.178449459482901,0.172576206372325,0.259400044205629,0.0360905684637061,0.324238478170772,0.0292452433046669
"13",0.217021408929581,0.0428327580804581,0.117782034542659,0.243394881865576,0.130965248642752,0.248003667938973
"14",0.147383873799924,0.0326660870679168,0.191928242093103,0.183021161511194,0.242648033821733,0.202352601706129
"15",0.198087246585762,0.201799037089536,0,0.198738926628772,0.181895599509769,0.219479190186161
"16",0.279836473644352,0.337169674996279,0.0121382220818008,0.0460372017139078,0.217710434569817,0.107107992993843
"17",0.0996842011948756,0.0748997810603604,0.262798572624398,0.264981222491501,0.0608833188520785,0.236752903776786
"18",0.219673015941196,0.285922558339147,0.154392137829474,0.112028266730659,0.0403918033725905,0.187592217786933
"19",0.112127735469788,0.191694858004173,0.172761272327914,0.133693002799095,0.206561586577601,0.183161544821429
"20",0.26640129195111,0.0991205572277056,0.174474605935018,0.0830051944311204,0.0176134404292966,0.359384910025749
"21",0.313893228071756,0.197204260079712,0.0319188693114921,0.102293196940424,0.0716036563223219,0.283086789274294
"22",0.124105867609018,0.19731655102978,0.0240605007069113,0.338924847104345,0.263980382709019,0.0516118508409278
"23",0.201112549312156,0.156367949698171,0.141282282651997,0.174354558129067,0.178061048601847,0.148821611606762
"24",0.0437431876886592,0.23766293222686,0.221691117801866,0.396744808237041,0.0588528466456453,0.0413051073999275
"25",0.212076340473994,0.199150399802136,0.18000048581162,0.0843172058652686,0.0424137452185376,0.282041822828444
"26",0.161811834353467,0.223388392612318,0.267175220681364,0.208528338498152,0.019115860704701,0.119980353149998
"27",0.266871990054711,0.00820555826030843,0.0880349791360914,0.212033786436939,0.109443975053677,0.315409711058273
"28",0.0629638418757271,0.0788076766232313,0.299154587771102,0.308035444773404,0,0.251038448956535
"29",0.319717237840604,0.0736964956922599,0.0577318243805027,0.130705828488973,0.181959648045283,0.236188965552377
"30",0.072152435220438,0.124106337390192,0.198791667172811,0.0511770398651125,0.287009678386872,0.266762841964574
"31",0.237004785915552,0.0626013262520846,0.219998314866863,0.0987753442281932,0.161913468008595,0.219706760728712
"32",0.106847873990542,0.0197502987361765,0.0149934364433791,0.31934836507049,0.312976250666371,0.226083775093042
"33",0.31911893155779,0.308896352334588,0.019222576225113,0.0110350034525165,0.0127342869151204,0.328992849514873
"34",0.0726242957265416,0.282404384675772,0.0485337267941018,0.080844255502675,0.210889341233546,0.304703996067363
"35",0.0266125509308967,0.1715689145564,0.238378394678601,0.135132303201135,0.391342900477802,0.0369649361551657
"36",0.219792648835184,0.329700842137615,0,0.181784806634679,0.166087442420934,0.102634259971588
"37",0.16029158840411,0.190989262989583,0.142270803905553,0.185920170581381,0.0804816789573359,0.240046495162037
"38",0.0164086039179297,0.361669771917072,0.278695437354046,0.297190733569987,0.00631599616310009,0.0397194570778652
"39",0.247013237945744,0.0671797793617721,0.0609063876928221,0.189656009332265,0.202271855823432,0.232972729843965
"40",0.103812280920731,0.178970127089451,0.0676212516051851,0.247339081923497,0.327304265434482,0.0749529930266539
"41",0.00173963076963551,0.214274871830011,0.076743559915561,0.1787551533972,0.258070145348119,0.270416638739473
"42",0.0620699276745394,0.178041741628763,0.159274924850167,0.130381110366205,0.121855127308165,0.34837716817216
"43",0.158200521019677,0.229073367601328,0.0876610001209747,0.232659199584983,0.153340539098734,0.139065372574303
"44",0.340140426353518,0.00837524578518407,0.108220782566993,0.201083065878173,0.30084609803129,0.0413343813848423
"45",0.031295688781929,0.129254538957306,0.215890967601536,0.140710932898939,0.276633116784211,0.20621475497608
"46",0.200980858735675,0.218571734132397,0.2237407638715,0,0.249112495945389,0.107594147315039
"47",0.00306224275277009,0.218626260903766,0.0638476156053362,0.147507191703513,0.217551095077549,0.349405593957066
"48",0.226176364898137,0.0273138496351501,0.110634774464205,0.272458854567192,0.343159942951445,0.0202562134838702
"49",0.150041418951537,0.192237553726028,0.157482962090124,0.163733500302808,0.112125464606173,0.224379100323329
"50",0.061115374306914,0.0215005478685926,0.259590012926472,0.16119400254913,0.223846310492571,0.27275375185632
"51",0.152401458292626,0.0319842386005752,0.28991335103851,0.00482461033732519,0.182983524714448,0.337892817016516
"52",0.106630020499698,0.25147621482897,0.0813884771080068,0.272216468346294,0.111021157233848,0.177267661983184
"53",0.17353383198688,0.210500088865022,0.000972365690938851,0.351211423703157,0.221340623011504,0.0424416667424989
"54",0.128381767303982,0.177373285508492,0.31225065796341,0.163006381997317,0.0642045324969849,0.154783374729813
"55",0.199598225255459,0.13123709564022,0,0.0498579964842962,0.291145906177176,0.32816077644285
"56",0.308437403732482,0.142287821294721,0.11847201690644,0.183323435677454,0.0067812259716216,0.240698096417281
"57",0.488240885090213,0.0189326257344486,0.147736133812473,0.288141024611116,0.0352560676937334,0.021693263058017
"58",0.1885785918057,0.19490073736728,0.202836974620857,0.233723816965268,0,0.179959879240895
"59",0.117528206662388,0.0718208839413591,0.204176134710027,0.0793886631303492,0.243588232619536,0.283497878936341
"60",0.0528608707139969,0.302698925087494,0.130084856727774,0.0109317721044943,0.331323413977575,0.172100161388666
"61",0.144523485843114,0.16297123758812,0.0992134814406237,0.249277863535664,0.322611615102771,0.021402316489707
"62",0.0911252326556248,0.136188392390148,0.126239992315579,0.170326638291546,0.170761154688083,0.305358589659021
"63",0.0898457927751404,0.1294288608637,0.196669871235164,0.256645911984801,0.0904379393405998,0.236971623800596
"64",0.0631595724931396,0.135983373522958,0.215155333646451,0.16510395642968,0.0925711674636247,0.328026596444147
"65",0.290217803379411,0.197607614478378,0,0.0706470089955371,0.0790897993637305,0.362437773782944
"66",0.178151287920318,0.286074739530036,0.00313034487605738,0.252614378523699,0.100337246596895,0.179692002552995
"67",0.237863716368368,0.199595855132084,0.0693308363682932,0.0594709652073474,0.213880356954747,0.219858269969161
"68",0.0897959344819532,0.118413291688917,0.313112244736917,0.0310867002824348,0.293256657618962,0.154335171190815
"69",0.221292154998864,0.242735035432462,0.121437858518589,0.165009108883637,0,0.249525842166448
"70",0.109392437834068,0.120048196411078,0.190614492633712,0.14336741395677,0.184903269419752,0.25167418974462
"71",0.341302143982807,0.165699008918096,0.00369530851622632,0.105073319801834,0.110098152506978,0.274132066274058
"72",0.249495321389203,0.238067018136264,0.0750759770592188,0.0138632732028659,0.406542703459526,0.0169557067529219
"73",0,0.185151739084021,0.105935502490259,0.153306931226439,0.170849687518546,0.384756139680735
"74",0.0310962999055405,0.334883187040874,0.245594053636335,0.0406080522177105,0.156240154875799,0.191578252323741
"75",0.264208622807469,0.0701607363314477,0,0.257402995531658,0.14302210789908,0.265205537430345
"76",0.223176807383641,0.0801086805330947,0.0233144553336131,0.0898470809248939,0.295281316688297,0.28827165913646
"77",0.0263013316191072,0.219243299342516,0.142250665932647,0.0926318544429255,0.141346038705455,0.378226809957349
"78",0.188085645881244,0.133076717669234,0.34679939394859,0.164666754228809,0.126401189203553,0.0409702990685702
"79",0.18782210700604,0.0662830656031798,0.178069386588698,0.255225920382071,0.193997324480801,0.11860219593921
"80",0.104349560863109,0.0521865869465485,0.227087629106669,0.146621130676855,0.111666359282396,0.358088733124423
"81",0.207960971412181,0.110529475988708,0.0512777570409655,0.284244475286446,0.318981586363705,0.0270057339079957
"82",0.141493919398519,0.156516387726114,0.134584220843986,0.130088904983941,0.161393122025576,0.275923445021864
"83",0.208915285829857,0.0366763881779326,0.267562262764201,0.04130725680953,0.15978109028907,0.285757716129408
"84",0.344188431856151,0.0476213973005082,0.262776590732998,0.0327683109193354,0.0605888023002306,0.252056466890777
"85",0.27086290878072,0.00935307834034247,0,0.283753156570599,0.232387105208916,0.203643751099423
"86",0.327305707372631,0.00337119673838572,0.0778492004015504,0.0130048281458424,0.119284468849376,0.459184598492214
"87",0.24562115309814,0.177259384140426,0.179591131507684,0.111865739689338,0.165072479342206,0.120590112222206
"88",0.0063770030827673,0.168285591275744,0.106266204231974,0.10939827853643,0.282758300866792,0.326914622006292
"89",0.0392537427666878,0.176852910612133,0.101592194360199,0.18088622304565,0.367022572887199,0.134392356328132
"90",0.12923005833218,0.038318015106835,0.289512456361236,0.0847456372331259,0.00269334962963257,0.45550048333699
"91",0.02884196654871,0.210875765029413,0.0182277284062222,0.259787098601268,0.315798180376961,0.166469261037427
"92",0.0852685420687559,0.0471095122463498,0.212084287321513,0.296112804844329,0.298958936291994,0.0604659172270576
"93",0.306199849349189,0.196676027536978,0.183285585534929,0.187191767850205,0.00959355509579461,0.117053214632904
"94",0.201844460531261,0.342788553193624,0.0139782561628179,0.163228876244094,0.230095177234659,0.0480646766335445
"95",0.0782590444246474,0.240566627020051,0,0.199406442236129,0.331643472906948,0.150124413412225
"96",0.150055262131457,0.278237727080082,0.00656581065792097,0.0921789530179447,0.134345261273271,0.338616985839324
"97",0.196182101203441,0.249348908596085,0.176784373970369,0.203577162041332,0.15289962841977,0.0212078257690034
"98",0.189066015458921,0.0671592133933014,0.21708453561968,0.125341622518215,0.150838227199509,0.250510385810374
"99",0.108054333101968,0.188165339631139,0.000310077618901015,0.251473553197552,0.195676507137233,0.256320189313207
"100",0.206416168534989,0.115464962610028,0.0948258668212232,0.190767295414526,0.218690931113923,0.173834775505311
"101",0.0297398368313086,0.203861011450206,0.172660223151867,0.231921949706945,0.176336833731989,0.185480145127684
"102",0.300438864258278,0.260284957502914,0.00869884482945814,0.12355367732587,0.0088631323037912,0.298160523779689
"103",0.241221543948098,0.0943589189448725,0.275729259347856,0.157295607814979,0.0604946888815869,0.170899981062608
"104",0.136974808789216,0.160288329754887,0.149154888617154,0.139241613526849,0.227081714629766,0.187258644682128
"105",0.154274034698635,0.125513388009336,0.158705322677713,0.262414951725615,0.256865740989385,0.0422265618993177
"106",0.0795282701310238,0.110022681864755,0.125073691142058,0.270822393476307,0.160858811930136,0.253694151455721
"107",0,0.175490870880468,0.326491900276133,0.0959509971861754,0.0306821442150949,0.371384087442129
"108",0.0714669067350945,0.192423238154543,0.135778176169955,0.129282672013202,0.247203503882065,0.22384550304514
"109",0.217174850118591,0.283241563045305,0.0883109586763402,0.0120225697963579,0.361574119041795,0.0376759393216112
"110",0.160362854058655,0.18512230520425,0.0995390421979429,0.173112524424125,0.203114748882325,0.178748525232704
"111",0.300426840102371,0.357278547545104,0.00396809666700905,0.2146324298484,0.017632554571173,0.106061531265943
"112",0.0518163126255106,0.0841056071839433,0.13318714050658,0.128692828851381,0.222444866691338,0.379753244141247
"113",0.193569876755624,0.0789818454621307,0.137035232494487,0.258974527879625,0.215490632391007,0.115947885017127
"114",0.108570007308092,0.206891358888637,0.0979971286979641,0.121693179466973,0.22579102151481,0.239057304123524
"115",0.172058766348684,0.239669484750956,0.130597058606118,0.00790575136302567,0.266450188407389,0.183318750523827
"116",0.0389026054284111,0.194515240093352,0.178157002276946,0.273472563199378,0.140034241949837,0.174918347052075
"117",0,0.470915157442685,0.0009710133174738,0,0.295465989502634,0.232647839737207
"118",0.0203054338009969,0.22129196238465,0.172491093566422,0.303092736347908,0.01016270153286,0.272656072367163
"119",0.181321074947437,0.214347824543588,0.0391507213960995,0.182977883951832,0.176494069126054,0.205708426034989
"120",0.395474419076438,0.185931368105053,0.21095599627645,0.0816812307471128,0.0737280267215211,0.0522289590734254
"121",0.291837094570082,0.0459930765175303,0.100219179053873,0.309163539475094,0.00589813536542337,0.246888975017997
"122",0.134237333658089,0.0558160320525101,0.0527145972761479,0.35712622396279,0.146559006887816,0.253546806162647
"123",0.0971014046976266,0.321950741496096,0.240658539674851,0.0815131555948881,0.237797870414156,0.0209782881223822
"124",0.280792003336855,0.065701277730379,0.224680758294371,0.161425503047923,0.233457535193277,0.0339429223971951
"125",0.363087353978974,0.161835417637988,0.274604008493406,0.134407601260908,0.0511823002662253,0.0148833183624993
"126",0.010908439878507,0.234848779536298,0.263492697047976,0.229021219715576,0.0496546814305448,0.212074182391098
"127",0.0193356037649451,0.233977202479966,0.210522298036346,0.220463323638268,0.123144613036394,0.192556959044081
"128",0.313453563100105,0.123428508956241,0.289210333371947,0.0618565647433218,0.0592422398218953,0.152808790006491
"129",0.183299717219016,0.298380019611119,0,0.224373465917002,0.24525628545131,0.0486905118015533
"130",0.219238702391901,0.182358931957625,0.136344072062999,0.113617724218172,0.0838969063771495,0.264543662992153
"131",0.0416746268902805,0.278753428838892,0.152721095404458,0.080204141266138,0.266745149146226,0.179901558454005
"132",0.207534081475488,0.216782271811537,0.182422021264757,0.202320005317119,0.0793457683723047,0.111595851758793
"133",0.389642411089257,0.0492565604595493,0,0.329880606760938,0.208299938943216,0.0229204827470399
"134",0.0109869044242179,0.449115991346471,0.12709862824659,0.215464280115555,0.0847811553712319,0.112553040495933
"135",0.111214285868125,0.204816477813912,0.0845866986786885,0.194543566058773,0.175031510237287,0.229807461343214
"136",0.0176852830392898,0.329197592450148,0.289609392422627,0.191695946676109,0.113900866058084,0.0579109193537426
"137",0.117014683502892,0.194798308172085,0.0136110891592716,0.301260025532939,0.367774059001518,0.00554183463129502
"138",0.240388969903192,0.190678119031052,0.160536694204497,0.130887642151212,0.0724238279072534,0.205084746802794
"139",0.189910480498288,0.177096648344732,0.171472325256802,0.217370708279146,0.13437657723239,0.109773260388642
"140",0.294042266368486,0.0365815987722309,0.0559104781335434,0.267191834737887,0.292593253925612,0.0536805680622416
"141",0.138604964862947,0.23931770863394,0.0887627324533369,0.0503558639425653,0.224381146611037,0.258577583496174
"142",0.264268695345465,0.0507415623133255,0.321413358193902,0.0642325450201047,0.0591106095822308,0.240233229544972
"143",0.208455883875288,0.00688808333583891,0.022040380123198,0.198996770409374,0.296558477579418,0.267060404676883
"144",0.237543727296285,0.201028644009533,0.069355252372437,0.0222020490445199,0.202300922268781,0.267569405008444
"145",0.298817565283288,0.000900169449512406,0.092522932707334,0.0674789575221573,0.346456930827498,0.19382344421021
"146",0.311138434303468,0.192128265973823,0.165369792459166,0.154502418284769,0.0588997218037934,0.117961367174981
"147",0.0149010709489315,0.186400800963097,0.268995979179399,0.0238664526580351,0.109081180284735,0.396754515965802
"148",0.118514069993011,0.180796713119407,0.10662825808739,0.118914094999064,0.220656030167175,0.254490833633952
"149",0,0.259810853154264,0.171470439519916,0.143656124468976,0.211667770717329,0.213394812139514
"150",0.260511283816604,0.231411095826895,0.151119461290765,0.100982795184936,0.143573757790465,0.112401606090335
"151",0.27516340911341,0.323931468007583,0,0.127483588213869,0.206428815509484,0.0669927191556548
"152",0.180433171131739,0.257070060490445,0.248737143897615,0.0126342160725458,0.0108474997947851,0.290277908612871
"153",0.0816576262679121,0.174178732734958,0.0473843586511845,0.2217977532151,0.199295702455921,0.275685826674923
"154",0.240287769977569,0.197736414888309,0.126755270353681,0.00252058161378307,0.0909129638128394,0.341786999353819
"155",0.286264643401442,0.0540907396653433,0,0.260966660258779,0.23383762299611,0.164840333678326
"156",0.052227680244006,0.0850650164926848,0.0909892084823965,0.10127509396302,0.363422296653159,0.307020704164733
"157",0.240488323353894,0.20923618277747,0.0343581731955523,0.0607146280719223,0.150604295664637,0.304598396936524
"158",0.218674466755762,0.0782652216044692,0.0697163792787366,0.284641952152836,0.265911823381179,0.0827901568270174
"159",0.222197306917266,0.222963952011875,0.156141205278031,0.063296267226134,0.0607960351475756,0.274605233419118
"160",0.178723501344907,0.154677926661445,0.076995562019613,0.182859624153331,0.142765762793587,0.263977623027118
"161",0.0891914972475584,0.282955345931756,0.230405863182688,0.0391103217507569,0.207230437618382,0.151106534268859
"162",0,0.367964860296391,0.215137733434724,0.0335628318126596,0.122206708203176,0.26112786625305
"163",0.0524817570226209,0.194354349621337,0.15087226658275,0.0938219175473895,0.263260451087409,0.245209258138493
"164",0.0995929258195783,0.000990015260129902,0.334383852401451,0.0317388980657479,0.341707100947377,0.191587207505716
"165",0.132036994996364,0.0229137168478381,0.135929984893265,0.310396308845054,0.240536500636501,0.158186493780979
"166",0.0677210574627846,0.0405384067910051,0.218873057784202,0.34662756917399,0.0989192207577684,0.22732068803025
"167",0.160011821043748,0.213063625698541,0.0517828396830151,0.139167134777684,0.193128781072377,0.242845797724635
"168",0.277363093445151,0.263409727191888,0.171486889993682,0.130962432595061,0.0803048101475894,0.0764730466266291
"169",0.181516161066964,0.10254648272627,0.207114693167425,0.023983179357827,0.109356712256516,0.375482771424998
"170",0.011638737727099,0.0825666636535878,0.188665513589019,0.264362961849251,0.107414812754701,0.345351310426342
"171",0.220247021265688,0.0992247336552115,0.183598880157166,0.339098473773679,0.0265810283921711,0.131249862756085
"172",0.140312056480551,0.158936284000768,0.157130141410239,0.111395931157866,0.182012328619306,0.25021325833127
"173",0.441662964401943,0.0452144846727628,0.00496872204516464,0.0928279044085059,0.0181979733365968,0.397127951135027
"174",0.273319168606048,0.227577041396215,0.245714070945607,0.0834164866297871,0.0849119794983358,0.0850612529240064
"175",0.138848820575514,0.209471266643902,0.138021252860105,0.0286473597716477,0.368421092434745,0.116590207714087
"176",0.18735118978656,0.243882369254803,0.0550807675936674,0.231888875180153,0.00875314104654192,0.273043657138275
"177",0.0766644007351669,0.218479791788798,0.150159048422182,0.26081143179895,0.112411926728642,0.18147340052626
"178",0.190223584962524,0.157217208714997,0.164849684589234,0.0809558489111878,0.215290854065828,0.191462818756229
"179",0.206378093792539,0.151646741401414,0.0987775977304001,0.161006557083883,0.180843850162529,0.201347159829236
"180",0.151276387677251,0.290895650043137,0.0720116906642827,0.019682963059714,0.26482184192835,0.201311466627265
"181",0.2863048464394,0.0640607814203941,0.252316641145138,0.217392132797075,0.0643071324273691,0.115618465770624
"182",0.263289441542319,0.0611605132193503,0,0.31777879481046,0.0591588534145473,0.298612397013323
"183",0.21078217313202,0.183372933797441,0.0845403915868897,0.215133796238338,0.111066839978882,0.195103865266429
"184",0.190952171824608,0.268519995873506,0.0524020013778115,0.0282422357582361,0.226287949682347,0.233595645483491
"185",0.212099117699138,0.222377640071194,0.0944542367582727,0.164865069981283,0.164601214135695,0.141602721354418
"186",0.224354982381733,0.199485710752791,0.0462869057071144,0.00171218105637188,0.243193608493537,0.284966611608451
"187",0.187720099668224,0.26249217900365,0.0528614988173684,0.00879893625206051,0.273563240001457,0.21456404625724
"188",0.131349593550082,0.00556561075181113,0.167643177560871,0.0413178958699583,0.241969220602556,0.412154501664721
"189",0.225795338880489,0,0.313505437239898,0.228256774545682,0.0346317158869506,0.19781073344698
"190",0.215956187007477,0.0955116495104994,0.178002483578053,0.182452908132768,0.0389616421868127,0.28911512958439
"191",0.138961748969958,0.0779213383256616,0.38914955380884,0.123312142234969,0.112144932443446,0.158510284217125
"192",0.203543972793262,0.207330772699048,0.0365072521308723,0.249422463093839,0.0281987479454902,0.274996791337488
"193",0.282087275376966,0.140638271599438,0.192578760229182,0.00854078008767244,0.260024291592958,0.116130621113784
"194",0.255965133409816,0.15780805960202,0,0.289702032390178,0.214256999719376,0.0822677748786105
"195",0.0833452576480407,0.191772260001812,0.141597048808519,0.132289739443438,0.089412023908512,0.361583670189678
"196",0.0193840156713171,0.222743740422305,0.170789524501279,0.170877521094555,0.182225847231944,0.2339793510786
"197",0.0968878007676532,0.367556706923863,0.010813219036431,0.343344031847859,0.0277327570524944,0.153665484371699
"198",0.138472398894767,0.089470114561976,0.226478210594824,0.259603500603155,0.0569761096448377,0.22899966570044
"199",0.148002368632862,0.24117606361994,0.0058381880704497,0.280817589692743,0.163712818269672,0.160452971714333
"200",0.292576613063038,0.220332388460411,0.306776623666437,0.105780978705029,0.0629798532047128,0.0115535429003721
"201",0.239269317029308,0.14014177648671,0.185726191893443,0.109035448451797,0.260504783367312,0.0653224827714307
"202",0.241386324505582,0.0955735899315629,0.194526909959513,0.229090658419042,0.0247523570973137,0.214670160086986
"203",0.0133826728093261,0.042685702139203,0.250780796268834,0.193265983203305,0.169613352850466,0.330271492728866
"204",0.0867158578374436,0.167612862026263,0.258139042440759,0.254877239782589,0.0832605779996866,0.14939441991326
"205",0.19211379541624,0.234644617292726,0.111139597588656,0.0500247160191036,0.196054492251876,0.216022781431399
"206",0.0934176169325729,0.220284474297063,0.192251297013351,0.0104598210795428,0.257151625618415,0.226435165059055
"207",0.0593944799069487,0.141080018486769,0.256763016698115,0.284939095781499,0.0407211629559374,0.21710222617073
"208",0.0840738648236716,0.190595317284738,0.0534237223629799,0.366816818062437,0.300255572119901,0.00483470534627286
"209",0.0570256803412217,0.202131072088914,0.231343634184688,0.247281196941224,0.129013633617276,0.133204782826677
"210",0.171028689492491,0.235365024433857,0.106187551937587,0.0424318399040738,0.150477034103182,0.294509860128809
"211",0.0064631445505795,0.20270414216879,0.173032949209253,0.301678786755182,0.217916641864057,0.0982043354521395
"212",0.170705091996697,0.0835949393024731,0.102354347688156,0.120664324723722,0.220072604542143,0.302608691746808
"213",0.229015666156452,0.280889450080484,0.00441582852792279,0.0588559116588585,0.154491060268875,0.272332083307407
"214",0.099135588644138,0.219529904653922,0.164324914816866,0.202017822110534,0.144926371943027,0.170065397831512
"215",0.0249468120941647,0.0151584487328048,0.198178208960014,0.0218994221167586,0.341512772491846,0.398304335604412
"216",0.234578567641025,0.0523778796028039,0.230950994713757,0.242576412300808,0.0364918444054111,0.203024301336195
"217",0.116646958061769,0.200976327061561,0.171720942468042,0.137286118234546,0.153142588580781,0.220227065593301
"218",0.0959102017604175,0.168740884243403,0.109625280129809,0.272848166371943,0.268028477114619,0.0848469903798086
"219",0.0821506461973823,0.130126498223965,0.262491626052082,0.104793591751702,0.0823332861621239,0.338104351612745
"220",0.0413201549050378,0.145358967766143,0.229069164973512,0.182515168936266,0.154247944105705,0.247488599313337
"221",0.0622089792990806,0.210972407590496,0.187081608676076,0.0738776000728644,0.152050266123086,0.313809138238397
"222",0.184314893279334,0.0723039173331414,0.295742030506883,0.327514582783349,0.0270729792408753,0.0930515968564176
"223",0.222305603496159,0.325799176503517,0.138506433594907,0.0809644320844762,0.0848397551146201,0.14758459920632
"224",0.181072360776773,0.243465999504669,0.164219242151115,0.142236091588901,0.00225948443281516,0.266746821545727
"225",0,0.332955985555886,0.135976843275161,0.215575005932963,0.147971488794114,0.167520676441876
"226",0.463977766402774,0.199358864703881,0.0144885481952995,0.172755699572793,0.0456434822915136,0.103775638833739
"227",0.228565665903245,0.0459839803121544,0.297233906058485,0.104392595608437,0.0859922978288594,0.237831554288819
"228",0.0424288490131364,0.176788225203827,0.0392793784962016,0.169709620278316,0.301493898144516,0.270300028864003
"229",0.157602480985812,0.171014468086226,0.0593012928123799,0.224321946810553,0.259097980960524,0.128661830344505
"230",0.206747870266713,0.0436642975508138,0.135652155953489,0.241717195854901,0.190872436934696,0.181346043439387
"231",0.105884869446435,0.0185719748030835,0.218784147976688,0.25591443758997,0.27851751221273,0.122327057971094
"232",0.177784839003603,0.113422563712671,0.262243075042575,0.163058510667103,0.0480936738970627,0.235397337676985
"233",0.0772428497998152,0.216914539640596,0.141796664567097,0.284182401365417,0.0734162391185358,0.206447305508539
"234",0.375106019176211,0.00729923143214652,0.0326715751866977,0.127580018993539,0.260907527330362,0.196435627881043
"235",0.0468211400220506,0.238514088446752,0.139247983040062,0.276574832998998,0.231658981245904,0.0671829742462337
"236",0,0.101475595806112,0.165512626346486,0.283318136611401,0.211907881027391,0.23778576020861
"237",0.0825939397960896,0.15676225153443,0.0692062439829686,0.255281158801727,0.246794180579869,0.189362225304916
"238",0.279909942083259,0.297995499247431,0.111581453231335,0,0.132449174186567,0.178063931251408
"239",0.342851319689368,0.114238360684735,0.0549572013139577,0.0747399787629655,0.0310226305645308,0.382190508984444
"240",0.165701999435146,0.240123403117235,0.208061184320108,0.192494290861192,0.0911235315597961,0.102495590706523
"241",0,0.0373759499446914,0.0446190370294806,0.168659531036701,0.356154932587368,0.393190549401759
"242",0.352974905747369,0.0999673349313741,0.191971022358697,0.0337410978511881,0.0614882420723667,0.259857397039005
"243",0.307732464570201,0.113504616372186,0.0179067525361997,0.0810566329944887,0.129376645679882,0.350422887847043
"244",0.258655923641055,0.198282990946188,0.255956154279252,0.0276889970128794,0.207425973641788,0.0519899604788378
"245",0.13947156619177,0.177625326594117,0.18915616105578,0.0817100280636373,0.131941030675526,0.28009588741917
"246",0.0982278022637797,0.163230538342415,0.157516030452847,0.19920704566382,0.12239991724293,0.259418666034208
"247",0.250390307519991,0.074376489721823,0.232875164415749,0.216715024826479,0.080289666326632,0.145353347189326
"248",0.0792258765465668,0.0119267155235527,0.261406708947104,0.16340404442721,0.251908406250567,0.232128248305
"249",0.188870543525616,0.0384035186680658,0.232730247823358,0.121345097651862,0.129929949832353,0.288720642498745
"250",0.117892533670339,0.151692716117722,0.20101379199411,0.120640257841645,0.280465335999974,0.128295364376209
"251",0.31456924578717,0.338081637423224,0.0699067777616286,0.0625511825838711,0,0.214891156444106
"252",0.29185515464654,0.279821187407294,0.0489595917610749,0.151952492026727,0.220531419145964,0.00688015501239928
"253",0.00637771525928868,0.209368063117104,0.118193262841439,0.0902698622554189,0.273103753163382,0.302687343363367
"254",0.245570594139096,0.121959968007432,0.0947360491390412,0.0637926304031027,0.4123946094853,0.061546148826028
"255",0.137743647493194,0.00873980088028494,0.248683640743075,0.163066368324179,0.268125516438273,0.173641026120994
"256",0.00178433918607887,0.387814879603958,0.206780608422608,0.04079641638395,0.237052559808723,0.125771196594682
"257",0.180553416316056,0.229527993079437,0.222361296186609,0.0328167034013998,0.116228360526929,0.218512230489569
"258",0.118497163937196,0.193995688251732,0.134742868255169,0.325205774728195,0.0220691284975667,0.205489376330141
"259",0.324346292935731,0.0151719737428824,0.0918789313215618,0.1691516916829,0.0869684743348743,0.312482635982051
"260",0.22408849563446,0.177805460459478,0.137665061673422,0.113125451430349,0.208184336290344,0.139131194511946
"261",0.180569961246859,0.00805443762578062,0.231073317384498,0.10689239001465,0.323166071890186,0.150243821838027
"262",0.111728673377385,0.178974435698368,0.174856645988716,0.0214587198026812,0.241693652801951,0.271287872330898
"263",0.0281050252970704,0.242316702413346,0.0875417247071984,0.231450275229112,0.247297128152795,0.163289144200478
"264",0.206580057946028,0.211253766894685,0.0718610678024991,0.20958080664197,0.121639116977445,0.179085183737374
"265",0.0522931421759057,0.231710671658221,0.0782438755410352,0.182651409540391,0.269751226953351,0.185349674131096
"266",0.207717283620918,0.0200310884152641,0.245178117440425,0.234745574121732,0.0987509057593684,0.193577030642292
"267",0.284323667391663,0.0735523521659055,0.112182455092998,0.334513881940101,0.131192706426295,0.0642349369830375
"268",0.0527626044898552,0.274256648099876,0.00968600336408152,0.193169173825494,0.212530515141864,0.25759505507883
"269",0.0906476098200617,0.124260812853436,0.0682872365733766,0.140075088220853,0.271908072040521,0.304821180491751
"270",0.0830103765378563,0.238638446932557,0.0347015049081609,0.00935928551632519,0.319018990049695,0.315271396055405
"271",0.172347802874509,0.127397947071262,0.084354606957491,0.234749901970976,0.194434237631171,0.186715503494591
"272",0.194392108720825,0.150062277067261,0.0808257541664733,0.209323980204876,0.151754204813468,0.213641675027096
"273",0.250665923848595,0.148966595670571,0.132809478073525,0.0119206851624827,0.119542850430323,0.336094466814503
"274",0.0111004003989732,0.155164808960458,0.19560265143183,0.123083547302747,0.257051728292824,0.257996863613168
"275",0.352576871392077,0.180881118266905,0.00117684295459357,0.216996047633301,0.0678580940093343,0.180511025743789
"276",0.0984310643468083,0.199700027670235,0.115686069156586,0.180718886077396,0.277622878202694,0.127841074546282
"277",0.170256589473563,0.284860173853343,0.0966233971698599,0.0329786754391608,0.0747949857788421,0.340486178285231
"278",0.0579468324123128,0.271015296945119,0.1476356721399,0.21237769375575,0.16596206212941,0.145062442617509
"279",0.00758724409704033,0.247460441585792,0.236050670509887,0.118150158994881,0.00514280321306806,0.385608681599332
"280",0.227711664836793,0.0890465615881801,0.13142481326632,0.129252087155478,0.184343339443418,0.238221533709811
"281",0.146082595974645,0.139229690713273,0.114783113894283,0.373808924230802,0.00931614078487824,0.216779534402119
"282",0.0621763976882424,0.288621085619221,0.0113252706104525,0.150100230273749,0.128807155115616,0.358969860692719
"283",0.0680195381099293,0.327512041537455,0.0966413655919954,0.241485826802591,0.0612323340100482,0.205108893947981
"284",4.2000880560268e-05,0.193980968494629,0.276469198812597,0.164392576139542,0.184846768244104,0.180268487428568
"285",0.268478357209604,0.0798184510034417,0.229454537562466,0.142104794598669,0.257915315082354,0.0222285445434646
"286",0.147018807810617,0.16729734351777,0.165627968818369,0.21098088639146,0.144208410788033,0.164866582673752
"287",0.148500152378487,0.0684794293994538,0.0150551860844404,0.220298911317473,0.138620053443707,0.409046267376438
"288",0.178057599430539,0.202792228152096,0.155606320190934,0.142556007505835,0.112422525320426,0.20856531940017
"289",0.146166210799122,0.0455030151672878,0.102663419852821,0.137785592157339,0.37920830725088,0.18867345477255
"290",0.37244983443725,0.181023944874906,0,0.264813975106334,0.0461201575236481,0.135592088057862
"291",0.0375248985986163,0.05891030183919,0.230195335112414,0.228773081234455,0.260628833359686,0.18396754985564
"292",0.153428253711528,0.210212298085097,0.198561777059245,0.229774864029486,0.0676701984297409,0.140352608684903
"293",0.179555129574487,0.180443396765397,0.0879636939950698,0.141530892663704,0.0835575731822809,0.326949313819061
"294",0.126766900420619,0.263286611905269,0.168744655896478,0.182301005493546,0.151951369018235,0.106949457265852
"295",0,0.126213139642628,0.09443978535526,0.290187404972676,0.199177963435101,0.289981706594335
"296",0.326046684302486,0.189107602692091,0.0736381379063548,0.326564855168357,0.064643557246139,0.0199991626845721
"297",0.158650998147186,0.207699966171812,0.0927743119720403,0.221872906090302,0.134731913756276,0.184269903862385
"298",0.11887151562252,0.374587503935248,0.23386733572796,0.0301446012472247,0.147752575781857,0.0947764676851913
"299",0,0.249663028834156,0.10108604015201,0.118179500696096,0.210548330697504,0.320523099620234
"300",0.12372340383144,0.0286527613491692,0.227034902334483,0.264413684431897,0.26872686439009,0.0874483836629201
"301",0.187076936639741,0.216987959621155,0.083160986729994,0.0775582590837675,0.258885562172158,0.176330295753184
"302",0.128052082932879,0.0245198749522864,0.333579073296715,0.309656452506405,0.0864108941190915,0.117781622192623
"303",0.2503713426717,0.19481980800959,0.090559811384535,0.129259915386374,0.298461722737265,0.036527399810536
"304",0,0.0803991806088731,0.243103284098689,0.494681134163528,0.097084497895578,0.0847319032333312
"305",0.229892403493361,0.170517144146967,0.151453575371082,0.0917035565504458,0.134462649780056,0.221970670658088
"306",0.332060735675173,0.182947939745695,0.0960528056102871,0.0574329804024319,0.303463951716666,0.0280415868497469
"307",0.154569985770707,0.340558160700873,0.0303946636733778,0.426691950526167,0.0132601264489617,0.0345251128799139
"308",0.288601786551965,0.013511986038019,0.154485284738548,0.223382451836487,0.162367926803781,0.157650564031199
"309",0.0317370704393634,0.213429456048776,0.207899529293128,0.281609515653441,0.070870407975647,0.194454020589645
"310",0.35295536150762,0.206415979645853,0.0557146907675611,0.107908325051114,0.249703282335728,0.0273023606921245
"311",0.231013890410683,0.241852461369501,0.249000383812491,0.0093046517479168,0.20791326565304,0.0609153470063676
"312",0.251788531506047,0.153967064084012,0.140600217573872,0.059638650613293,0.260562988915321,0.133442547307456
"313",0.11678491620167,0.131875378408332,0.134429867689333,0.283265996182616,0.22677899205294,0.10686484946511
"314",0.214022506215331,0.0915187623607688,0.276035191935933,0.0662365594975572,0.092165558063313,0.260021421927097
"315",0.0992853667095911,0.139844506190286,0.0278578881559402,0.251454703653025,0.211093093794843,0.270464441496314
"316",0.117223181867307,0.298153776951455,0.208188345264736,0.212246490519843,0.112614558805041,0.051573646591618
"317",0.0902665460215222,0.113385275476545,0.216381444959573,0.210685635907343,0.32258164455423,0.0466994530807872
"318",0.191695378236813,0.211842744089335,0.0919196806570302,0.134688448323282,0.187481071122524,0.182372677571015
"319",0.414251237143141,0.248641842894591,0.0296768473787753,0.121112194396089,0.144814993028475,0.0415028851589271
"320",0.218068797232456,0.325690716905833,0,0.185498977560889,0.0901104720333889,0.180631036267433
"321",0.0669234650588367,0.282935044902146,0.15769580117196,0.241232863945653,0.210484785871777,0.0407280390496282
"322",0.043638628050333,0.21206169191141,0.181801749458761,0.0109706648349547,0.274951926906821,0.27657533883772
"323",0.156218075539987,0.0761484494938168,0.256556839791897,0.254666915315174,0.0985294102301178,0.157880309629007
"324",0.0723096930770939,0.264331429407694,0.220894190608624,0.103723936839837,0.17950615764319,0.159234592423561
"325",0.26763529808689,0.130712280704228,0.241282618891355,0.0400006413913338,0.18306147828638,0.137307682639813
"326",0.268113024858617,0.0648632776358275,0.145766680976502,0.212113484889794,0.120930201939258,0.188213329700001
"327",0.0906220653790968,0.0898862800353355,0.158387789189012,0.221531193386084,0.195372613160098,0.244200058850374
"328",0.0367817719189162,0.0711452029572649,0.499844281905405,0.250537205716928,0.0999611580720155,0.0417303794294711
"329",0.135593958863561,0.248516009733271,0.185093608616304,0.262204536003817,0.134047589402714,0.034544297380333
"330",0.0223533812100542,0.363465874454118,0.0271961592368548,0.0190989753052229,0.313109882015467,0.254775727778283
"331",0.174722807080121,0.186129115772864,0.165530191679223,0.189088547874798,0.142551664956491,0.141977672636503
"332",0.0880645779602178,0.16898847958971,0.211947059326685,0.0684481184402566,0.281746644345994,0.180805120337137
"333",0.204874102941419,0.0766508741231099,0.186170660711552,0.148780643950702,0.235276100216388,0.148247618056828
"334",0.0107378588852079,0.389295872119721,0,0.146309256610058,0.306628238625408,0.147028773759605
"335",0.228842830085986,0.19046948016883,0.0404991846020104,0.243967382097075,0.1853313648801,0.110889758165999
"336",0.0517843831320774,0.211367662131996,0.0720767454301424,0.0756542800903481,0.514601572202699,0.0745153570127372
"337",0.0873031222160551,0.240557097723255,0.285023535217548,0.0291158375910025,0.269825997792882,0.0881744094592571
"338",0.105455852825554,0.157349120994519,0.122532025340734,0.227828387595927,0.37300713157184,0.0138274816714257
"339",0.0886343237689102,0.152096863768727,0.0772122281749541,0.179335793008768,0.243732319605833,0.258988471672807
"340",0.319797049494869,0.0148258098238646,0.249202992500959,0.059106850337229,0.164931982867135,0.192135314975942
"341",0.00838634177478178,0.302953877361565,0.0846070366149182,0.299060974525468,0.129397986766382,0.175593782956885
"342",0.175724437712514,0.281489818068682,0,0.239731199073318,0.264546079077977,0.0385084660675089
"343",0.0331582846895049,0.111656117118272,0.33697159579446,0.0639293677995242,0.222896559243373,0.231388075354867
"344",0.0293186600146717,0.114345214066911,0.209534017836494,0.239708767733349,0.188674917861503,0.218418422487071
"345",0.0993738035614008,0.350787939535236,0.0963442621675097,0.0387836350746083,0.245998493239467,0.168711866421778
"346",0.160146256663697,0.398242970491485,0.0156654829006078,0.0135596908515115,0.05363548754062,0.358750111552078
"347",0.000896879078343625,0.261219974699272,0.333285640229931,0.071747211655421,0.083012801232146,0.249837493104886
"348",0.186937101945477,0.173103315952071,0.0607914062789205,0.168460810261385,0.18421394399071,0.226493421571436
"349",0.228216072925218,0.327074854594693,0,0.0736724576256404,0.206188347916197,0.164848266938252
"350",0.317123197859704,0.0622680893428906,0.263803392955602,0.164788625332634,0.0676200008761079,0.124396693633062
"351",0.120724500392971,0.234565870609957,0.123416115067418,0.0818759738971763,0.0920317400020812,0.347385800030396
"352",0.115866550114545,0.146258369407879,0.0193992407421722,0.287014089806064,0.221630873530289,0.209830876399051
