"","neu","NK","CD4","CD8","B","mono"
"0",0.0562521149202737,0.270283680525587,0.00789816322200531,0.341699727906061,0.185140317894432,0.138725995531641
"1",0.167686822430698,0.267919199647714,0,0.131266367995009,0.112390451515094,0.320737158411485
"2",0.215186733225327,0.171046965896811,0,0.356652092589483,0.194571136133256,0.0625430721551239
"3",0.202654803700376,0.164794056545694,0.0953518683458679,0.0334028614313504,0.408591926991902,0.0952044829848095
"4",0.226735131522921,0.0729889705875286,0.00149436521143059,0.180880931265547,0.202715552688357,0.315185048724216
"5",0.0981457463875602,0.206333013021854,0.0377501805395431,0.197592923869545,0.267300177975975,0.192877958205522
"6",0.0736419014719744,0.244083238169382,0.24730008733411,0.292509659807435,0.100847032905474,0.0416180803116244
"7",0.0985558880162682,0.268721911050811,0.000135990661044745,0.333885199088037,0.0107424334854899,0.287958577698349
"8",0.382514657003758,0.262781202694695,0.0194370971845248,0.152730294392155,0.155101712802711,0.0274350359221557
"9",0.0721187703170097,0.213656428104187,0.172668908237979,0.114720209682437,0.198106125707626,0.228729557950761
"10",0.269484056870343,0.267722612740464,0.0157093474508166,0.0772404787545858,0.25674445602311,0.113099048160681
"11",0.108898610812178,0.0150586504052991,0.205991300063556,0.42461988981557,0,0.245431548903397
"12",0.106753552630742,0.320801873045567,0.0103493487495971,0.313778161484084,0.0394272801041821,0.208889783985827
"13",0,0.258593556256843,0.0490490046595203,0.208834211118031,0.368178046991746,0.115345180973859
"14",0.0308312543947528,0.111283457109918,0.286636013737456,0.255195323594583,0.228753078992352,0.0873008721709387
"15",0.0789341870620704,0.177409742883486,0.124618948259988,0.15775239838637,0.242984782651708,0.218299940756377
"16",0.169616802862385,0.246052585231977,0.208377714681595,0.115252114254569,0.0848668574688933,0.175833925500581
"17",0.212533184556132,0.104680303078345,0.186620684205793,0.133053967333799,0.0404507573396003,0.322661103486331
"18",0.157366334317218,0.0443473681277751,0.105534894996693,0.149639767975307,0.336194278775633,0.206917355807375
"19",0.144842107989672,0.0380573887179678,0.0121266668319749,0.407318748780858,0.28163840514767,0.116016682531858
"20",0.0916074086001868,0.28293040897945,0,0.199205658049708,0.237376195105796,0.188880329264859
"21",0.0786872661809784,0.247958521582502,0.101508830523748,0.117856270180504,0.326845998696166,0.127143112836101
"22",0.15783156972949,0.234375485937322,0.102382343612501,0.129453528912736,0.269261041222228,0.106696030585722
"23",0.34459126619537,0.175758212494604,0.0226126593647759,0.229549414680543,0.00543205364293017,0.222056393621777
"24",0.213620183215871,0.232364115136564,0.178929040541259,0.243225100615518,0.0886294771312755,0.0432320833595119
"25",0.270134508403672,0.213972732987278,0.0698729588070039,0.0681923020062159,0.299678660991659,0.0781488368041709
"26",0.201845209611288,0.134680918834712,0.193251333970771,0.158209407820475,0.0524112734970477,0.259601856265706
"27",0.0601997234864341,0.280590562629792,0.320207387775902,0.113640910491722,0.024888005480959,0.20047341013519
"28",0.165448835985775,0.286969781810533,0.0510281152096782,0.249537563000288,0.0905424519700618,0.156473252023663
"29",0.0712025647536433,0.0968365388556467,0.185071959884968,0.1313566905174,0.223551172276488,0.291981073711854
"30",0.140348092325626,0.166245786242252,0.120318117765703,0.11936531684565,0.238225755051992,0.215496931768776
"31",0.19685119928728,0.0864883045824369,0.0233810962630586,0.229984378485457,0.203809864910962,0.259485156470806
"32",0.21928806495203,0.195659230160592,0.0676035197103377,0.231870797176204,0.0826008723605907,0.202977515640246
"33",0.119578851259885,0.249694081697321,0.213694974631316,0.102135232381637,0.122862453129383,0.192034406900458
"34",0.245811024994621,0.02584074298878,0.266569233943121,0.253699154143304,0,0.208079843930174
"35",0.238308302755053,0.344381852915578,0.038680304072627,0.321252281978515,0.015347155247547,0.0420301030306801
"36",0.258100649077689,0.166539584675144,0.00357917857834348,0.296185064048447,0.141215752617064,0.134379771003313
"37",0.16832542176106,0.138331120573337,0.102942652171306,0.13977595811267,0.153598865336179,0.297025982045448
"38",0.123612412516881,0.0572133242143368,0,0.433040334198374,0.305684399760469,0.0804495293099379
"39",0.0305895326401274,0.323559459868317,0.218905865817238,0.159968495427146,0.051761338301465,0.215215307945706
"40",0.1276349382469,0.205372327668515,0.135031128873753,0.239181375780433,0.0897110150900611,0.203069214340337
"41",0.190263337291125,0.0916090948875927,0.175890149598811,0.227408034484572,0.145804479106824,0.169024904631074
"42",0.0225614512790282,0.211809963865977,0.0215037979253243,0.338012799041138,0.0461731969224379,0.359938790966095
"43",0.167893500489366,0.11155150519315,0.215409268790422,0.0880607257257005,0.344183113061925,0.0729018867394366
"44",0.229593196588351,0.146664401415091,0.110994985982614,0.0966143360360844,0.349803285571953,0.0663297944059069
"45",0.262530232388402,0.102990054335224,0.0922895376326836,0.289429859775034,0.101510111711834,0.151250204156823
"46",0.175359335923357,0.107145013731829,0.174396625152989,0.178510518472016,0.267978756088423,0.0966097506313853
"47",0.327299952348903,0.0810370045585391,0.0404902240000804,0.346735604688024,0.129597152575849,0.0748400618286043
"48",0.0891156183607254,0.260623418521628,0.0954172105647879,0.293016525647939,0.10024173973519,0.16158548716973
"49",0.24975114207324,0.013875312458585,0.141885865439267,0.00466866179077688,0.190546153170634,0.399272865067497
"50",0.190571581414032,0.0871272880234238,0.00499935542866391,0.273106293618469,0.288607006554451,0.155588474960961
"51",0.0361083053853225,0.335367860333049,0.144135408035498,0.303602639361895,0.1056385723107,0.0751472145735356
"52",0.299502490846072,0.0963768357063279,0.132523397508557,0.0599224501127008,0.17586865958875,0.235806166237593
"53",0.100939919536466,0.123590563324659,0.259562363500827,0.101957155460299,0.192519574858979,0.221430423318771
"54",0.290028494451688,0.144203359713222,0.116786594337528,0.277734762948483,0.0172787882938209,0.153968000255259
"55",0,0.100660893067593,0.223756467415824,0.0890529969654325,0.352743500211491,0.23378614233966
"56",0.0674475635351655,0.238952454774015,0,0.177225294937099,0.470991277568451,0.0453834091852691
"57",0.164166758336521,0.0902534046917849,0.180167376566393,0.291588019901052,0.152574120059598,0.12125032044465
"58",0.121258853619349,0.0476431066724638,0.210737415668721,0.236373239608702,0.203813244714337,0.180174139716427
"59",0.283622234737753,0.0658740014240617,0.13543726340034,0.0430451945652814,0.0704617050579613,0.401559600814602
"60",0.0344685214591889,0.23916980529752,0.0168203085562343,0.140141028146673,0.199787248140839,0.369613088399544
"61",0.113107669681126,0.219957507435032,0.268067201373846,0.0856248454533228,0.0222430305438104,0.290999745512862
"62",0.00118048215164848,0.0967790456607282,0,0.121937253954053,0.590224836209404,0.189878382024166
"63",0.155927734071328,0.204507191057947,0.138397680731091,0.139843766401109,0.225049059536895,0.13627456820163
"64",0.0786895280915076,0.236783776677506,0.220431395982877,0.171040832638539,0.216602768026515,0.0764516985830554
"65",0.0546560197717573,0.301698577449716,0.075607376733433,0.425257419786207,0.099381045804897,0.0433995604539895
"66",0.175696288096817,0.151361242710902,0.117436807547188,0.190850061207903,0.0905575662577049,0.274098034179485
"67",0.268583926856264,0.122636167773535,0.0467040713425545,0.084418859848561,0.45852626345808,0.0191307107210056
"68",0.227401464321036,0.113013872438165,0.0927361832000056,0.294397068196168,0.133353259699732,0.139098152144894
"69",0.149857672439386,0.143428251713013,0.185780666210199,0.0626916388018484,0.205754876520089,0.252486894315464
"70",0.157323375076144,0.172883513692591,0.0109796123532168,0.353398217370405,0.181442783652742,0.123972497854901
"71",0.0616762180561034,0.134204932345052,0.257437113568224,0.102603872423998,0.224168654220564,0.219909209386058
"72",0.393734410263631,0.121780138782036,0.0807017138837143,0.233675841250444,0.0668027682904382,0.103305127529736
"73",0.175022222545756,0.0365972540055708,0.256156297787144,0.210062490787406,0.127880270800038,0.194281464074086
"74",0.0765341143875971,0.166485869958119,0.26820742192771,0.234139981001266,0.246013111877596,0.00861950084771178
"75",0.0966240181976059,0.167577756430809,0.14904910678507,0.322142241750752,0.0786939757186779,0.185912901117085
"76",0.0902854848038913,0.152650547831206,0.265109401352832,0.163116067662511,0.031023026796147,0.297815471553412
"77",0.0942371511858284,0.178092599452479,0.139575682031674,0.250348810013077,0.245651881401401,0.0920938759155399
"78",0.105050669370765,0.187452176731288,0.111037605944311,0.102932401834259,0.227503062932144,0.266024083187233
"79",0.209213160604336,0.025025173873264,0.151181057857881,0.242871396885217,0.292164692327104,0.0795445184521973
"80",0.147572718829089,0.220012873878651,0.169170384364792,0.140857799753552,0.0850273602991003,0.237358862874816
"81",0.177493633005806,0.0519256786155382,0.102063408788698,0.23063783837835,0.0799506512674788,0.357928789944128
"82",0.139172801411118,0.108387950194563,0.184258054800916,0,0.364182402039399,0.203998791554004
"83",0.0665886766116707,0.163370062102837,0.320172610270521,0.278317629028507,0.124964590929475,0.0465864310569895
"84",0.159886437356296,0.289880106419251,0,0.0383524885064728,0.301058526925969,0.210822440792012
"85",0.10821889100639,0.23626350460202,0.100135583814904,0.18127531388919,0.175807137524675,0.19829956916282
"86",0.191388680951144,0.252647200342949,0.00247769714444096,0.00450250711583296,0.368925482725724,0.180058431719909
"87",0.195499060475348,0.265837865994205,0,0.169157284678817,0.193549897788655,0.175955891062974
"88",0.297990338636097,0.230169472217732,0.0322815430737754,0.0699045710847797,0.132367042455667,0.237287032531948
"89",0.188132638519522,0.344228503666299,0.0436828757436412,0.0779279448015997,0.225333761253289,0.120694276015649
"90",0.241068135536809,0.233953304122621,0,0.089291498565983,0.269401258945842,0.166285802828744
"91",0.0502429415587247,0.261319532878288,0.0838853650904367,0.216798948323247,0.201649402627199,0.186103809522104
"92",0.247955750866934,0.0986737976823014,0.00720777779667514,0.375857279002257,0.216347179575067,0.0539582150767655
"93",0.23465367160314,0.170433685014954,0,0.169587567007338,0.146613173805359,0.278711902569208
"94",0.296066414824776,0.0794644291397934,0.2641695651254,0.176746413594913,0.0211063581237595,0.162446819191358
"95",0.286840013181852,0.311041785749905,0.0193628088115932,0.100611138516883,0.0301550826116908,0.251989171128076
"96",0.175577569031673,0.114370882125183,0.170552317737033,0.178991641284728,0.174239230029319,0.186268359792064
"97",0.118988377071006,0.239407162359303,0.208984414744186,0.194339348701871,0.0507850892754522,0.187495607848182
"98",0.2354794580594,0.0418453400054266,0.178656233446983,0.240405842835019,0.0582547611537951,0.245358364499377
"99",0,0.0918713002054776,0.253979445668129,0.34791700041201,0.0907277305967899,0.215504523117593
"100",0.306201657553411,0.284680078329177,0.0624706367580714,0.0107170924273775,0.180454075631692,0.155476459300271
"101",0.209125501443161,0.081026575846812,0.175239702492773,0.27688435425916,0.0174909123960541,0.24023295356204
"102",0.271367436879168,0.110967623485252,0.176940356036334,0.0166634238861022,0.285576200368836,0.138484959344308
"103",0.0106887602849138,0.0597722552699794,0.142428387027824,0.260466722288519,0.260952163942411,0.265691711186353
"104",0.0812517810201477,0.237030052561688,0.133509242096871,0.0500808221172655,0.308541480318905,0.189586621885123
"105",0.128424712699649,0.0492872977641179,0.15263127578861,0.148958283765636,0.272622405216836,0.248076024765151
"106",0.127590041116768,0.0640222868981241,0.223996374954692,0.222088705546341,0.090684759743213,0.271617831740862
"107",0.0253588439592325,0.104183626550332,0.357495936111828,0.119448147817605,0.356927019376827,0.036586426184176
"108",0.224306778110301,0.141927087523799,0.0580272414901719,0.340302175940669,0.0160711766945497,0.21936554024051
"109",0.253329585741279,0.144061782342132,0.0225421530587596,0.0721208670338116,0.153383694532203,0.354561917291815
"110",0.200684899825368,0.14138369009765,0.028695571414934,0.234908411156757,0.18371071507147,0.210616712433821
"111",0.0765484633002249,0.0259182513358102,0.164269367842459,0.343351586381719,0.128492768973895,0.261419562165892
"112",0.0270681146128093,0.190580349292747,0.138918061308025,0.304989865968576,0.272961944276789,0.0654816645410537
"113",0.0978622037522102,0.303000586895417,0,0.125947824143904,0.263059077421121,0.210130307787348
"114",0.111413545922205,0.210644946813845,0.164746219114917,0.0900402204929629,0.176341165767737,0.246813901888333
"115",0.25730308506224,0.13032524477076,0.194592451102498,0.0441997936190188,0.0704864312887897,0.303092994156694
"116",0.0872119752833719,0.324837543745618,0.186965391639611,0.139281334541691,0.25122709100479,0.0104766637849177
"117",0.164980373155184,0.116496647704502,0.138929894621149,0.300158161773583,0.129993679085457,0.149441243660126
"118",0.00735175142344964,0.183152608488465,0.260071428740979,0.309344429951488,0.0285390624285553,0.211540718967063
"119",0.345186272487524,0.00323881633872395,0.14270751849684,0.259127486391172,0.100872768219747,0.148867138065993
"120",0.0937275675838643,0.105381888377908,0.168412616580104,0.0413627116202241,0.278726335855205,0.312388879982695
"121",0.000162239362362558,0.207352769160826,0.156582851210946,0.232160553424735,0.224145412471715,0.179596174369415
"122",0.220273944798965,0.248312283696822,0.0904184306470798,0.0027670288277976,0.255602664162199,0.182625647867137
"123",0.206921322695779,0.114472915894289,0.0802018098592892,0.369562674914423,0.148236880603248,0.0806043960329709
"124",0.219818941366441,0.305011573439231,0,0.0831017411087419,0.0300310350737798,0.362036709011806
"125",0.183981407602329,0.169019855642346,0.0229755638116126,0.142322715812172,0.256776929852258,0.224923527279282
"126",0.17218866238345,0.267343796736894,0.151913262732083,0.041829739238797,0.0520910135104322,0.314633525398344
"127",0.380336589201852,0.137334046661374,0.129364553976687,0.00362451373808733,0,0.349340296421999
"128",0.227394141313398,0.142814913545791,0.00553781687414457,0.11995600473853,0.254125833642646,0.25017128988549
"129",0.0706663688634891,0.262474745400806,0.178319104394499,0.236910953616088,0.0115093200644257,0.240119507660693
"130",0.0389805495263963,0.130947201954365,0.174782615071234,0.306320458507678,0.18415708247833,0.164812092461997
"131",0.0894817885568124,0.181627597350158,0.117481739601639,0.152537783078467,0.213888729621996,0.244982361790927
"132",0.421583567658445,0.114645233818301,0.125534254965008,0.0885567964501577,0.218658993475141,0.031021153632947
"133",0.176813589019064,0.0719237315685651,0.277689983340435,0.0853699765400418,0.378206664235179,0.00999605529671538
"134",0.399669691451477,0.252694188213227,0.0980801040906905,0.0614160268543005,0.0718484128479895,0.116291576542316
"135",0.0727865190755324,0.111017120368104,0.195362861285771,0.155631769261548,0.222606733224236,0.242594996784808
"136",0.0613242445635062,0.195085817019445,0,0.168095653466188,0.332758335342135,0.242735949608726
"137",0.222408188741568,0.0805145289142065,0.00169871492725563,0.349399146881157,0.330461940420324,0.0155174801154884
"138",0.199356976521059,0.109332981306795,0.083603517655109,0.222192684041854,0.233482903956352,0.152030936518831
"139",0.248387812172432,0.0426747244861703,0.295716143497593,0.129891118523428,0.166156196022139,0.117174005298238
"140",0.217976679657088,0.0226848716506874,0.163790367156164,0.0209238074680005,0.259517074007567,0.315107200060494
"141",0.0603914462071335,0.252055135213233,0,0.342456630923074,0.0098061474111319,0.335290640245427
"142",0.167896283551558,0.077221460490768,0.127967028084747,0.273864617899037,0.139514024561985,0.213536585411906
"143",0.279236968092544,0.071447742429031,0.236963814638729,0.27751246539978,0.0354378800192589,0.0994011294206571
"144",0.148368209395833,0.265965929217436,0.113778206537151,0.138328723575051,0.269558713063935,0.0640002182105941
"145",0.0350000458975887,0.320794514479386,0.0173959138732745,0.021373142468444,0.199407539628048,0.406028843653259
"146",0.196207419714327,0.0680239685397895,0.250663899020519,0.226100322854532,0.156175905718837,0.102828484151996
"147",0.017967339767635,0.260699687159323,0.244963943664904,0.237922206701226,0.1372295760946,0.101217246612312
"148",0.228628371563325,0.10043851203958,0.167491100867946,0.202084148369142,0.164335483873181,0.137022383286826
"149",0.247930686576065,0.301344237932169,0.225898189479821,0.0325041638310607,0.107049324866359,0.085273397314526
"150",0.101920841182601,0.0766837424994926,0.268656121477008,0.0821987508299065,0.246525965639423,0.224014578371569
"151",0.159047172936864,0.195617244192189,0.0927487512652542,0.192895924171883,0.172829233412979,0.186861674020831
"152",0.0186965757657393,0.0354264627428839,0.297858031956612,0.233035133166528,0.320477676477847,0.0945061198903892
"153",0.420037898567336,0.0318635588791534,0.132511301418117,0.253946665970936,0.0338583704840948,0.127782204680362
"154",0.0798999295660329,0.0546636581692252,0.279087524063165,0.130699138211772,0.245188006905922,0.210461743083883
"155",0.199181982211384,0.210086230905197,0.248936461955421,0.0881113898485498,0.209567939143047,0.0441159959364008
"156",0.137732147462918,0.271142021806018,0.0260487560785074,0.220268039163405,0.0919962803396145,0.252812755149537
"157",0.0372880839508246,0.191817588708564,0.0466992842115099,0.236169505372441,0.394717344099222,0.0933081936574383
"158",0.155688396886413,0.0638749237832864,0.0610068601484148,0.527571662193841,0.0544706402163344,0.13738751677171
"159",0.190044270957899,0.236941978862437,0.148941765514166,0.0998564449409566,0.123281132171935,0.200934407552606
"160",0.189452008996257,0.28819874773326,0.0529699797635297,0.16083151145425,0.232536539826102,0.0760112122266004
"161",0.119704714114877,0.210521659777999,0.0936539560474871,0.139317675116708,0.219265540637699,0.21753645430523
"162",0.0397356393151082,0.303494068978825,0.317407663461976,0.163573958903568,0.0384111121441718,0.137377557196351
"163",0.0706462626747114,0.264447340275516,0.119964721188619,0.204966365645894,0.0930256541766232,0.246949656038636
"164",0,0.316245772068087,0.118772847884937,0.166336058568385,0.337020349484912,0.0616249719936783
"165",0.241222435976233,0.143247306903289,0.0953122494228845,0.0618390516665851,0.152095184756495,0.306283771274514
"166",0.170413611781224,0.00810663093285417,0.302955393032909,0.157027046744749,0.155970728593602,0.205526588914662
"167",0.023431203897497,0.192160589160952,0.0773215779734414,0.179621955367755,0.222957045605526,0.304507627994829
"168",0.134073795615479,0.0754441763761475,0.231049716758003,0.260259899366698,0.109583217036129,0.189589194847543
"169",0.230084759165359,0.032596815569409,0.0797772755839738,0.245270948212416,0.125298294303963,0.28697190716488
"170",0.26772591337027,0.0640747387379874,0.123488031381623,0.260387468679231,0.167452341666189,0.1168715061647
"171",0.38612944647771,0.151817481236972,0,0.0555244523368401,0.329710090523749,0.0768185294247294
"172",0.224934513695427,0.15948996176324,0.170849213012908,0.179881199090783,0.175705254024838,0.0891398584128047
"173",0.109225742431468,0.0451881652688932,0.160405746503954,0.0911106914384835,0.159569774824211,0.43449987953299
"174",0.0187320257182147,0.235254744253936,0.219106036212409,0.302157286418196,0.0476139476103042,0.17713595978694
"175",0.311346288372074,0.2328087435172,0.068964849529059,0.268756224548792,0.048399407309624,0.0697244867232503
"176",0.137973692815287,0.097773495025015,0.210395646447198,0.143613168044933,0.237253139560424,0.172990858107143
"177",0.233369685124824,0.048645211613481,0.151268969923797,0.150059671886446,0.191851998595199,0.224804462856253
"178",0.180790898011551,0.286896917808266,0.0138956821390096,0.184356551846054,0.0518794966098131,0.282180453585306
"179",0.200138386095781,0.021351343102499,0.227228910966315,0.234543057839037,0.017369324996798,0.29936897699957
"180",0.0250628231164701,0.316241133032508,0.219536704429212,0.0838695378451311,0.0829317813822473,0.272358020194431
"181",0.177630026289374,0.035791439144453,0.208633227914805,0.159886999229066,0.214976099937928,0.203082207484373
"182",0.180137262181053,0.212866703091682,0.116721226810266,0.130853943282904,0.185213819377229,0.174207045256865
"183",0.271855971505556,0.0105600262901989,0.295896559770043,0.0300345128708435,0.228799620214923,0.162853309348436
"184",0.169069041319222,0.268071991718031,0.200554204619995,0.134714462210271,0.154190575668458,0.0733997244640229
"185",0.228774199138897,0.0573858866232012,0.180926753480449,0.233648881992391,0.261417624902944,0.0378466538621173
"186",0.139002418711713,0.0249743084847709,0.29569146992512,0.213517979829905,0.11001432904509,0.216799494003401
"187",0,0.253890884327767,0.378830608444739,0.165026817825659,0.0825443360229295,0.119707353378906
"188",0.162582736303624,0.232311657121785,0.0543552515876468,0.152306800724579,0.188601286479346,0.209842267783019
"189",0.0976395973200187,0.110011097443621,0.126658633061785,0.211835993803681,0.255604072557097,0.198250605813798
"190",0.2227853874345,0.204049696176386,0.0943605524011391,0.133160650816797,0.133289194034,0.212354519137178
"191",0.155950419517849,0.197304218116139,0.096070136458671,0.28726432091382,0.21941761501206,0.0439932899814608
"192",0.159015412646683,0.265863653481764,0.131659995533698,0.149277501372005,0.136020076489977,0.158163360475873
"193",0.10709765848235,0.1225821372625,0.192066494297383,0.337896049536004,0.0578089002111495,0.182548760210614
"194",0.132815529829609,0.221713219018128,0,0.216533373486416,0.219069023208928,0.209868854456919
"195",0.0165559613521046,0.331206140900162,0.0843108116431935,0.320137720010071,0.0272451432117909,0.220544222882677
"196",0.168476481053287,0.260817884457237,0.0836785033159277,0.170404774920068,0.0698740165488212,0.246748339704659
"197",0.0377876556934162,0.230136534549265,0.0568993560932983,0.264607186298375,0.258340175760875,0.15222909160477
"198",0.271732692093442,0.174554246319083,0.0713539507378957,0.0275749557378236,0.307771577980499,0.147012577131256
"199",0.0767936070716693,0.112439416541815,0.096041799263162,0.43787565040902,0.107421141156361,0.169428385557972
"200",0.117768823936145,0.256264000987389,0.239638046926458,0.211499549443659,0.105766246404236,0.0690633323021133
"201",0.13064024944024,0.144697156041738,0,0.12932311912224,0.312585068737466,0.282754406658317
"202",0.156225816485427,0.224610726731127,0.168298784082727,0.273206411840981,0.018567317199831,0.159090943659906
"203",0.261977095985597,0.0870914605139689,0.149781360824204,0.228585591604719,0.249600544358469,0.0229639467130416
"204",0.133830557375488,0.120978971019815,0.222436611469498,0.402108944883057,0.058374924887874,0.062269990364268
"205",0.147609271658696,0.233232633777718,0.155436522515609,0.184001104956514,0.146236396018199,0.133484071073264
"206",0.298499336007258,0.241344619812591,0.000911487608613285,0.223096603312493,0.00814744177163802,0.228000511487406
"207",0.256941464047284,0.285699990383247,0,0.0793472584789207,0.0402839006250107,0.337727386465538
"208",0.210742123737547,0.183163648735617,0.198886711787759,0.203477214983635,0.0316579997904679,0.172072300964975
"209",0.0979573339665004,0.015429488992553,0.193145363058567,0.168213472101516,0.200253136327573,0.325001205553291
"210",0.252806385213165,0.314321821649309,0.0137544372795111,0.144896474713749,0.0108185690664153,0.263402312077851
"211",0.00853354488440626,0.0280702669022625,0.215006019052249,0.348086382667501,0.126430114360678,0.273873672132903
"212",0.131755184331564,0.0410863380648327,0.143410941058411,0.142390794044208,0.286071654069253,0.255285088431732
"213",0.025379097797578,0.230303575521455,0.0550305303532022,0.173678632728447,0.18022049871191,0.335387664887408
"214",0.158602723923382,0.118341033851342,0.178627837239853,0.176389214887316,0.185426118530992,0.182613071567116
"215",0.208498836911201,0.137838201487219,0.0473171046100489,0.151510887469058,0.2834049814036,0.171429988118874
"216",0.251035324700537,0.306115848190128,0.233322577092121,0.0712825744361102,0.0736220048145283,0.0646216707665758
"217",0.261561449154549,0.129681706330418,0.154811956019307,0.17318780054463,0.153707030411713,0.127050057539383
"218",0.136819683404954,0.420919116061793,0.0295709138450377,0.220830440314612,0.123392391486245,0.0684674548873575
"219",0.0415062357085471,0.189284501846316,0.171575546110013,0.18784317889283,0.139969575182684,0.26982096225961
"220",0.266790910538415,0.138246065045994,0.170658419353867,0.254752434034771,0,0.169552171026953
"221",0.153579297816515,0.199397323293466,0.235531391279447,0.0212503699392546,0.145299403961654,0.244942213709664
"222",0.166073615185949,0.0577546440592187,0.0943879388541854,0.061315251127903,0.153195669973974,0.46727288079877
"223",0.158044687833925,0.0836149779840446,0.327299783227306,0.227238323198372,0.100733895884895,0.103068331871457
"224",0.0406861512177182,0.162999452540586,0.155483093805222,0.19091464263605,0.275603531292237,0.174313128508187
"225",0.038296309456062,0.118810501393658,0.221534738981582,0.276843335099358,0.257153445657236,0.087361669412105
"226",0.231513152704282,0.225592347968376,0.0353156341542232,0.110060980821767,0.324111582992438,0.0734063013589143
"227",0.26409361467786,0.273382744990493,0.0815304834657627,0.0915820086695062,0.104813136616538,0.18459801157984
"228",0.0690419274540575,0.122680774560694,0.192323736222855,0.231559561035141,0.130056755291491,0.254337245435762
"229",0.00971695664901662,0.196228595006515,0.149661045124778,0.0157844597249242,0.214177324001124,0.414431619493642
"230",0.209781065463294,0.06666681892884,0.0757149093451445,0.162565275544469,0.212012094724893,0.27325983599336
"231",0.122961193271538,0.258859524516941,0.0984961996136772,0.0622280549152819,0.155566566194232,0.301888461488329
"232",0.211191177253685,0.301397504027007,0.192151862319526,0.0112045290734167,0.103803390686112,0.180251536640252
"233",0.110085165691635,0.0670031579804247,0.193562506567209,0.212750616303803,0.140707335997346,0.275891217459582
"234",0.130654039560283,0.221185508598097,0.179511242993044,0.102545382340552,0.189106713748622,0.176997112759402
"235",0.0911392449166699,0.202173594610306,0.178241426425389,0.0923905038438806,0.290815614597517,0.145239615606238
"236",0.202810775230635,0.178558050236372,0.0905936994071461,0.0416023073435289,0.207596978006915,0.278838189775403
"237",0,0.245751736829244,0.228559100993303,0.278337539429762,0.236240936993661,0.0111106857540301
"238",0.118619237384021,0.234869194847314,0.00325390060450103,0.318723659323873,0.0501162919760687,0.274417715864222
"239",0.00865587647608304,0.0630907794010046,0.309233672784279,0.0275607764570862,0.454042696938357,0.137416197943191
"240",0.13843038192566,0.162879330090494,0.169308785569415,0.21336757143205,0.190419063186512,0.125594867795869
"241",0.0875624607568534,0.0397093063643544,0,0.299795893085816,0.348600381977524,0.224331957815452
"242",0.217487802397649,0.168898850835191,0.207725613889427,0.0593936571829694,0.217015430379339,0.129478645315425
"243",0.276425605036078,0.256419249791249,0.0122037129144647,0.075431032028268,0.30693740784922,0.0725829923807201
"244",0.15833651905963,0.212956309389916,0.206541641338198,0.145225136856911,0.0890824857901612,0.187857907565183
"245",0.0885739328898019,0.253034717833799,0.134167850985244,0.140159296745016,0.239767374322659,0.144296827223481
"246",0.239360818379935,0.276203649883684,0.0332552206851718,0.248149626025568,0.155443409954597,0.0475872750710443
"247",0.0330787957863732,0.108923141861445,0.219812673540298,0.142493756882009,0.192313318486788,0.303378313443087
"248",0.235597374113501,0.0312574179514249,0.112502299620499,0.261998638211439,0.0179181807987431,0.340726089304393
"249",0.135918928168686,0.176850031215508,0.0318759732933816,0.402767848437966,0,0.252587218884459
"250",0.148908278133601,0.108783560012735,0.0457211086348789,0.0471573670974827,0.364720449970941,0.284709236150362
"251",0.099072375407837,0.0648264583619208,0.294567593126337,0.16387764679419,0.0234425152338594,0.354213411075855
"252",0.264023199456631,0.221495713661007,0.0803543686471678,0.0611227453354709,0.170357023849012,0.202646949050712
"253",0.207677324549128,0.0455459887632681,0.182442150113505,0.140495487066961,0.224248009038329,0.19959104046881
"254",0.251271660595148,0.0273388070149259,0.400669451123779,0.037180774977328,0.273609687240619,0.00992961904819999
"255",0.217581980223092,0.138289252610922,0.130022012044123,0.180534088616697,0.119729613503256,0.21384305300191
"256",0.106430095531065,0.165932086867739,0.119476418478377,0.221338057273886,0.246449267593482,0.140374074255449
"257",0.00939071429634984,0.115613895729415,0.385501504444007,0.0698569117440533,0.364446281795895,0.0551906919902794
"258",0.0615240008438819,0.188879530507017,0.242610581589927,0.102070385622231,0.13153586146674,0.273379639970203
"259",0.0884304672269265,0.187293389137744,0.0638982388125768,0.289079904184524,0.0957132439798221,0.275584756658407
"260",0.199340232582398,0.211155591173579,0.224055382022351,0.0190421047716112,0.167055721341939,0.179350968108122
"261",0.0474470705797048,0.37188514015133,0.0999393729628728,0.295194624656164,0.123731267274955,0.0618025243749729
"262",0.127575767771839,0.0126315840165947,0.297115385079289,0.0956746571636281,0.457864555748105,0.00913805022054479
"263",0.112322128344775,0.063595171378848,0.37102982629624,0.234814828087249,0.197841885299844,0.0203961605930442
"264",0.124523140712828,0.203533623256921,0.0632762059567474,0.39347907566863,0.143795093406736,0.0713928609981369
"265",0.147355137719565,0.300547692132138,0.0508131828028682,0.244307600950508,0.239436798538213,0.0175395878567083
"266",0.149063658184535,0.27250163039458,0.0602165405068697,0.243769988153786,0.144179406312701,0.130268776447529
"267",0.00602223680262074,0.0948198365396381,0.0455095230758403,0.189876059546938,0.289550310546221,0.374222033488742
"268",0.108264664143189,0.161256633246203,0.158461998746689,0,0.349499721407986,0.222516982455932
"269",0.19843943118287,0.10312359535913,0.0672694682276302,0.21220787409117,0.160367152234663,0.258592478904537
"270",0.289159572310122,0.304780047372227,0.00111062002574036,0.233152095192249,0.144565307979447,0.0272323571202141
"271",0.194614632780839,0.310790664402402,0.280217923581824,0.0184370424482684,0.144342441363346,0.0515972954233213
"272",0.113244351689601,0.272276674083853,0.15593382278222,0.051845189543492,0.144064560954248,0.262635400946586
"273",0.424355977790237,0.0288253314098103,0.297744270609422,0.102700975931678,0.047511688545664,0.0988617557131894
"274",0.117974180368956,0.179766225437263,0.141062013261347,0.275433128372955,0.0710548743115576,0.214709578247922
"275",0.157861621440125,0.180324862774201,0,0.281742503251909,0.15096186810341,0.229109144430355
"276",0.275389851059489,0.226349323393374,0,0.0205217224100723,0.208993467790816,0.268745635346249
"277",0.112091697974193,0.286669849993894,0.146358829710928,0.19380509594013,0.0715409421835768,0.189533584197278
"278",0.3085534960108,0.0216697691813281,0.125574306957576,0.212211514524862,0.110032969747382,0.221957943578052
"279",0.0985730914387749,0.105281030361224,0.306336083330424,0.121899715118196,0.240450769980114,0.127459309771268
"280",0.0877555582282932,0.031480605235152,0.199651127049453,0.22389951062643,0.198007744510585,0.259205454350087
"281",0.197771178454768,0.139608970753641,0.210547221891489,0.0799838996111895,0.26023132488501,0.111857404403903
"282",0.161143752093902,0.166164783218815,0.085058550039363,0.193041641874685,0.248759317048243,0.145831955724993
"283",0.107960796460359,0.267968363749031,0.134382142384712,0.181598709385481,0.168097193857095,0.139992794163322
"284",0.108058651651875,0.0119734657569133,0.232501738100523,0.212866939432398,0.0705051298899729,0.364094075168317
"285",0.372626843359392,0.10450420272654,0.335692292638907,0.132097179956087,0.0189021965752949,0.036177284743779
"286",0.178584781117187,0.0640363753787262,0.173718256969661,0.160827868347453,0.221609194266311,0.201223523920663
"287",0.379841115921213,0.183860473724157,0.0165204944881105,0.130296121964696,0,0.289481793901823
"288",0.176113511690113,0.253750350325364,0,0.255676093147429,0.110288038217704,0.20417200661939
"289",0.26528546146449,0.245320424081501,0.170017946110177,0.0602300825285858,0.0737161518155445,0.185429933999701
"290",0.108716142599132,0.402504656619493,0.078084937549599,0.159356036436643,0.0636541593982081,0.187684067396926
"291",0.00704576751856802,0.303846017556095,0.11082559318432,0.0226159784087898,0.241903624133038,0.31376301919919
"292",0.000132902863341412,0.383782548811399,0,0.145878538958243,0.276589833788355,0.193616175578662
"293",0.178944382055567,0.12590821324804,0.132421965030189,0.0914897989415643,0.181936087776085,0.289299552948555
"294",0.111876569759161,0.0142880159474898,0.221563508354143,0.112135166163578,0.278515447846582,0.261621291929046
"295",0.222929307416723,0.161834273494618,0.129459121961812,0.0622612187586171,0.15463201404796,0.268884064320269
"296",0.139771708871783,0.27712189478137,0.176081615888041,0.111959921936189,0.0214989001159506,0.273565958406667
"297",0.238360457945479,0.289982017282826,0.0639676323436617,0.266638937764844,0.0162394187160463,0.124811535947143
"298",0.157520998857857,0.201156630421882,0.0970642057940923,0.259517257864653,0.15336187206408,0.131379034997436
"299",0.00672401398176193,0.321408210738846,0.226840093462809,0.251891080806106,0.105581152606651,0.0875554484038262
"300",0.180991793400868,0.162257850213474,0.150896064009232,0.182910895180921,0.0911176638469416,0.231825733348564
"301",0.00852005639533858,0.184836364616749,0.13162569256275,0.254015599768717,0.203832631667367,0.217169654989078
"302",0.0959815637622972,0.24226589642787,0,0.235004941230294,0.148678510476464,0.278069088103075
"303",0.249747136540935,0.213785718830816,0.208003479226562,0.156019268350547,0.0929043674405702,0.07954002961057
"304",0.216246463678773,0.0314981464371322,0.135518318732046,0.150823707024922,0.228605051761332,0.237308312365794
"305",0.187749850142599,0.261285162362759,0.162184595859262,0.0302668963938208,0.182544275145718,0.175969220095841
"306",0.152119453129267,0.171304054876065,0.229498154522611,0.126181440270225,0.124839294690704,0.196057602511128
"307",0.247390768994952,0.148584369355178,0.0945798057633254,0.275418640923347,0.14227139810676,0.0917550168564377
"308",0.18111708694119,0.45643201363273,0.0150069101159699,0.068972761617896,0.125174523230347,0.153296704461866
"309",0.157563782739724,0.0805390983410104,0.356319882655325,0.0192620742277229,0.249030035601609,0.137285126434608
"310",0.0981231859747159,0.134188209000204,0.0585071998925414,0.300718580514235,0.173836673957603,0.234626150660701
"311",0.199189348650416,0.107606921074258,0.0754677930270198,0.240460101022314,0.153379684502627,0.223896151723365
"312",0.291094302735644,0.19032186495057,0.115234898429114,0.151392385281475,0.0725262412257732,0.179430307377424
"313",0.0845140612871682,0.331869013323428,0.215731074845429,0.289702820698962,0.00792700210538977,0.0702560277396234
"314",0.258517868064979,0.076506256961499,0.198682434317843,0.308724694212005,0.115302384861581,0.0422663615820928
"315",0.18536110819845,0.14949234032774,0.213066272470946,0.234518066546763,0.18667609360825,0.0308861188478504
"316",0.0696317839207092,0.177144029827808,0.112592196114786,0.221047434099197,0.202050890599328,0.217533665438172
"317",0.124494797380012,0.114561483486909,0.225697752905625,0.28233805603463,0.142594368553773,0.110313541639051
"318",0.239480031721886,0.0435548094292188,0.295264144225255,0.118475941657616,0.207460854075138,0.0957642188908877
"319",0.136194883682776,0.220897998626462,0.145078433180575,0.0256896037479219,0.345007058668685,0.12713202209358
"320",0.109593569641418,0.212352289905518,0.180359142632093,0.268963284199883,0.0565342011765476,0.172197512444541
"321",0.157360643087208,0.0525741527084175,0.0206729225441982,0.280108393442037,0.0769561835718316,0.412327704646308
"322",0.146192288820749,0.160870386318459,0.19865869293373,0.171736573320596,0.152312858540253,0.170229200066213
"323",0.0812608857986842,0.275567575768675,0.0693663893834504,0.113615654216552,0.129789124177025,0.330400370655614
"324",0.260271191485965,0.193748942744928,0.195300895448229,0.141181806318923,0.199400404040675,0.0100967599612795
"325",0.243118677345267,0.175838893409575,0.194379658724643,0.0910379309556401,0.178038569500339,0.117586270064536
"326",0.0905798376808424,0.256645109501565,0.0619383444206245,0.182361282467891,0.182470827804048,0.22600459812503
"327",0.128099458690415,0.100580731541051,0.0562781728837138,0.269190056272942,0.281894724637604,0.163956855974274
"328",0.0485793701992469,0.147306714706336,0.189306066151145,0.264017885920927,0.0883853102030609,0.262404652819284
"329",0.0875936033383397,0.27633498420632,0.194070323519694,0.318125732809495,0.0167256181043737,0.107149738021778
"330",0.00929056980437172,0.245746628619795,0.238716467241101,0.0562526988909031,0.340767063294992,0.109226572148837
"331",0.0659819233113454,0.247114714914065,0,0.335144808874884,0.109874031327814,0.241884521571891
"332",0.0220665115271173,0.043490910687107,0.115728178211608,0.248148795074489,0.281072491393909,0.289493113105769
"333",0.289697531187464,0.114371183975846,0.0535611681552126,0.0926813953558425,0.071625988169507,0.378062733156127
"334",0.273494369964318,0.241969257475159,0.196093770157534,0,0.127164009993993,0.161278592408996
"335",0.249064815241853,0.213977623680352,0.160902693611179,0.23656963256745,0.0172945068818005,0.122190728017367
"336",0.349948113293368,0.0518439642769625,0.247088297204688,0.0143117016409622,0.0801246002134031,0.256683323370617
"337",0.051748145568305,0.338078293496346,0,0.139925122494247,0.106618998539166,0.363629439901936
"338",0.185275135349965,0.362170312741599,0.110437776379387,0.243456745833956,0.0681860688204223,0.0304739608746708
"339",0.257395072864167,0.13967214469646,0,0.0635815665505982,0.344398919913126,0.194952295975649
"340",0.191183256849522,0.121662260568117,0.101777151421449,0.112413640825874,0.223876340113461,0.249087350221578
"341",0.0882849399576919,0.270296685011651,0.0722573458321339,0.169419760559481,0.254621146646292,0.145120121992751
"342",0.156718315337537,0.0230375065740053,0.210553804667449,0.210157446380022,0.1823487182258,0.217184208815188
"343",0.180445671553618,0.220534358846606,0.179266900809164,0.100628875186104,0.135853176881096,0.183271016723412
"344",0.0733243748315661,0.0297067651602691,0.145860035320672,0.342584812739644,0.317844658605502,0.0906793533423473
"345",0.0665857345066438,0.106224158604458,0.209439527840397,0.159257628716698,0.272672247923081,0.185820702408721
"346",0.173116953053343,0.242026294143307,0.0910271416350245,0.269744574745219,0.100663358436449,0.123421677986658
"347",0.137624100465338,0.173462477931495,0.184340170392583,0.202389666470705,0.16631935571009,0.135864229029788
"348",0.177194221946582,0.0628477464736126,0.190078719390045,0.260189398171158,0.16740144968807,0.142288464330533
"349",0,0.141348564484419,0.207196284081653,0.256754903621981,0.170402469537739,0.224297778274208
"350",0.127061893659634,0.0744555699174716,0.337482716220744,0.318968365232097,0.0704355831735057,0.0715958717965476
"351",0.131950816353334,0.0532963986188623,0.212154148358409,0.0216300106359547,0.291720748176131,0.28924787785731
"352",0.0414474604889753,0.222434150740781,0.174000622536971,0.0734876859572145,0.23478064308123,0.253849437194829
"353",0.243538156897314,0.209281052067703,0.194205793262175,0.0295392159419315,0.293222042879635,0.0302137389512409
