"","neu","NK","CD4","CD8","B","mono"
"0",0.251224926871582,0.0272326816738421,0.204108702436531,0.229962173774194,0.254785235411435,0.0326862798324155
"1",0.0505299066280076,0.188559829448816,0.21899429004046,0.243750960909359,0.0298254794429857,0.268339533530371
"2",0.0607489932849123,0.259528693078112,0.217942835323133,0.0606100372677203,0.270635120286469,0.130534320759654
"3",0,0.297535386454576,0.0215033020741348,0.366778267359826,0.108440385819736,0.205742658291728
"4",0.200970971544187,0.0124352267551511,0.129687629863387,0.223102427747096,0.185372932596112,0.248430811494067
"5",0.153668395112145,0.276230448974897,0.199294060238535,0.0535760084574261,0.0849056036039576,0.232325483613039
"6",0.198239820290365,0.294462177776155,0.179194625904185,0.141462191068212,0.145781090972086,0.0408600939889981
"7",0.164294487333393,0.358131411134678,0,0.324198120874457,0.0459266690951186,0.107449311562352
"8",0.24854729797462,0.0510336684795592,0.177793072978982,0.241726226158163,0.174593005832512,0.106306728576165
"9",0.129332995921957,0.211294623261271,0.148163779434761,0.108232456165683,0.290282299506294,0.112693845710033
"10",0.289228704997835,0.0770492754934356,0.00792230253777589,0.0612086144020786,0.534680458050447,0.029910644518428
"11",0.26098772714385,0.0435333242928576,0.102059171329538,0.247852750911326,0.111955775461255,0.233611250861172
"12",0.11909583436403,0.108790344321025,0.12481686478692,0.225385147715192,0.174243807184328,0.247668001628505
"13",0.185626168480404,0.0379416556724355,0.0656088045729848,0.170761791108486,0.222256678328963,0.317804901836727
"14",0.0516023644639907,0.305813258955202,0,0.230557977104398,0.148083603655332,0.263942795821077
"15",0.0186182721897657,0.0948662689998006,0.216351226024112,0.271330576908844,0.201662378884435,0.197171276993042
"16",0.214110706269104,0.213610230731455,0.0342356274767558,0.272371215401162,0.223713261189571,0.0419589589319531
"17",0.00834927399485887,0.296237580562809,0.237499779840141,0.262631168805509,0.0194004038317972,0.175881792964886
"18",0.0080992343948747,0.24595761231337,0.066676698008456,0.308859832406502,0.170493799295796,0.199912823581001
"19",0.0901582862303007,0.214979764083532,0.0297449110734845,0.23139498434486,0.22441294713038,0.209309107137443
"20",0,0.286747440211936,0.0404485004221788,0.284565873527378,0.254052055251152,0.134186130587356
"21",0.113588403229117,0.0302915731505685,0.135842131504516,0.34368479472199,0.303470164431274,0.0731229329625349
"22",0.0698061270344863,0.266269430020077,0.213332661398691,0.160957550543481,0.189019281917396,0.100614949085869
"23",0.0305032512790987,0.246956852428604,0.170363940893387,0.108736854756826,0.244784927609154,0.19865417303293
"24",0.301315736615302,0.0302909614340369,0.232613735941744,0.109916984741659,0.303752098045302,0.0221104832219556
"25",0.0479183209605647,0.396981919660793,0.0475443458941479,0.178673165195469,0.299772200284292,0.0291100480047339
"26",0.20941365656949,0.35848328633862,0.117776558818006,0.111687287100254,0.0927776543808655,0.109861556792765
"27",0.166628527679605,0.0412403279191626,0.297798819101363,0.129933104964524,0.308159692040718,0.0562395282946269
"28",0.156838855243072,0.20648258581084,0.0418598819206851,0.142283462964422,0.112657718949034,0.339877495111947
"29",0.111994246289013,0.076882169704494,0.18566009861517,0.132351886338493,0.181386347172071,0.311725251880759
"30",0.250047113228356,0.199687545261288,0.144078293559324,0.00872795395366295,0.20628503136523,0.191174062632139
"31",0.11849707517203,0.16436330119818,0.100542709946593,0.219052560691749,0.24660289090532,0.150941462086129
"32",0.165170966542271,0.236171281497663,0.0726740985112012,0.198791525517276,0.25667195528819,0.0705201726433987
"33",0.293238294907668,0.322005870724177,0.1171188860138,0.0809128139337258,0.126916794389789,0.0598073400308395
"34",0.110281974609672,0.0629263176815374,0.275726703025587,0.132630245240028,0.220903031179393,0.197531728263783
"35",0.241152709095989,0.00126552288235813,0.015528724442998,0.221398198077338,0.405294669517697,0.115360175983619
"36",0.175716272541399,0.116469558017241,0.194535189912361,0.171346743205464,0.301119970815091,0.0408122655084435
"37",0.149778800546363,0.0389896716991011,0.245991834262783,0.103360005779007,0.149292247162243,0.312587440550503
"38",0.0208679330604828,0.0822334396026218,0.242392640992372,0.119584403288566,0.199017711071794,0.335903871984163
"39",0.127880088697467,0.166088762105445,0.138120504177112,0.265031197797182,0.247933128002692,0.0549463192201023
"40",0.00621086183814343,0.268122084263099,0.0847303254170432,0.204962931345944,0.0520273395309091,0.383946457604862
"41",0.15706924422128,0.191606589826077,0.19058406287621,0.212156763479793,0.0520209269760944,0.196562412620547
"42",0.0719525856359246,0.0314580396581671,0.182547450779326,0.258368716660887,0.143981234631682,0.311691972634013
"43",0.250762678241969,0.276249527844312,0.0342551144964065,0.233291722058697,0.113777241702642,0.0916637156559737
"44",0.0342672575664823,0.139651587534036,0.159662165100676,0.156002312543837,0.215409738954963,0.295006938300005
"45",0.152346513655989,0.184880627852955,0.0352961259738782,0.120651692279513,0.276889401021404,0.229935639216261
"46",0.0113336805923703,0.208562248686758,0.185734380915196,0.200716805170138,0.191383699211421,0.202269185424117
"47",0.383768557377856,0.0679295866343785,0.190793359919452,0.0274581818138639,0.23717766004079,0.092872654213659
"48",0.210402132515962,0.146191614560619,0.0488740716118797,0.133523055930623,0.217926387251417,0.243082738129499
"49",0.368525587284685,0.356641160294447,0.10425816369207,0.0295109214589816,0.0123100714066457,0.12875409586317
"50",0.320128455477459,0.0824336125839881,0.0321263979362391,0.222103032923009,0.186695770059233,0.156512731020072
"51",0.0136221056586048,0.148770442351952,0.143517839957596,0.132334934883784,0.323424958123892,0.23832971902417
"52",0.189834932467462,0.233345232933811,0.184669566985021,0.162000341811624,0.0513116337333592,0.178838292068722
"53",0.125544824525378,0.277502454832764,0.113790801569094,0.177755663838853,0.133027890995117,0.172378364238794
"54",0.283064536741222,0.127432084928699,0.00939019541407182,0.308935854290624,0.0876660654801335,0.183511263145249
"55",0.127899875535598,0.182894309989012,0.027052142169706,0.175652613776828,0.231339553464309,0.255161505064547
"56",0.227159874463836,0.189003009042939,0.200440764707932,0.172892339134361,0.0386322617676564,0.171871750883276
"57",0.0585156706526958,0.0731560247559705,0.156912745886463,0.147029896417539,0.354657578750038,0.209728083537294
"58",0.188942337464904,0.123807445681467,0.00429077300393286,0.178201690293509,0.23351672779695,0.271241025759237
"59",0.15952121550965,0.160106418113078,0.14368563370606,0.132113041393126,0.180445315372209,0.224128375905876
"60",0.217391423387474,0.171861178385821,0.158279310606587,0.150290688782821,0.173769928131414,0.128407470705882
"61",0.127985469909341,0.178122391204743,0.27022452483568,0.134451908903871,0.0901455017199719,0.199070203426393
"62",0.0401825882104551,0.121339367566325,0.342298062132153,0.0500568842370915,0.180880366372635,0.265242731481341
"63",0.217076262552344,0.203823453355307,0.102473825720549,0.254745312623994,0.122263229290697,0.0996179164571099
"64",0.231294556039811,0.0862462052585494,0.0711852321604979,0.218057787208809,0.106388870559729,0.286827348772604
"65",0.272205763451665,0.0424263887298602,0.0869858451091199,0.121703562069639,0.2347435951254,0.241934845514316
"66",0.0543110033351595,0.222086217144023,0.0979313962768745,0.121288549958905,0.24492909320274,0.259453740082298
"67",0.212386686211238,0.165206815877251,0.17221236781401,0.0836064655286003,0.153831598742472,0.212756065826428
"68",0.129536211963288,0.12468456128861,0.0272902558277728,0.312059670463455,0.0906035543675638,0.315825746089311
"69",0.0301201816623312,0.0531626559429055,0.479600563149812,0.227500577155497,0.0264478844183432,0.183168137671111
"70",0.268664143201476,0.313941528088758,0.0635214793589167,0.0488607540833648,0.174504674931329,0.130507420336155
"71",0.151684917847887,0.0872648441399304,0.340139834763306,0.0445551044668453,0.094617801154727,0.281737497627304
"72",0.290873743749199,0.118305505536654,0.262342401216344,0.0303220312301353,0.104136525425006,0.194019792842662
"73",0.00958146393049241,0.0708611118981056,0.193548921720822,0.261177513417462,0.252367663546467,0.212463325486651
"74",0.26013601037366,0.184719705113294,0.0569144493796412,0.28512005637134,0.186084056541213,0.0270257222208521
"75",0.211652225172092,0.149243866264155,0.183590696596571,0.0707702362309211,0.155059195419515,0.229683780316746
"76",0.201956502686733,0.221819466496549,0.142760966105833,0.0413104399976798,0.166910257939016,0.225242366774189
"77",0.290229963338324,0.264364505384861,0.203870394715053,0.100291354077072,0.0500260208311189,0.0912177616535706
"78",0.225123565461104,0.134291196012505,0.210120011832725,0.19053896254829,0.121334079328136,0.118592184817239
"79",0.156116260548486,0.133150323489452,0.210235790016772,0.129288905368249,0.234029348703835,0.137179371873207
"80",0.0473488369335028,0.276662073667102,0.190923720698472,0.225604893530587,0.188905067388579,0.070555407781758
"81",0.190628329613703,0.23098053766556,0.0240301529084656,0.00131780771170576,0.262792411191713,0.290250760908852
"82",0.140395383970999,0.155417356502934,0.269622539830886,0.280155260113264,0.0604621045843919,0.0939473549975262
"83",0.0869432540955473,0.178480291507948,0.395241280376732,0.239337957235344,0.0508986173089917,0.0490985994754377
"84",0.403680581722697,0.139895768334752,0.36627612578074,0.0138001817911857,0.0194833945169004,0.0568639478537259
"85",0.0899015565558058,0.24946726723657,0.0970254733659795,0.0899019976090123,0.23805094543877,0.235652759793862
"86",0.0179220076579904,0.351434379112543,0.0132017504017722,0.231151827870022,0.245643399462007,0.140646635495665
"87",0.139536916356455,0.0441014848717927,0.125580205164924,0.149624839603348,0.265069840477001,0.27608671352648
"88",0.0428985810815904,0.329667048732718,0,0.0989569548579757,0.313325030544122,0.215152384783593
"89",0.280810306464346,0.159212761919462,0.189004518761957,0.0919958094678694,0.0706386151790426,0.208337988207324
"90",0.0371477631346104,0.167578464662231,0.163757123209152,0.223429261680747,0.224940644565051,0.183146742748208
"91",0.319332089999442,0.11602413233512,0.0296759568477519,0.205626885213157,0.00793919258050251,0.321401743024026
"92",0.0930515524017021,0.125505250705684,0.214456820324553,0.0114150622573587,0.263592109352342,0.29197920495836
"93",0.248785796411156,0.130137562558283,0.0497900977687528,0.10031924819327,0.216081061400102,0.254886233668436
"94",0.128979584752346,0.129953336203567,0.193820552401491,0.183257721078735,0.23638615324153,0.127602652322332
"95",0.198268345879518,0.159616565944182,0,0.247735746722103,0.184190151672602,0.210189189781595
"96",0.0210466690918919,0.15373776255064,0.0923785896964403,0.13692677095914,0.449955738281783,0.145954469420105
"97",0.196724082843269,0.23894737027162,0.102063513631863,0.257901830408284,0.0987385463478272,0.105624656497137
"98",0.169789004669691,0.0279837975427144,0.183127976518263,0.284348483747416,0.0286114267721072,0.306139310749808
"99",0.0794935661616529,0.068577008179315,0.236659176734236,0.274280279902878,0.0909424912769087,0.25004747774501
"100",0.156306137049075,0.15975566474527,0.124043010412941,0.178956219122354,0.0637809565521702,0.31715801211819
"101",0.221174975945319,0.170535228188643,0.107423632696008,0.0794242136127743,0.220237509063778,0.201204440493478
"102",0.269444283503152,0.170939738473339,0.0692021121334515,0.0624888431882459,0.0890729514920605,0.338852071209751
"103",0.158805031653248,0.216208997202076,0.173074883647376,0.184257691599375,0.154172794234362,0.113480601663563
"104",0.149165130958644,0.351655214031674,0.161403361940221,0.121359906652811,0.0319779093769484,0.184438477039701
"105",0.17959517598635,0.250231650565659,0.120506058752166,0.0277359451043945,0.271254960790267,0.150676208801164
"106",0.108806015515994,0.267440929854656,0.0203226479204568,0.219359174709981,0.182661608298855,0.201409623700057
"107",0.170092604551975,0.336718585701873,0.292541087756288,0.0529478398605635,0.0842820665694865,0.0634178155598138
"108",0.0971579314242892,0.202548365869577,0.0295849212651366,0.197964018193757,0.220591270047265,0.252153493199976
"109",0.203934780780119,0.0814881197156167,0.131079101002201,0.251837608633064,0.30138808328655,0.0302723065824494
"110",0.138850616917519,0.393540041355508,0.144151854888496,0.0180835113812572,0.134984336508547,0.170389638948672
"111",0.106758880499166,0.340584126429217,0.0897531897572647,0.254754988777372,0.155397001806284,0.0527518127306961
"112",0.229368207953885,0.170201082360741,0.0943572255124617,0.141828903983532,0.143561301793182,0.220683278396198
"113",0.065190925550462,0.0704416197033403,0.186018550446635,0.291146215049702,0.213367514251459,0.173835174998402
"114",0.227988403602339,0.0380933198854071,0.271661695529068,0.0686794202969334,0.289424391856834,0.104152768829419
"115",0.110474563539091,0.231924706936817,0.118131656855548,0.171967527695642,0.101223791562232,0.26627775341067
"116",0.0470412194361418,0.122228112873941,0.115808946320568,0.238589635285933,0.435931153786178,0.0404009322972391
"117",0.267250396605097,0.157669608695502,0,0.400267975080353,0.133048144440814,0.0417638751782341
"118",0.32930508113952,0.0898823932225737,0.0217734036277954,0.20045376542747,0.3167822467347,0.041803109847941
"119",0.198475297578997,0.177209620444617,0.044644122740093,0.316173834646396,0.121022503625418,0.142474620964479
"120",0.0327408093615454,0.235508160023406,0.461702613194488,0.00476019320189605,0.0608957615585831,0.204392462660082
"121",0.155952882259703,0.0315391442110691,0.0894737150479709,0.228701865016763,0.22020153244959,0.274130861014904
"122",0.0157992150605637,0.148602780760799,0.247637964501503,0.263797409225823,0.259456033959719,0.0647065964915912
"123",0.355763854722409,0.195296611918077,0.0268186825607426,0.103594497345161,0.121918832281675,0.196607521171935
"124",0.163448583274106,0.0948134418320359,0.129487986931346,0.215976340712827,0.206618260507957,0.189655386741727
"125",0.325042050823378,0.0946892596281471,0.00408252467826567,0.289460016485392,0.0866602990369479,0.200065849347869
"126",0.168460012968762,0.0888740772868632,0.119085650038189,0.264273868842094,0.090822362175495,0.268484028688597
"127",0.202120155106878,0.257456546948583,0.102579495175172,0.183684884968275,0.102333629675818,0.151825288125274
"128",0,0.172210641593889,0.238956354961892,0.0931257421402172,0.477383142085152,0.0183241192188506
"129",0.236203080396565,0.188196935771159,0.109122981762076,0.140376704516619,0.0716470412763618,0.254453256277219
"130",0.172103892229673,0.150449713088886,0.218918946021717,0.156762985252754,0.058757811797435,0.243006651609536
"131",0.220320957150111,0.181584759526618,0.106916429707142,0.162992755495556,0.176680170967989,0.151504927152584
"132",0.145260525896121,0.0430942231450369,0.0798454159606598,0.371077176648564,0.117126371126092,0.243596287223527
"133",0.188518466400026,0.224681208048466,0.0720404196119511,0.192892206902887,0.069574009374231,0.25229368966244
"134",0.0605631119824132,0.0155669039461384,0.248609935565189,0.0306236817412855,0.334324070527577,0.310312296237396
"135",0.138288264765466,0.178450800364229,0.210196940886881,0.194853627265047,0.112462464303061,0.165747902415316
"136",0.170559669679381,0.135426849093667,0.114709538140103,0.192841145765748,0.193376200618263,0.193086596702838
"137",0.501411917568335,0.109582136912579,0.0363285345033237,0.29435767093961,0.00517259039104943,0.0531471496851022
"138",0.141116425943102,0.228228721880549,0.0277384637180617,0.19164935037601,0.125064467524439,0.286202570557838
"139",0.148264658269341,0.146961891855273,0.144280436114638,0.169496274555593,0.225356357864696,0.165640381340459
"140",0.170557920127883,0.0372975967729253,0.247605275774186,0.155111641467348,0.134243936725274,0.255183629132383
"141",0.229567164088331,0.132632887289075,0.262561818421384,0.0375735948094523,0.257947356008777,0.0797171793829801
"142",0.211280603360039,0.171620507919201,0.180973547728955,0.0944326741926091,0.0106033615583975,0.331089305240799
"143",0.0456793741449232,0.215446786492266,0,0.425893984783583,0.120067211829504,0.192912642749724
"144",0.252731547841163,0.132294799285829,0.158770110941149,0.111104196700146,0.126748025840905,0.218351319390808
"145",0.0578386194184758,0.0555381602584276,0.297189491030901,0.273886090902235,0.22375185326105,0.091795785128911
"146",0.007781751449944,0.179837937999307,0.113146780686999,0.281317269235698,0.340896608974636,0.0770196516534154
"147",0.238767981595248,0.055012300853434,0.210494451689791,0.015252381800799,0.277430500801938,0.20304238325879
"148",0.105077186725533,0.188429426373431,0.107500458631055,0.278188155811369,0.225848135224622,0.0949566372339906
"149",0.48357392429744,0.177080385602328,0.0777565780150904,0.0519403080331388,0.040292847202612,0.169355956849391
"150",0.10907024242528,0.134583780492178,0.218455886735073,0.124124299718595,0.10967092000195,0.304094870626924
"151",0.176528388117444,0.286422561633343,0.0846981247484051,0.129452512373068,0.249084544622353,0.0738138685053865
"152",0.122004818705896,0.266005418514429,0.144385255882514,0.133907039678842,0.0647803785315935,0.268917088686726
"153",0.140336568927228,0.187586389664427,0.0282178514113512,0.281721610609204,0.0297360526230912,0.332401526764698
"154",0.128945679857356,0.0998673712834948,0.197764976358346,0.0582999407948914,0.260566318384315,0.254555713321596
"155",0.269000924578548,0.0671125655781132,0.163999950975495,0.132837805784553,0.143554663465632,0.223494089617659
"156",0.0621551928244313,0.180258390888058,0.0825057477017901,0.0576896425718528,0.273321314143415,0.344069711870453
"157",0.00316083638967507,0.278295373433409,0.221616422643717,0.242082543332694,0.226128054211837,0.0287167699886687
"158",0.214364558137493,0.104946712376155,0.283343383439779,0.00531198328992614,0.030863713480449,0.361169649276199
"159",0.211095476299042,0.181939129455721,0.335046125620467,0.081234665470576,0.0216973283874286,0.168987274766765
"160",0.0522236988839212,0.350954708306382,0,0.342797660281949,0.169224467751303,0.0847994647764445
"161",0.167607637297576,0.181673345240428,0.0642230806155286,0.14564256822238,0.265261716493003,0.175591652131084
"162",0.154985521901938,0.292788488112956,0.213399834789365,0.025062389118378,0.0140797817448911,0.299683984332473
"163",0.0613409628877118,0.184178984092256,0.22089638660534,0.171131315709094,0.17800899700376,0.184443353701838
"164",0.0193204633542565,0.356814869058064,0.134549793473517,0.295822180844217,0.0622385428608913,0.131254150409054
"165",0.0698681417508317,0.0190301496533344,0.228773689314147,0.00819376090542832,0.355834849708099,0.318299408668159
"166",0.237654964177398,0.21096875873691,0.0356528248442554,0.127971520560411,0.0695283733096631,0.318223558371363
"167",0.263091287748581,0.285198701617103,0.00372153518061875,0.122836150190176,0.102343105787241,0.22280921947628
"168",0.166928114962974,0.292106493085539,0.0578366653395391,0.191616033682552,0.132678017178413,0.158834675750984
"169",0.176520710008667,0.0695768077329277,0.154411417795894,0.0302397710612138,0.23013114161948,0.339120151781817
"170",0,0.2682111612895,0.0203545322935211,0.328788725894607,0.323565832400258,0.0590797481221135
"171",0.213750912252226,0.153492860345478,0.206047231258028,0.103932022365293,0.0611832190597598,0.261593754719215
"172",0.237973074060831,0.178815087029163,0.0503268343742339,0.0530781380658543,0.0413230245060482,0.43848384196387
"173",0.225537763491537,0.0613210831375545,0.0634130159024086,0.291840123360876,0.141815668701463,0.216072345406161
"174",0.249735711090959,0.0902593469242794,0.248834921274585,0.131272193958538,0.0917905453582998,0.188107281393339
"175",0.11038692245764,0.053746478000713,0.183684834256697,0.267287865452465,0.108584163904443,0.276309735928042
"176",0.239539719862154,0.0249483161651988,0.171539064555069,0.132722567195964,0.0614959767177728,0.369754355503841
"177",0.0330637439193487,0.107715973021732,0.179831848617039,0.376144338307762,0.291474048174332,0.0117700479597864
"178",0.00445124971015741,0.321942912616832,0.080948915933502,0.0535529902222995,0.246360269001033,0.292743662516176
"179",0.129519072836614,0.0916090481075081,0.125005239325298,0.161313876882261,0.185140161960175,0.307412600888145
"180",0.20230145378713,0.313002123502813,0.289849085889463,0.0443984421035523,0.00219074441939212,0.148258150297649
"181",0.101850861208335,0.160921100113894,0.218393025023398,0.0312323585024383,0.235870791807144,0.251731863344791
"182",0.142268908380867,0.173120924559407,0.224627463531362,0.052564289205377,0.196390951548254,0.211027462774734
"183",0.117351946576892,0.0240842010398179,0.117089509118601,0.323305318863134,0.148306626899701,0.269862397501855
"184",0.0793066797623749,0.100790188446868,0.123931614431382,0.258712402806537,0.10026375080716,0.336995363745678
"185",0.0974151879851133,0.146662808753256,0.188775759872756,0.248889542301333,0.0290764514540868,0.289180249633455
"186",0.247874162185662,0.219294121793426,0,0.0651843219846652,0.0514154374292372,0.41623195660701
"187",0.166495031012055,0.243875740505363,0.0208068203576529,0.177345484441592,0.214571139786219,0.176905783897117
"188",0.33113187149243,0.201875698873625,0.0249431320406322,0.0981456826305888,0.269305930912204,0.0745976840505202
"189",0.142307946107344,0.0123625132819973,0.231014928459833,0.137203985650218,0.297394859971661,0.179715766528947
"190",0.0315022032799337,0.195086005304049,0.175907511638519,0.190880846518465,0.0914436077629428,0.31517982549609
"191",0.105471844260843,0.109671957650255,0.0454572827275986,0.216933874232543,0.35452848343676,0.167936557692001
"192",0.220193627464142,0.0965665779015886,0.0903410819658916,0.140329552782825,0.151251470897604,0.301317688987949
"193",0.146830104551156,0.0877476390765839,0.124531228767411,0.201671933501353,0.214942117713525,0.224276976389971
"194",0.146691791724634,0.165394982152409,0.0619559498825372,0.120139672476055,0.275518927776926,0.230298675987439
"195",0.097875148405122,0.119310104761924,0.191476199386518,0.202374049368374,0.227538712191725,0.161425785886337
"196",0.128473503741429,0.0715103368425526,0.199093199343958,0.0324420762852364,0.128657795802018,0.439823087984806
"197",0.110828171174165,0.190218752484254,0.0556555017136972,0.20261715484712,0.214311615652451,0.226368804128313
"198",0.230878985165191,0.19572267825338,0.0314856437991414,0.205914732224131,0.133864241458725,0.202133719099432
"199",0.0762308172866398,0.36237871105384,0,0.366584653663197,0.0696502612198058,0.125155556776517
"200",0.204603267662527,0.174792580479604,0.263890054422055,0.161876743133339,0.121033681379297,0.0738036729231785
"201",0.0801021952848948,0.260115069321321,0.193260384769506,0.227481939428369,0.0296673060969152,0.209373105098993
"202",0.0475911243458377,0.366649562128236,0.387408168285767,0.0727484478507514,0.0926807403590358,0.0329219570303726
"203",0.25635722082611,0.144053257510911,0.101322985178839,0.157441847725895,0.289306872276149,0.0515178164820956
"204",0.0497931669327904,0.211930507650941,0.184671392856246,0.170626240873398,0.285617752675075,0.09736093901155
"205",0.326985932957817,0.148941084399352,0.0313920170018609,0.102405521660448,0.0302775967109302,0.359997847269592
"206",0.251514905408162,0.209416212250633,0.230537355029608,0.0856884853262113,0.0195586830731177,0.203284358912268
"207",0.078660691857343,0.135652714044721,0.245946040217302,0.171990632541205,0.236767208100942,0.130982713238487
"208",0.0224903492416431,0.228084949236653,0.0673853186001579,0.1891981931973,0.2027097700826,0.290131419641647
"209",0.235062573027352,0.214670960898213,0.127904253410584,0.273276624379037,0.0594363974373381,0.0896491908474759
"210",0.273137000135105,0.0552194336700764,0.196130564203193,0.258636287733873,0.0663246990795543,0.150552015178198
"211",0.137534677764746,0.0457317072298903,0.0144699112747433,0.310067667798174,0.148982195984934,0.343213839947512
"212",0.127246127707054,0.331146066362788,0.15148690973178,0.00548707249799771,0.348027729843403,0.0366060938569781
"213",0.231935159285642,0.175883482752911,0.143329260781682,0.124094250416207,0.0800237902132421,0.244734056550316
"214",0.0997450361500552,0.296219223878923,0.0359925870180705,0.200208178942483,0.278132047307514,0.0897029267029544
"215",0.0620150994167426,0.05183955144306,0.310011329826684,0.00990012549974201,0.254211143115828,0.312022750697943
"216",0.137492544595918,0.337414652265701,0.0132304889634583,0.222410961957451,0.217401478079583,0.0720498741378893
"217",0.37750193638097,0.0889134077940604,0.0526009882421181,0.0495450859187848,0.0815666442996836,0.349871937364383
"218",0.266492378821253,0.0362410887244438,0.353228714113803,0.078159569733372,0.230289182613504,0.0355890659936244
"219",0.0788878761752592,0.183965663093265,0.262731410890471,0.185926192838202,0.194987016464938,0.0935018405378649
"220",0.16859088252988,0.268099102826383,0.0817944791018624,0.200864950060896,0.254119041403695,0.0265315440772835
"221",0.0213070411954554,0.218907279667093,0.389212336411585,0.207225168803992,0.00930419687136385,0.154043977050511
"222",0.108945147313783,0.364878245085978,0.0610706999406199,0.191919016813309,0.165626048512018,0.107560842334291
"223",0.1204728844613,0.174530583015296,0.0967169651808192,0.213276124491371,0.156377336603957,0.238626106247257
"224",0.117115121331559,0.119112763390518,0.189680417838596,0.180691520321016,0.235052730704641,0.158347446413669
"225",0.249912287034748,0.366517899769445,0.17920773400097,0.0217872016750758,0.0223250809563318,0.160249796563429
"226",0.232581370065934,0.0393526499431082,0.2036646787869,0.0752473714803719,0.0910315763872245,0.358122353336462
"227",0.305229457223655,0.0438218388774477,0.255913302521576,0.058695996361755,0.242468998839786,0.09387040617578
"228",0.202001938118835,0.31201325370621,0.3238275559193,0.0324888267530173,0.0741351669277034,0.0555332585749336
"229",0.0805144978521385,0.0794204571595777,0.195231090076629,0.283309645853389,0.0407964728100825,0.320727836248183
"230",0.0269014890916474,0.156147156058423,0.20000242184684,0.227833746402471,0.336133561140579,0.0529816254600404
"231",0.0150095174927594,0.270396592779662,0.145043559909888,0.020456426703162,0.293204230732134,0.255889672382395
"232",0.239479544693276,0.533765976143803,0.013383503749571,0.111325879173524,0.0187466183699058,0.0832984778699209
"233",0,0.32970666206157,0.102175052010958,0.130639664722756,0.160936118323858,0.276542502880857
"234",0.0970981593551874,0.0744845220479848,0.227880155331628,0.222204261544562,0.281161077282341,0.0971718244382976
"235",0.216496463627266,0.230338747210565,0.0780770039498109,0.201080137347196,0.0491923101665856,0.224815337698578
"236",0.169152943702651,0.0704928013336947,0.0534242624387794,0.222754111965656,0.0387553895202824,0.445420491038937
"237",0.280098040915021,0.10907461027958,0.250664693622555,0.0735977954118055,0.0491898949990968,0.237374964771941
"238",0.0252756201707954,0.458072985490344,0.116600765867818,0.0100336812804638,0.205390770244943,0.184626176945636
"239",0.211326015205968,0.136323344523271,0.367665867502955,0.0389251730952437,0.211374793476857,0.0343848061957052
"240",0.221401295022804,0.0469586572216441,0.188339799264644,0.063324265568935,0.142385532475344,0.337590450446629
"241",0.288152310221434,0.286870642956736,0.0344926475552476,0.183463146776842,0.0386170572883437,0.168404195201398
"242",0.179263701065599,0.186910709743179,0.157548917438811,0.100180254251028,0.168090183389179,0.208006234112203
"243",0.110065447239219,0.119910428820433,0.293112477282866,0.0299864633100565,0.234193278660543,0.212731904686883
"244",0.251278190001497,0.231395227194664,0.211854086015327,0.155450800879894,0.0596133912410462,0.0904083046675715
"245",0,0.0408152479702307,0.254247533552782,0.346046521588938,0.196201136368833,0.162689560519216
"246",0.0429879121667075,0.148426127133615,0.185112325933095,0.202847552979477,0.124054277578353,0.296571804208753
"247",0.0599640851406114,0.242051948306702,0.436161088597366,0.0657860622382759,0.123989948452401,0.0720468672646432
"248",0.0562445323919184,0.103682808804407,0.245072129814403,0.367813741657891,0.161799605706475,0.0653871816249056
"249",0.0616111891463775,0.198506801434795,0.146950404505366,0.0819768275048307,0.254027458526091,0.256927318882541
"250",0.0881416233668011,0.0282787453365423,0.213207394382782,0.25279830547283,0.138075461642859,0.279498469798185
"251",0.0499811390907479,0.293161577743374,0.141716973576262,0.150541770684493,0.0731982109330568,0.291400327972067
"252",0.287965020634607,0.264758130126983,0,0.140435945525774,0.0797933153695976,0.227047588343038
"253",0.070847395475222,0.309477484440353,0.146767705868684,0.135191522473626,0.0960892241689335,0.241626667573182
"254",0.229462749666886,0.151667891895288,0.0330631315165665,0.156003641321528,0.36136501860634,0.0684375669933912
"255",0.109447408647065,0.231513893997158,0.139809447013948,0.152462087432871,0.165005023301933,0.201762139607025
"256",0.237671384327973,0.0831342565166286,0.265175322409906,0.00472019648762698,0.290200082174588,0.119098758083277
"257",0.179081005461973,0.23182806544488,0.102971116148235,0.0589513530117764,0.257513365656362,0.169655094276775
"258",0.22489665682345,0.169716368803999,0.271168773541211,0.106672087692211,0.0286078238838395,0.198938289255289
"259",0.147518931916676,0.196404185393229,0.0190375281326247,0.186639417095868,0.265692976970042,0.184706960491559
"260",0.273718858014926,0.0414935105731582,0.26248661144198,0.223678790376955,0.0144928292812653,0.184129400311716
"261",0.182742091362631,0.0357265192071773,0.274840768617834,0.355353929534364,0.053542650975957,0.0977940403020371
"262",0.108306997568419,0.226801231824019,0.23027879468889,0.00516711411428126,0.355515667751567,0.0739301940528242
"263",0.128971053240209,0.306492938085347,0.125008349557614,0.0663220548416436,0.281226178040828,0.0919794262343588
"264",0.0991911405135628,0.130971037975918,0.0491922787303572,0.281039897471052,0.191999906334856,0.247605738974254
"265",0.06877709234642,0.0617023679852203,0.183135577782445,0.354583217120814,0.0168118133046965,0.314989931460404
"266",0.0307195507988279,0.230706285515915,0.0769579593666568,0.190073433806859,0.192068000750784,0.279474769760957
"267",0.0594043442514967,0.270583761868844,0.0816928192686599,0.263790919144073,0.195487885701024,0.129040269765903
"268",0,0.101820500845476,0.303733915245748,0.29944312348874,0.0990572266729706,0.195945233747065
"269",0.262354095158545,0.133907943718925,0.232078149141691,0.111867930651762,0.176442890591761,0.0833489907373165
"270",0.182103731490693,0.16612820564785,0.151169911663672,0.00467761501202423,0.3962245579026,0.099695978283161
"271",0.120064455077374,0.230049991609278,0.112811199088658,0.121525960633996,0.204524937472796,0.211023456117897
"272",0.291929814376136,0.27476105379351,0.0349286028930505,0.204855356704406,0.0791961626913107,0.114329009541587
"273",0.099404492650215,0.194315789810898,0.0579492578379845,0.293207804882692,0.0495631734670422,0.305559481351169
"274",0.237852177921081,0.165548089188856,0.137420524556066,0.244782490795836,0.176830449175636,0.0375662683625254
"275",0.0862637568717762,0.161750920904796,0.200124480706326,0.128616652614577,0.288220764982008,0.135023423920518
"276",0.218758088158137,0.0112032750666158,0.238590549733658,0.0299552749582791,0.266333071894753,0.235159740188557
"277",0.0676298653663364,0.0778066323668844,0.317939621730527,0.242000406001453,0.061864007388436,0.232759467146363
"278",0.0970749090938909,0.0566294499717516,0.132177271940752,0.257358442852427,0.14838308964252,0.308376836498659
"279",0.148097733218013,0.291216223355729,0.178884590412499,0.182539526226079,0.0509575709146964,0.148304355872984
"280",0.371665141890873,0.104882657018547,0.169435351129683,0.0774545048433308,0.226580959676063,0.0499813854415034
"281",0.0987090234310544,0.206325351495006,0.176841229949774,0.132531209218305,0.176736567567736,0.208856618338126
"282",0.0521896123159905,0.0890061554262258,0.346578265032776,0.189385696574444,0.0322995202203483,0.290540750430215
"283",0.188873381683531,0.12314037654958,0.189636093145705,0.245126842262528,0.171338324915845,0.0818849814428113
"284",0.317511463643232,0.0309999427750692,0.15436925858466,0.119980677164187,0.166832779917687,0.210305877915165
"285",0,0.330021725780786,0.0687007853127234,0.0459249696917691,0.430214187293838,0.125138331920884
"286",0.226275045487221,0.0204302461279009,0.24070118398011,0.234191830995755,0.240000554709954,0.03840113869906
"287",0.283768125681282,0.253064893260421,0.000817663867944421,0.111512345513634,0.178686876655226,0.172150095021492
"288",0.161414566086858,0.0805274565999322,0.152331129643421,0.0694913263059381,0.309645376612713,0.226590144751138
"289",0.209641565776519,0.117236203589915,0.238472585295772,0.244735779659184,0.0445911221458358,0.145322743532775
"290",0.356925007535722,0.196950684120232,0.0833039499254773,0.201195334721779,0.112624789072924,0.0490002346238656
"291",0.219128223692653,0.25412001679068,0.0494892618902179,0.172467393308496,0.1237480369876,0.181047067330354
"292",0.263008002069896,0.174437283070211,0.0913559246801886,0.277407226157491,0.0898660998864317,0.103925464135782
"293",0.0279192031238724,0.235739775627873,0.0155636681167547,0.234053730543627,0.0399040634952713,0.446819559092602
"294",0.127557430616174,0.114362444436472,0.272305569712958,0.348258626088194,0.0574348615246644,0.0800810676215379
"295",0.286883954813142,0.18669284026253,0.0601365539124974,0.336798274729873,0.0873049730399456,0.0421834032420109
"296",0,0.132769971861637,0.327902690994804,0.321786286091531,0.0396875774928985,0.177853473559129
"297",0.0313458900127236,0.106102361071134,0.310833861760772,0.172950874342426,0.321569830559012,0.0571971822539328
"298",0.15023812182706,0.133001634108015,0.109628428018936,0.0801454851900798,0.308896694308696,0.218089636547214
"299",0.150484481698184,0.0635425705961693,0.233365121517505,0.245994298800089,0.0208970260432921,0.28571650134476
"300",0.0811696256818034,0.175154699192275,0.0445339519949394,0.22236539045248,0.131242394522293,0.34553393815621
"301",0.0026888989489933,0.236065754100489,0.255929515281382,0.14482077126759,0.12347521397391,0.237019846427635
"302",0.091111887028893,0.0280301553856893,0.319267846366351,0.281251500187877,0.00484475070088173,0.275493860330307
"303",0.191424046132261,0.328086665238668,0.254816960283594,0.145747775673439,0.0422352189261053,0.0376893337459333
"304",0.100740846233746,0.208161738822274,0.178187536978408,0.217392632058068,0.0825703552968846,0.212946890610619
"305",0.128591834340964,0.204436963546214,0.0728344041100186,0.210444091695685,0.276547200521661,0.107145505785458
"306",0.135533704813839,0.216311052994205,0.17666758560108,0.252396774404132,0.153253522607477,0.0658373595792669
"307",0,0.140636900495526,0.217684130383451,0.0917058763169687,0.30218161250905,0.247791480295004
"308",0.193826153483663,0.226142367566188,0.142499471961296,0.187428755664176,0.056244952577129,0.193858298747548
"309",0.249312179419025,0.316556578982713,0.0431986753798197,0.236047282698702,0.0802813907014577,0.0746038928182826
"310",0.1608454340312,0.34014651501717,0.00504280028262379,0.0293685454509099,0.2288908990404,0.235705806177697
"311",0.290582254368452,0.291255493303853,0.0864357321717868,0.181953700760484,0.143830935668248,0.00594188372717693
"312",0.139495989535046,0.085723744739863,0.0550343391543929,0.150386681137419,0.148928190013562,0.420431055419718
"313",0.0902750775410629,0.217294270369308,0.13095897667299,0.123194308013956,0.203484791166186,0.234792576236497
"314",0.243252868132757,0.116982719008188,0.179498662917743,0.286258651404234,0,0.174007098537079
"315",0.157237206123844,0.310984710692719,0.0568484047742443,0.344989677650019,0.0139432941108611,0.115996706648313
"316",0.0118173033624906,0.196200998773568,0.135990452343136,0.180711719596735,0.253694239874407,0.221585286049663
"317",0.0794960602187609,0.16265659083273,0.150426108240422,0.169089536000334,0.246604857634133,0.19172684707362
"318",0.189184814801757,0.332444683790555,0.0701619856860286,0.180129848458853,0.197790645696177,0.0302880215666295
"319",0.259147234954412,0.0742829168571961,0.218367274713718,0.052458600251117,0.0901594338518298,0.305584539371727
"320",0.25827403165602,0.0183052979455193,0.362177972021698,0.04590234149902,0.305220935696698,0.0101194211810448
"321",0.188802989428789,0.243011609283026,0.208197239407484,0.182655413243991,0.125013846437037,0.0523189021996732
"322",0.196813152150151,0.18727833223709,0.195294527727816,0.113460145994864,0.0827260569786602,0.224427784911419
"323",0.280641015179605,0.052830340167162,0.291318710844489,0.134502637217854,0.00672806350542092,0.233979233085469
"324",0.187098021932255,0.176255385173943,0.0316331749283469,0.159997397465461,0.244701182724053,0.200314837775941
"325",0.186733273539529,0.0648673248299722,0.171338447392872,0.181149698136724,0.223983982747925,0.171927273352977
"326",0.168320622076278,0.252772531816933,0.177356615815393,0.22667980516745,0.167841153559049,0.00702927156489699
"327",0.11959445045202,0.229155754241215,0.250114451372223,0.187267262611034,0.0822632597123483,0.13160482161116
"328",0.329765693851787,0.0385319421282727,0,0.15908011090972,0.0961842822300486,0.376437970880172
"329",0.101377543497526,0.170767353484191,0.162396071328482,0.181951664684617,0.195559965175614,0.18794740182957
"330",0.0861037907314471,0.160127613943522,0.0894530668696573,0.228090635428136,0.245817031281298,0.19040786174594
"331",0.108365434788581,0.203586637398834,0.336435079250617,0.0708365435359936,0.196843597694285,0.083932707331689
"332",0.0699451450655854,0.0782698597080312,0.172712970023762,0.250203143656318,0.0780342371214242,0.350834644424879
"333",0.254903221602555,0.222102620459371,0.0651278870361276,0.144262435949573,0.124406660788274,0.189197174164099
"334",0.175878812540592,0.169078307448976,0.098297858292132,0.159130968518237,0.184455492345962,0.213158560854102
"335",0.253146350161852,0.0576327451039743,0.362242377297765,0.137377078330262,0.0921432219162491,0.0974582271898966
"336",0.372040941940311,0.185562580417821,0.168114662786067,0.121732896619133,0.090449680151529,0.0620992380851391
"337",0.0566717576667589,0.171694036502364,0.0745102122556153,0.28344270388603,0.286103845386333,0.127577444302899
"338",0.348761111772754,0.131301438813777,0.217654792425709,0.162346412523358,0.110805722522244,0.0291305219421583
"339",0.198848219305274,0.275199844892709,0.0264823362905339,0.108558716112333,0.0822509190044484,0.308659964394701
"340",0.207661574644003,0.253527788638842,0.0881631655784002,0.24479499677253,0.120684408268165,0.08516806609806
"341",0.0600971629288696,0.222270651558676,0.104609555285108,0.158990103150196,0.190706679677572,0.263325847399579
"342",0.120141822815093,0.126397131502587,0.285021949896845,0.184912435369354,0.0167888158912504,0.266737844524872
"343",0.102691930054707,0.025267339647901,0.0197314628072109,0.171811712107977,0.216159388320728,0.464338167061475
"344",0.138411934667539,0.175645322331447,0.148780260202421,0.0775290842285341,0.395724712093932,0.0639086864761272
"345",0.187548424717538,0.218105648993817,0.0146604335717723,0.190141483396955,0.214703631326243,0.174840377993674
"346",0.156434232109302,0.178836704003881,0.00908240208152552,0.239700587733076,0.20242681066273,0.213519263409486
"347",0.116985715894482,0.232192568371794,0.240147240861357,0.264323368444143,0.0800016980388734,0.0663494083893512
"348",0.300688721160069,0.112945994283448,0.0711417892720891,0.0227541142061555,0.120031292818541,0.372438088259698
"349",0.171050687316653,0.173620849911078,0.188069110603319,0.13314679537304,0.132921636013771,0.201190920782139
"350",0.330263398861056,0.128109172431492,0.0137856236787213,0.247698398567623,0.0402098065288164,0.239933599932292
