"","neu","NK","CD4","CD8","B","mono"
"0",0.0791442869391899,0.1627767095532,0.18614439090272,0.175591438173527,0.227441305168861,0.168901869262503
"1",0.141141999967095,0.109279048196575,0.0355932970812117,0.191624285602849,0.194661354769289,0.32770001438298
"2",0.18935777358098,0.151782445813277,0.147710685344234,0.111030858907786,0.186369897034057,0.213748339319666
"3",0.206544295905135,0.289748561123537,0.0663651645284345,0.0480890755967933,0.223227579204376,0.166025323641723
"4",0.110850111397162,0.138844499653314,0.190169190100844,0.228192969758267,0.0892276671563525,0.242715561934061
"5",0.0714706113082513,0.191088926839853,0.2220815509108,0.205934219482721,0.135064615608467,0.174360075849908
"6",0.218962851987207,0.0840498522561792,0.176753355635412,0.201444079820719,0.296515551666808,0.0222743086336748
"7",0.110202820573989,0.26463599774785,0.208437391110312,0.101948794255613,0.0722620197065187,0.242512976605718
"8",0.199787903252453,0.254677430575293,0.14389617558921,0.0698614525391192,0.24041104727255,0.0913659907713743
"9",0.224887843829843,0.0794648042911473,0.0585191087412277,0.19741624154271,0.233493434462095,0.206218567132977
"10",0.111233984490534,0.288613516283802,0.2681591371753,0.186141889411935,0,0.145851472638429
"11",0.238731322841086,0.137498925615837,0.259629756212719,0.0810199786740109,0.0899403907288786,0.193179625927468
"12",0.10665046143402,0.0272074906319216,0.212248674448495,0.190261632020069,0.22902206407215,0.234609677393345
"13",0.114412690465586,0.257639554716057,0.0532492945270668,0.321841501654853,0.223722022901664,0.0291349357347745
"14",0.0808311553346972,0.132130934909278,0.0241560640020309,0.365160765933547,0.377806833789511,0.0199142460309366
"15",0.00678377268718115,0.331972424176108,0.114326227479798,0.275182285971452,0.221510573966268,0.0502247157191928
"16",0.0048176825578372,0.104268298785941,0.137230831285772,0.0401718066091052,0.314001891516244,0.3995094892451
"17",0.0736188268318379,0.0111493996117581,0.235308903610001,0.231374610356483,0.336660196853321,0.111888062736599
"18",0.0399182979236673,0.355526714515475,0.0118028063575795,0.160397902458359,0.26663065144214,0.165723627302778
"19",0.223855881761693,0.0233420732544409,0.240882353634047,0.242005919112798,0.260035309735256,0.00987846250176562
"20",0.267457234243513,0.0590692567378509,0.0264923904530635,0.048959441874693,0.287175294120829,0.310846382570051
"21",0.196658725773541,0.131725121777389,0.171939420578712,0.203736708214312,0.194724547395284,0.101215476260762
"22",0.0842375408684661,0.126375850391858,0.216395761557835,0.134131272791914,0.0741013492952094,0.364758225094717
"23",0.455102390734649,0.102396836698474,0.195589047688325,0.166668216808793,0.0488040424051067,0.0314394656646519
"24",0.118882487856759,0.1855991752324,0.00233914457513538,0.241075144060501,0.202585738272344,0.249518310002861
"25",0.0446992381582716,0.175231529029856,0.184453907941984,0.452794828267219,0.0463385331904425,0.0964819634122273
"26",0.168971786027314,0.204379598724942,0.117686822406821,0.215790362416839,0.133506389100796,0.159665041323288
"27",0.208556343119766,0.242885067896209,0,0.160435657067748,0.124546995485293,0.263575936430985
"28",0.152855179456546,0.111172146473712,0.304486139012455,0.0963515041916242,0.0997804474174715,0.235354583448192
"29",0.266903857892311,0.15608043702462,0.169848422551914,0.11085482786561,0.00980500433907415,0.286507450326469
"30",0.271753160023442,0.247066211243348,0.0244419673223821,0.201833653589378,0.234884617267694,0.0200203905537559
"31",0.227751716718793,0.079434657063906,0,0.159576596091278,0.252372708887632,0.28086432123839
"32",0.138700828565924,0.142524570075409,0.0477999016288419,0.22035720213164,0.214165257787084,0.236452239811101
"33",0.0371914135200491,0.4089843691289,0.101191389410104,0.0328995871154543,0.0413035060877862,0.378429734737706
"34",0.187763939451554,0.19300578345315,0.121521646612369,0.223056901060919,0.178296854636393,0.0963548747856153
"35",0.349658824830167,0.118815051508666,0.232305328219362,0.0282100175996611,0.225439956657576,0.0455708211845683
"36",0.145032154662877,0.0853683262712677,0.252288155982707,0.151989609648593,0.280263590273778,0.0850581631607774
"37",0.130265404281609,0.248068669858795,0.155134757369859,0.120894936751402,0.218380140601327,0.127256091137009
"38",0.188437254523211,0.242521045737431,0.0642387343828053,0.151022746370733,0.230093353775746,0.123686865210075
"39",0.0187583199594793,0.0560766302918522,0.0985326628059596,0.0701326287747262,0.291861173573497,0.464638584594486
"40",0.297787992005627,0.366207641139898,0.101113353178159,0.0177519026021729,0.12466157379392,0.0924775372802226
"41",0.320159813802467,0.260384402367713,0,0.0313515315709663,0.132866034508961,0.255238217749892
"42",0.088992915795681,0.122691607208665,0.105299440008005,0.262044753578855,0.120138919675947,0.300832363732846
"43",0.0880113553858205,0.0420995256954495,0.092902304602812,0.304071259441626,0.388177193386542,0.0847383614877498
"44",0.236553873827255,0.145056674020891,0.224683886571556,0.26868385948121,0.0482496444234215,0.0767720616756661
"45",0.230845570069305,0.185296307640537,0.127519544440309,0.0604585823917095,0.195486296547301,0.200393698910838
"46",0.364929410679285,0.161926422981493,0,0.363748901976805,0.0333785793959555,0.0760166849664611
"47",0.0335099019545862,0.346587073166429,0.291655400713038,0.0233875784038028,0.0320821351849304,0.272777910577214
"48",0.240464245434504,0.0588511729408756,0.0319074981945665,0.18375043665363,0.160534601591348,0.324492045185076
"49",0.467076919064604,0.238780069624181,0.0429423373524636,0.00619781776880598,0.113522102850935,0.131480753339011
"50",0.307793517357809,0.286920023630395,0.155908558757047,0.0787870287013513,0.161910988608236,0.00867988294516124
"51",0.188734611385203,0.169773429833168,0.0960427439644654,0.0339152474518396,0.151557765164168,0.359976202201156
"52",0.0314052524553737,0.0533691332512851,0.144850098408724,0.18198335515626,0.26564000236149,0.322752158366868
"53",0.024372200387459,0.176496641702942,0.139532694923313,0.180843533001341,0.152435285395259,0.326319644589686
"54",0.161951653154873,0.458928573122909,0.210395544201205,0.0108305244954234,0.114446130623562,0.0434475744020274
"55",0.216428351185178,0.0426299547364225,0,0.257475001789906,0.066459855953057,0.417006836335437
"56",0.187381746114557,0.332115832708555,0.00958134978159407,0.25312496543565,0.112830958798671,0.104965147160972
"57",0.00394215460578189,0.143643362038607,0.13403541143105,0.390352230829446,0.287724901618082,0.0403019394770333
"58",0.0280852403421589,0.0815093655963522,0.133342982918054,0.290737625810338,0.240880170320386,0.225444615012711
"59",0.169033013173426,0.155867683586241,0,0.240967101064861,0.0562450515568675,0.377887150618604
"60",0.180686294823102,0.20001888688161,0.213478115853821,0.0233319325949295,0.0826642122475352,0.299820557599002
"61",0.0501019777714717,0.209668097358602,0.196371233832994,0.199039785389788,0.133243349620779,0.211575556026365
"62",0,0.110779711681909,0.159272529253607,0.299719689403283,0.116312659923714,0.313915409737487
"63",0.329149816982295,0.0535044749581756,0.284275843019098,0.229669760871933,0.000557866328253403,0.102842237840245
"64",0.00919701743820393,0.238891910747833,0.267539224076532,0.0605080749143549,0.229701121391213,0.194162651431863
"65",0.124900792646892,0.193809497680515,0.220347771150727,0.129287480593543,0.257256907272235,0.0743975506560883
"66",0.0920903261390646,0.170319721744956,0.0834890059766147,0.220554727851292,0.148823401838478,0.284722816449595
"67",0.000802850989570748,0.270914444718447,0.313117091150366,0.0397023056969799,0.291304770004266,0.0841585374403702
"68",0.247748056734052,0.20164065479,0.143601875338548,0.268465526360193,0.0349461377509806,0.103597749026226
"69",0.145089427258499,0.020117284905454,0.0415080699171941,0.268345944534069,0.420830603467635,0.104108669917149
"70",0.250117447958999,0.122821221449872,0.113498686129156,0.0378993725359651,0.277616162542255,0.198047109383753
"71",0.47723021400843,0.0746615684280842,0.181503000849153,0.111709881633857,0.0185555478467896,0.136339787233687
"72",0.274661002919469,0.13830772211634,0.0943655352974616,0.1601126278768,0.00805392074520005,0.32449919104473
"73",0.0401234413753541,0.126103983192622,0.0302709489456407,0.229891918317614,0.335055000456465,0.238554707712304
"74",0.190687341033364,0.133832646073347,0.172777959431076,0.297871246959632,0.00775499679147189,0.19707580971111
"75",0.10121993756037,0.222852268188796,0,0.139755767336751,0.262312628397784,0.273859398516298
"76",0.268258799477321,0.0227308978219532,0.109993371549948,0.169431308407464,0.329411232279501,0.100174390463813
"77",0.135190858077352,0.0952134690712537,0.0742269837200219,0.36946528495207,0.195943901323744,0.129959502855559
"78",0.0295239905441138,0.115990804813496,0.0345405517721239,0.256982231544465,0.299728387283079,0.263234034042722
"79",0.416408160666155,0.180914913543716,0.0078136610971571,0.0999078406740631,0.00738920220346061,0.287566221815449
"80",0.0367980361316863,0.0551621064148422,0.400577574860579,0.267051076789899,0.107675379708037,0.132735826094957
"81",0.106508021595751,0.221708436619929,0.114109820968465,0.285324743160736,0.241467949654198,0.0308810280009205
"82",0.119069850147356,0.306758824375723,0,0.0768480659290241,0.263789821371615,0.233533438176281
"83",0.230213883225519,0.16764893528989,0.0156910772840591,0.0784961191434109,0.263675298414998,0.244274686642123
"84",0.0674743289136827,0.301435593198879,0.322002895503082,0.0787950316985463,0.190490423091534,0.0398017275942761
"85",0.0821997600064612,0.300254351908009,0.0205379236286323,0.0811654135509747,0.23144410211738,0.284398448788543
"86",0.209285112324974,0.301055792372928,0.120292748987364,0.102314638354102,0.139003148965044,0.128048558995589
"87",0.317919682606789,0.17273758778388,0.0437865089362327,0.296702141438383,0.151049137439608,0.0178049417951063
"88",0.10738703899132,0.157257800385804,0.0626378322029268,0.239581723300667,0.24415034729143,0.188985257827851
"89",0.158605215332846,0.204528911747224,0.078126268576209,0.200735316314531,0.050124096315018,0.307880191714172
"90",0.0024365120352975,0.346783441030335,0.281921890190043,0.124651114282317,0.0228933960437795,0.221313646418228
"91",0.0912333657026571,0.217971560096233,0.162098409620762,0.0301474561040667,0.233622621325631,0.26492658715065
"92",0.212156365111157,0.0118516556049762,0.369863087265099,0.0763621367918674,0.101729394376385,0.228037360850515
"93",0.204599416629802,0.141249438362879,0,0.24222431629892,0.153829644188717,0.258097184519682
"94",0.0738731254817675,0.0310956238653602,0.205491462923492,0.44708641459048,0.058027923602328,0.184425449536573
"95",0.257317742019823,0.0706734664590606,0.111254913298508,0.0922423131158527,0.180256268094327,0.288255297012429
"96",0,0.424648241173882,0.0414057001836799,0.459954285220305,0.044710966417401,0.0292808070047323
"97",0.029967506208073,0.29116144057116,0.354137542926524,0.0366588089060701,0.268850285316424,0.0192244160717489
"98",0.251790409946371,0.319708047639642,0.105711882807962,0.175087057645221,0.114302121318307,0.0334004806424971
"99",0.11076977609621,0.0419681772867422,0.120732639191828,0.281457874779185,0.0666329576039004,0.378438575042134
"100",0.116352422739723,0.315894614496145,0.0102152949182522,0.168638290293446,0.213365963745607,0.175533413806827
"101",0.0903173776269083,0.343111485191965,0.176112478497641,0.0418164753139998,0.124420550750916,0.22422163261857
"102",0.118008535107718,0.143766243358366,0.0569361196927864,0.230658984210803,0.17323551290676,0.277394604723566
"103",0.0514610871212235,0.133103354344978,0.209921332052554,0.10165653368074,0.22444722821053,0.279410464589975
"104",0.252916122564537,0.0524410648867506,0.280577223368786,0.127610076157635,0.0704744638808918,0.215981049141399
"105",0.0606431645935326,0.164783676861882,0.199828946380921,0.113301999130971,0.175315842740183,0.28612637029251
"106",0.318392699056677,0.393046406494131,0,0.129589880719194,0.142466772764821,0.016504240965177
"107",0.0691509262203178,0.14035776098142,0.196776464301308,0.255201040643094,0.111818567961806,0.226695239892054
"108",0.438520239285824,0.0157285380699175,0.144541824205546,0.282550177450983,0.0982493941697761,0.0204098268179536
"109",0.166915232384948,0.0543662584981447,0.0135545177463806,0.355056354208916,0.342445734357398,0.0676619028042133
"110",0.189752848234801,0.224637185952992,0.183493095988415,0.227183322895345,0.0190115539520868,0.15592199297636
"111",0.231217869412051,0.148646011166092,0.0318935750719232,0.193427462546669,0.296352250252185,0.09846283155108
"112",0.139645921670435,0.169924128518946,0.0334403224270747,0.242842897788834,0.207552049420035,0.206594680174676
"113",0.178548020994413,0.26292736740428,0.228777242279843,0.0297479559987801,0.249856933629048,0.0501424796936362
"114",0.101664030616194,0.0622384026568647,0.190234419056366,0.0499447372098325,0.272918932548741,0.322999477912003
"115",0.267231437316638,0.116056434570697,0.0129951627912378,0.220647867173659,0.154238302249523,0.228830795898245
"116",0.268016365382149,0.420404438856493,0.0153134235114159,0.0352409014586984,0.239106246933511,0.0219186238577329
"117",0.16545633723551,0.227236653519415,0.136648163684448,0.271561307177425,0.0171934583747888,0.181904080008414
"118",0.348394331835758,0.0472691228997838,0.298384637609526,0.1215728034087,0.122104386171003,0.0622747180752298
"119",0.145955317156586,0.154253274942451,0.145947823320456,0.222331899020105,0.122993519548062,0.20851816601234
"120",0.0616529514543451,0.0868026354528361,0.315359245621445,0.106131648252907,0.245007162340976,0.185046356877491
"121",0.209596265523292,0.0959697000462741,0.203801225870962,0.233678185391569,0.00198136542577949,0.254973257742123
"122",0.0299676971540376,0.208159017247036,0.226792145426461,0.224950526235344,0.0926219941594617,0.21750861977766
"123",0.238468712503618,0.162027238422305,0.22517747305913,0.0383879518177064,0.314331707354842,0.0216069168423984
"124",0.174816150537988,0.126706058998367,0.0475791902314788,0.258864660095652,0.191462908944308,0.200571031192206
"125",0.0219200792615901,0.0141829867602193,0,0.122224420773,0.170454724484187,0.671217788721003
"126",0.0200577974587822,0.304524608958031,0.168949074859388,0.15897888280812,0.259069264120349,0.0884203717953304
"127",0.000593121123159303,0.0685070021160612,0.0996478014282414,0.437449883209954,0.0370571881261083,0.356745003996476
"128",0.12800146552407,0.0522618861334139,0.300082648831592,0.162374232993207,0.149204810102358,0.208074956415359
"129",0.249130791602303,0.0725030905364414,0.16132560412408,0.186213018773982,0.0619117692585629,0.268915725704631
"130",0.274904659983621,0.138719757259447,0.0524419605919642,0.0269665000401643,0.321926716532475,0.185040405592328
"131",0.24627504005348,0.169935366655659,0.111613251890978,0.233292945126639,0.217718370352923,0.02116502592032
"132",0.107426791552067,0.211225322551003,0.216320155837063,0.0253235666915033,0.419470547917637,0.0202336154507265
"133",0.0616121494510772,0.175285742903996,0,0.482279985937813,0.277718887744693,0.00310323396242066
"134",0.14805341805921,0.100349610227963,0.213416184951794,0.204483518494934,0.196905673727272,0.136791594538827
"135",0.129346325693823,0.19170031799898,0.11205349255036,0.179093835932686,0.0897986059498528,0.298007421874298
"136",0.172057790486079,0.0440681758895166,0.189412409452711,0.225671185460781,0.110249029609331,0.258541409101582
"137",0.16664091499853,0.0127155852200571,0.214334334625161,0.223277231446721,0.24647072664797,0.136561207061562
"138",0.0614579657906676,0.0783038843620594,0.251657091901894,0.153953062637011,0.144165851593315,0.310462143715053
"139",0.262510086273835,0.162317780351629,0.175845574757786,0.135000409652096,0.0715634027146134,0.19276274625004
"140",0.0410727266745383,0.488399259538146,0,0.197389697187733,0.0691423006163438,0.203996015983239
"141",0.128966384335967,0.0380900522437373,0.285279287012433,0.234527880665899,0.120754624726756,0.192381771015206
"142",0.0683930196500368,0.128225740685517,0.217112473274206,0.259737772855122,0.0303230083575423,0.296207985177577
"143",0.10226127504575,0.261644435866091,0.0719085209334303,0.134152371779912,0.143078211811542,0.286955184563275
"144",0.257769182623736,0.157812307349649,0.0509638267319665,0.222384928250944,0.0996030092831244,0.21146674576058
"145",0.161104876650358,0.10073136166342,0.190811971738546,0.2141659600762,0.230172484448324,0.103013345423153
"146",0.181798600218507,0.269641111180046,0.0785028612256516,0.0230150716983823,0.134684964253501,0.312357391423913
"147",0.189525380559734,0.203862841587142,0.169113942550198,0.0697290900258267,0.208926313603924,0.158842431673175
"148",0.0176376699830002,0.310607153902269,0.206039993317251,0.256088996590618,0.136948479946966,0.072677706259896
"149",0.0792187425113186,0.272839534382229,0.145513431679506,0.31024131876508,0.0361029067200397,0.156084065941826
"150",0.21801400771167,0.119123785937983,0.179996205003976,0.164031330729801,0.174882380178711,0.143952290437858
"151",0.218811576387431,0.222150929049033,0.206237843502559,0.173811382486654,0.113487475366951,0.0655007932073722
"152",0.226064642193786,0.199640490683839,0.0495544380388913,0.347782865617606,0.0676946037759904,0.109262959689887
"153",0.170706619713143,0.111034530252606,0.222918441352686,0.0638415656284927,0.0809768872530428,0.35052195580003
"154",0.2154348836869,0.170710476089652,0.100615116705236,0.379727682083317,0.0873066769574645,0.0462051644774311
"155",0.1312366981214,0.208764710276094,0.158682722905573,0.15388468546378,0.0727981498192725,0.274633033413881
"156",0.331485400847492,0.177613620845942,0.0163888328337219,0.0673105705752208,0.395660015352383,0.0115415595452408
"157",0.102430220510659,0.26895147174332,0.128784658208773,0.161241395318848,0.232616762353492,0.105975491864907
"158",0.0919826042901989,0.226161561829585,0.0943245925027908,0.185726933706926,0.20532663007663,0.19647767759387
"159",0.0877803775123163,0.150237737186898,0.276849644709087,0.120670242737098,0.248812631582014,0.115649366272587
"160",0.19033663782806,0.0915169536267084,0.17226359146652,0.101154486157954,0.214633391520452,0.230094939400306
"161",0.196634945083765,0.182672912162482,0.0769406006659391,0.0993390887277863,0.199419050864969,0.244993402495059
"162",0.0238319953215365,0.0160642487776054,0.324329442011749,0.284684634699246,0.297942211057499,0.0531474681323641
"163",0.150970700827727,0.19095890019902,0.174333212247771,0.0503809413432055,0.172237319447717,0.26111892593456
"164",0.0704227395457734,0.243005607782608,0.33371217872577,0.0828381928118184,0.145297469980328,0.124723811153702
"165",0.256876889226958,0.0811826578115304,0.303750599907089,0.00989611768416797,0.164951085995673,0.183342649374582
"166",0.24007030979605,0.155956224917618,0.239001575683191,0.016825392951958,0.0413615624341105,0.306784934217072
"167",0.116771318888241,0.0625782749000071,0.218299194066445,0.24240283361832,0.197651337174605,0.162297041352383
"168",0.00229222890843397,0.445474774435798,0.0867670942973562,0.112577105678623,0.117407256440886,0.235481540238903
"169",0.138106469125221,0.237424147512244,0.0533361103156408,0.150870443569421,0.299141941118034,0.121120888359439
"170",0.299248292577193,0.143995807510702,0.409596125250248,0.0301274009911245,0.0418654252360316,0.0751669484347019
"171",0.0498852137156358,0.143249546891222,0.120475221801896,0.289556072395219,0.0715218908641067,0.325312054331921
"172",0.0832193428959948,0.464943907632965,0,0.131003528208393,0.040215902430747,0.2806173188319
"173",0.327354291639052,0.0841109204438152,0.180604835368589,0.314870592433574,0.0125146729677443,0.0805446871472257
"174",0.00968262835043929,0.0709415564358946,0.570837657170532,0.147651577275459,0.0612632137809477,0.139623366986728
"175",0.0654179960143599,0.287068847784796,0.0255071645024508,0.312170613204818,0.19074653390185,0.119088844591724
"176",0.121995775117953,0.198464428296174,0.0613701842863442,0.0227051246929833,0.274452437863371,0.321012049743175
"177",0.268349112747694,0.0934173560122679,0.148512884019039,0.204249723734701,0.133889637573759,0.151581285912539
"178",0.113483169759569,0.234057044608216,0.0736775360807781,0.342689183110987,0.211639644987956,0.0244534214524938
"179",0.141342374095097,0.311873084997973,0.206354752371677,0.00455646372635678,0.138216750931016,0.197656573877881
"180",0.17738854697799,0.0651587993611516,0.264770649000335,0.306579841701467,0.131548468550032,0.0545536944090251
"181",0.108587468502296,0.134784475262684,0.160012676180947,0.150706923084848,0.244413481837218,0.201494975132007
"182",0.0896170649328164,0.293986409010289,0.0381973497801576,0.23458699435848,0.0312165789572612,0.312395602960995
"183",0.239303584468057,0.356971108101634,0.0368639053233261,0.111759292019822,0.0184031462820502,0.236698963805111
"184",0.121133211761919,0.157174916474802,0.217124853285463,0.226006410960978,0.0303397152972962,0.248220892219541
"185",0.367796912512868,0.0326865900489217,0,0.326004385127798,0.223243599230009,0.0502685130804037
"186",0.184108309636522,0.168421461889051,0.204540281525931,0.0731234104973282,0.15843405058822,0.211372485862947
"187",0.0729805170655518,0.0268707962212053,0.08297803334283,0.29486976138659,0.212728147241779,0.309572744742044
"188",0.0605856964445767,0.259897859135531,0.127592029880217,0.118599551125894,0.159941049689813,0.273383813723968
"189",0.0870333046348423,0.124078807616414,0.200929261708484,0.078300720546214,0.316339155185781,0.193318750308265
"190",0.0607724207221783,0.19183863343935,0.145111675722582,0.232163005315619,0.0209260867457575,0.349188178054512
"191",0.224501406003008,0.0199975342706042,0.118752029525788,0.0893106634856401,0.190891482486136,0.356546884228824
"192",0.0228572157271831,0.223064128964809,0.172545752708608,0.0920892274224378,0.234815289202751,0.254628385974211
"193",0.187446766858409,0.038025045127144,0.495389541390093,0.0649716037166329,0.0624163504351072,0.151750692472614
"194",0.17644940595758,0.111637339383473,0.165428699969192,0.184447567349051,0.181879005529286,0.180157981811419
"195",0.0360758853297532,0.160663384212106,0.428513642546074,0.144352796822986,0.156535012286304,0.0738592788027774
"196",0.0231159677384228,0.272141106472796,0.164548341217212,0.132719920235325,0.165094514272692,0.242380150063554
"197",0.0427803111360284,0.205157941474627,0.174580366412835,0.112781710660341,0.216980386339203,0.247719283976966
"198",0.338076049852136,0.245639960540529,0.0828463720866876,0.00700306867406599,0.238926069092308,0.0875084797542738
"199",0.229621227805211,0.324832709961171,0.0604205873942566,0.245438396978196,0.0691854237945886,0.0705016540665765
"200",0.15435075571383,0.076174940377436,0.253131663403781,0.157906791742551,0.329000578438657,0.0294352703237446
"201",0.0699300051958694,0.276084379277836,0.127427503544528,0.130269567346656,0.245228707786631,0.151059836848479
"202",0.0293849767317382,0.201489461415625,0.238936786056169,0.321259253578837,0.0373995479099333,0.171529974307698
"203",0.0416987890544398,0.307275592148774,0.0855694933030883,0.0611771164142343,0.303152873610277,0.201126135469187
"204",0.318218379765843,0.0507990869646006,0.0984950842628361,0.0294069030914185,0.232502587789012,0.27057795812629
"205",0.239093516319669,0.285508910101076,0.113417859331241,0.224315606020886,0.124730857086711,0.0129332511404175
"206",0.0466197519955664,0.243004219059411,0.105103310121411,0.293262499165759,0.289454131230218,0.0225560884276348
"207",0.136298998075606,0.138505058402462,0.0834472646583926,0.306687290586078,0.245694529614436,0.0893668586630263
"208",0.0979669093656061,0.228045196727982,0.106467969233548,0.130938858421128,0.223045033769725,0.213536032482012
"209",0.280766192190601,0.0982279291475796,0.288329487628747,0.0397755785237435,0.177786011393868,0.115114801115462
"210",0.261282227745955,0.228210723485188,0.206215463091941,0.0523193567868847,0.0607234777679887,0.191248751122042
"211",0.0811678788585144,0.176885265862717,0.23302562824685,0.0228488533853276,0.184632847961713,0.301439525684879
"212",0.000173171158128549,0.286569844747993,0.113879869694456,0.233343030078276,0.174725350437813,0.191308733883334
"213",0,0.105377173912682,0.223007355680004,0.215598763404851,0.203729617616779,0.252287089385684
"214",0.0399855122074767,0.0838171116369744,0.194341632239875,0.23374996945595,0.20169156783569,0.246414206624033
"215",0.159684681072631,0.22345568828668,0.0915605548414712,0.193263311589322,0.163932069747564,0.168103694462331
"216",0.0898747003636921,0.136839028134129,0.0405518053127788,0.160189642916777,0.287131399085016,0.285413424187607
"217",0.0282432096871273,0.344663089651753,0.206130584955535,0.132751588350296,0.123656635203463,0.164554892151826
"218",0.234830282511558,0.116140751223292,0.253825057217705,0.254795518132852,0.123984427452044,0.0164239634625483
"219",0.318812964820698,0.0814026042403018,0.173501354884581,0.117573510988808,0.247406712295748,0.0613028527698635
"220",0.0555092914698872,0.1582252899646,0.0642306570316058,0.0114820979027873,0.30845859774686,0.402094065884259
"221",0.250333681810241,0.0417141700409085,0.0148793948787001,0.0118371934339946,0.282264394710471,0.398971165125685
"222",0.175492356462486,0.167503955508721,0.116414662518253,0.20737497010206,0.192569297881194,0.140644757527286
"223",0.00821164643971928,0.00721698863147621,0.247799517588123,0.235208496882349,0.382784601818219,0.118778748640114
"224",0.215372625944376,0.198719812804563,0.116168182564858,0.265389018943279,0.164706840003066,0.0396435197398585
"225",0.227728508007056,0.0273777144706509,0.111139759790634,0.00871875018212943,0.306919975952354,0.318115291597176
"226",0.0773154604980844,0.183910245871669,0.117092539601002,0.221793738454094,0.205441384755298,0.194446630819853
"227",0.166125040957642,0.0309325149085821,0.265829064481603,0.348724502722248,0.0966325323874393,0.0917563445424852
"228",0.101999949516348,0.215438864519574,0.17172058335671,0.196290860167185,0.0326364519031083,0.281913290537075
"229",0,0.181245403022169,0.278966111575787,0.291242913315005,0.0520466597379232,0.196498912349116
"230",0.0603188751261575,0.267052727546237,0.209509984218375,0.0402425281296832,0.302079183710236,0.120796701269312
"231",0.117688721766755,0.283003867947554,0.120260273836409,0.0467602300977948,0.26055431680055,0.171732589550936
"232",0.0899852290230115,0.267962059643681,0.141948935261961,0.201566631352468,0.113272943101264,0.185264201617615
"233",0.222036898590439,0.216626587133156,0.22067879888485,0.175455366131119,0.0835626980564213,0.081639651204014
"234",0.089244647125839,0.254902822162862,0.0599271840900637,0.263664247767894,0.051438752746518,0.280822346106823
"235",0.281302179522646,0.195859730381917,0.136765175640568,0.0578132074504985,0.290017443814324,0.0382422631900473
"236",0.267215978293096,0.0964963165360496,0.116646312742242,0.167233084249368,0.205945147881615,0.146463160297629
"237",0.000941053475215745,0.177253365405154,0.0158727113994645,0.267119185453705,0.197349957765384,0.341463726501077
"238",0.211254594594542,0.0172406780864583,0.23779870691828,0.123606771490648,0.199454308131607,0.210644940778464
"239",0.352655599358824,0.368300231051543,0.000759374351870831,0.0518399534171349,0.0633753616224136,0.163069480198213
"240",0.129737839912189,0.379028705115217,0.130377387594619,0.11962502065889,0.0541137801787898,0.187117266540296
"241",0.267107285908099,0.0582153821368596,0.034471171229915,0.365156574935918,0.170937319659688,0.104112266129521
"242",0.106173952817746,0.188984212896067,0.0813585354784341,0.32021829703691,0.0784780724577059,0.224786929313137
"243",0.0109376258127754,0.196326301102694,0.140563536907042,0.257188655942929,0.134857163660059,0.260126716574501
"244",0.203165846502238,0.375964423175169,0.0707590644918403,0.111710811913019,0.0944666581164126,0.143933195801321
"245",0.0481013603039358,0.264176609395003,0,0.23832699412198,0.160965696390992,0.288429339788089
"246",0.316791780925376,0.10033339787958,0.233891807640923,0.0299393876423464,0.284428605818023,0.0346150200937511
"247",0.293047708248599,0.224768638412392,0.0661211186563759,0.00886571209219721,0.19573172111256,0.211465101477877
"248",0.207956343622835,0.26999710312393,0.220360795289512,0.0284341770726444,0.194229305552881,0.0790222753381982
"249",0.286153526805876,0.337452994047633,0.0675107687822898,0.000717975971060237,0.0841975789696429,0.223967155423498
"250",0.00499795338498817,0.0269797472998072,0.382056744154754,0.311250474494104,0.121254082505939,0.153460998160407
"251",0.16838887138249,0.125587578826836,0.194267748233184,0.129249821251659,0.280092611723764,0.102413368582067
"252",0.00722043352056322,0.192434354325884,0.228645955115292,0.178081430986675,0.338600732541046,0.0550170935105405
"253",0.20442748706375,0.0321681790949704,0.288754401238626,0.327587782676691,0.0225305369412352,0.124531612984727
"254",0.226305215472056,0.0772290860930298,0.0888205474119523,0.231806251091402,0.16200300516781,0.21383589476375
"255",0.179856002544951,0.0701192929554427,0.196656295158518,0.186130906024685,0.186820966958347,0.180416536358057
"256",0,0.189462650512411,0.117007450477941,0.21708658292451,0.207044132634198,0.26939918345094
"257",0.0962518929870574,0.0649257679516736,0.059638488079106,0.289898354575793,0.308938478694847,0.180347017711523
"258",0.0816918522582637,0.530486367131811,0.107788546089355,0.00902320485113522,0.153529229173401,0.117480800496034
"259",0.147694471058267,0.0288042088875363,0.162554503055919,0.199777015580419,0.181623454743926,0.279546346673933
"260",0.192302929599155,0.133364941005411,0.146622822768916,0.124573973245421,0.247957797686434,0.155177535694663
"261",0.138777656270103,0.19373511022875,0.028895063851864,0.080473032386207,0.31523895634145,0.242880180921626
"262",0.237503482068232,0.00447209113671393,0.201406060998452,0.169123163831019,0.132396462219231,0.255098739746352
"263",0.204667284823124,0.0392045940135314,0.212774171337222,0.39044011176742,0.105440404023426,0.0474734340352775
"264",0.136874591548611,0.0534026513547455,0.14163217967194,0.240746628894971,0.170144390447399,0.257199558082334
"265",0.0917303846293554,0.0702203118886748,0.24748220584148,0.012202807445703,0.26143979980436,0.316924490390427
"266",0.15003578488048,0.00456949991069347,0.00295794631001714,0.108157356975035,0.373775390831918,0.360504021091857
"267",0.337928562574568,0.0429393332073785,0.0888144902150525,0.0432989238085113,0.109048315529235,0.377970374665255
"268",0.170990389602112,0.126111958782831,0.197669953177962,0.0618635037200264,0.204026685149174,0.239337509567895
"269",0.132217041213247,0.136154171500722,0.101621557812554,0.180106608970925,0.18297218750723,0.266928432995322
"270",0.250083597685755,0.312091451850524,0.0285786654115078,0.0313606727683582,0.103306392762411,0.274579219521444
"271",0.168889322423318,0.0896152767992176,0.0604396875646524,0.253573358062367,0.0190047987576101,0.408477556392835
"272",0,0.100206631566228,0.335968638643173,0.00333879075122742,0.202330249299839,0.358155689739532
"273",0.0790754729595439,0.158237926742464,0.148170923775075,0.108176293753939,0.367765261749988,0.138574121018991
"274",0.329892602846958,0.090284960046205,0.0487480127063048,0.263981259976952,0.174911964832676,0.0921811995909045
"275",0.347615425406319,0.227615104809188,0.0192347594546267,0.0554090974512644,0.277102505065707,0.0730231078128957
"276",0.222109771850812,0.186320082074075,0.0445835217671027,0.194042164739202,0.216886511714464,0.136057947854344
"277",0.165986419136053,0.289363574531582,0.265763825820873,0.0197612696161843,0.199865869345993,0.0592590415493156
"278",0.220868617940089,0.032765541846878,0.0689773769284015,0.273283989389631,0.275671789532339,0.128432684362662
"279",0.225217023138796,0.000888960418658839,0.251128665676177,0.0318066541362695,0.182176991637049,0.308781704993049
"280",0.255761036950668,0.142712868097238,0.029503972393932,0.0730229881132903,0.207078213141412,0.29192092130346
"281",0.149821414391283,0.0424797353206611,0.305992292731034,0.072260341563442,0.140482092698281,0.288964123295299
"282",0.237535338831618,0.152510893185574,0.138162408551097,0.140026963844013,0.205510167997098,0.1262542275906
"283",0.0321073618677254,0.161981577483943,0.207573655445608,0.0808603057444061,0.240698597280288,0.27677850217803
"284",0.0815298672887168,0.0520737931796056,0.298698879265933,0.0940267023833061,0.1104778695546,0.363192888327839
"285",0.149870493009332,0.0513779594320148,0.0944029073869061,0.282936624391432,0.247248734193121,0.174163281587194
"286",0.0052870988936565,0.149395837982017,0.162746490077217,0.101051990868901,0.275042247233781,0.306476334944427
"287",0.227374320553296,0.151839542862087,0.058838721415347,0.284014594492453,0.181506446764067,0.0964263739127506
"288",0.128225403687866,0.164803888765722,0.207936397293313,0.151452584982387,0.261942737885424,0.0856389873852891
"289",0.0095692803172894,0.392735353433113,0.00456091006289469,0.13971456761381,0.405602831089409,0.0478170574834835
"290",0.0833525154575505,0.042136355201009,0.0159206221502191,0.517048362280357,0.245223268293376,0.0963188766174885
"291",0.0159755412580658,0.272620464450841,0.209677407204739,0.357117584431557,0.0687954358858651,0.0758135667689322
"292",0.101725309429438,0.267707998707848,0.0393914313518037,0.120139930671427,0.174165235332516,0.296870094506968
"293",0.250592787784087,0.161799450181711,0.305081698692774,0.126185033328548,0.0126989426740233,0.143642087338857
"294",0.169927242942398,0.217213753092923,0.0919978760284954,0.100908914917978,0.173932701176309,0.246019511841897
"295",0.150323245291897,0.00969195288622716,0.106027951424661,0.102143580953641,0.219733573220535,0.412079696223039
"296",0.186474268849199,0.215718783935085,0.0517845720188286,0.16096154815348,0.160919360371206,0.224141466672201
"297",0.129683289696192,0.154228658861144,0.0362171768515946,0.197481708442303,0.244708134971998,0.237681031176769
"298",0.170323581986285,0.195377922326049,0.234621033086556,0.134247677342537,0.129290911621682,0.136138873636891
"299",0.0308664410234297,0.244269897054749,0.0785075624538101,0.159599905074416,0.340703526241685,0.14605266815191
"300",0.170480709662846,0.0197425805447249,0.140244914695644,0.263663904960555,0.115086927249278,0.290780962886952
"301",0.263956757122068,0.029574674956971,0.241668045955833,0.0325370995876735,0.166060878480726,0.26620254389673
"302",0.213834109255169,0.0209651702841212,0.245010103295933,0.25158134497655,0.172959154160069,0.095650118028158
"303",0.207253368486663,0.0980252826544643,0.0411892917298462,0.232028369783127,0.255054420372032,0.166449266973868
"304",0.028866156799178,0.038698448055623,0.254883364379947,0.0579378601836983,0.384261494330765,0.235352676250789
"305",0.216499951369267,0.0588591521477839,0.172298404521576,0.203814524788829,0.216526066921221,0.132001900251322
"306",0.111837574432252,0.185566172995291,0.0940014018373643,0.134156160315252,0.215243441546868,0.259195248872973
"307",0.130735224010376,0.11552886574864,0.239177347311194,0.236595251448119,0.0367737000274576,0.241189611454213
"308",0.130751920211311,0.14461556577599,0.0545756163111576,0.112922082179843,0.121049467277432,0.436085348244267
"309",0.146757285656482,0.152790043490008,0.0761970274006612,0.12992181566891,0.262494544454036,0.231839283329903
"310",0.352527064734144,0.205546544037998,0.176994129396989,0.151206812589181,0.0274296570100435,0.0862957922316435
"311",0.0915113616478185,0.10668517261817,0.228892847550257,0.10256381184441,0.0890407929132059,0.381306013426138
"312",0.277435378066392,0.156798128780807,0.24409901254731,0.0485470621404418,0.122031228442457,0.151089190022592
"313",0.129771606225047,0.197407258917093,0.0820116491393222,0.150297983070781,0.182211931990642,0.258299570657114
"314",0.158019359769417,0.279008812097603,0.238169912270347,0.0392833438377972,0.240190193331255,0.0453283786935806
"315",0.230120920985258,0.234049353007375,0.0533794136218188,0.101611397765451,0.148022176508064,0.232816738112033
"316",0.227325502014818,0.256855096465796,0.244335881137579,0.0385878159874559,0.168805022999955,0.064090681394397
"317",0.0962452049384414,0.19034109372679,0.282253321832953,0.112292070809175,0.176002691467817,0.142865617224823
"318",0.0814661945637367,0.149165191055904,0.17659732444351,0.191898169931979,0.0995674814731161,0.301305638531754
"319",0.0144832689161428,0.161908260717166,0.378449000653214,0.154766458256086,0.0226952071031773,0.267697804354214
"320",0.121564361973156,0.180956311810748,0.240588576682284,0.123660115784677,0.177409981623136,0.155820652125998
"321",0.067484120050338,0.155309962626136,0.0276365155730116,0.0863663593613804,0.0806779937162423,0.582525048672892
"322",0.0421577608301619,0.242088984382715,0.0885350208861152,0.140163331696795,0.228276137905354,0.258778764298859
"323",0.162675039089278,0.0276453606433088,0.0618200883509098,0.183357808189695,0.255936686830007,0.308565016896802
"324",0.0963052129503481,0.161807074645202,0.0135191176910087,0.304707916405569,0.36356166092947,0.0600990173784013
"325",0.129936007271604,0.145263812909044,0.266275726394771,0.193975166226982,0.049952519891272,0.214596767306326
"326",0.228481319605919,0.153108179242058,0.31072829478265,0.0482467918566891,0.251390410224002,0.00804500428868261
"327",0.0270014132672172,0.289661856532862,0.148108512714706,0.316461205264698,0.165676827757741,0.0530901844627764
"328",0.474217949319575,0.0985055359134138,0.00764206055368513,0.142177931301281,0.00423699485463521,0.27321952805741
"329",0.0256283860991275,0.167004395744808,0.141868687218403,0.272029591208613,0.163314248485538,0.230154691243511
"330",0.0952891207683502,0.288431034602266,0.300971627722167,0.18258734027001,0.0936369110353566,0.0390839656018495
"331",0.167728612930064,0.159215039030656,0.185860296914497,0.180578873315041,0.235947183759753,0.0706699940499876
"332",0.176142217301259,0.234986766846261,0.0896887496228762,0.255752950574661,0.166096987689772,0.0773323279651701
"333",0.00162281044600015,0.217639559643922,0.0103248648700484,0.191021339634545,0.24284352748112,0.336547897924364
"334",0.213164051430358,0.118083228309638,0.226253814396484,0.144838987009207,0.166128265415078,0.131531653439236
"335",0.129122981312093,0.284344595105865,0.245976466204603,0.0301504022063642,0.18971951578377,0.120686039387305
"336",0.247307178400372,0.148492579369918,0.177891191246713,0.161272089258843,0.00997776338631181,0.255059198337841
"337",0.182168188955178,0.125260182510381,0.045283831025969,0.3903875309538,0.212763991968915,0.0441362745857582
"338",0.201309726084447,0.105569614363405,0.167850691159031,0.145498053249501,0.0529719564148469,0.32679995872877
"339",0.210845300718896,0.260883794820226,0.0745381579696301,0.104236674819567,0.0510445251012702,0.298451546570411
"340",0.233394592562017,0.328719791998602,0.124485823933334,0.143732528218377,0.0502118620178459,0.119455401269825
"341",0.171760696766357,0.222754642132132,0.217364169885351,0.123353191671702,0.0108760989744893,0.253891200569969
"342",0.0646998987648798,0.240205940742294,0.126345577633893,0.0651787847823075,0.153543932164735,0.350025865911891
"343",0.124696127561071,0.0965147061311676,0.355350333918966,0.232593876726288,0.14367841633416,0.0471665393283478
"344",0.0394294519114768,0.317620084951994,0.0957360283028691,0.247535362920184,0.0122421810232025,0.287436890890274
"345",0.0370517640915479,0.339532975735582,0.125865491798237,0.264920744642506,0.10285826404321,0.129770759688917
"346",0.0932365051240562,0.1198347910806,0.137615484030404,0.0911353021079905,0.216466307668939,0.34171160998801
"347",0.1991102501019,0.046940854413968,0.294006726818266,0.0582021604658106,0.315052002875795,0.0866880053242616
"348",0.199627408721258,0.145850623361282,0.117717946700805,0.151946250932393,0.10286745604792,0.281990314236343
"349",0.00606691142724121,0.176702304269926,0.0282968003837783,0.353161610772193,0.36740419555193,0.0683681775949314
"350",0.0118602571122024,0.00884244036608089,0.181352695715832,0.25103390052014,0.197273936566256,0.349636769719489
