"","neu","NK","CD4","CD8","B","mono"
"0",0.182903885396397,0.210675000329501,0.00140217272876561,0.320626021288525,0.257782970660055,0.0266099495967566
"1",0.0272964988419156,0.157655729306018,0.255996408335387,0.148493375131464,0.275285687061119,0.135272301324096
"2",0.198025236788957,0.210235347409158,0.00880481520714712,0.12004997797278,0.24530361186204,0.217581010759918
"3",0.0360457529840618,0.0332876171744444,0.195081143058721,0.209237681054439,0.260946848522642,0.265400957205691
"4",0.167350522571087,0.153620292176581,0.152239541902641,0.138327551242325,0.275216809234171,0.113245282873195
"5",0.18932924272717,0.155503855840267,0.205328372608411,0.245894024672547,0.0197226908324916,0.184221813319114
"6",0.00132359751113699,0.0777990076104629,0.126605650247127,0.229034382098038,0.239323962230196,0.32591340030304
"7",0.138824919504889,0.234926859916075,0.0994308828694811,0.232767413880208,0.265233814246136,0.0288161095832116
"8",0.098726221035252,0.344531372602847,0.143786164571863,0.0592934852136633,0.207350296511502,0.146312460064873
"9",0.279353809433129,0.185095191965511,0.0676629211687211,0.442101317132256,0.000461317320051621,0.025325442980331
"10",0.0927570558052578,0.306783934795994,0.135723467278752,0.0618993414050114,0.0829971380196376,0.319839062695347
"11",0.150614905186323,0.1929831441778,0.126142531286312,0.01307540275733,0.195087656436903,0.322096360155332
"12",0.162331913656761,0.200535315192332,0.222241991953208,0.166421972376408,0.188773097015222,0.0596957098060681
"13",0.0274985159614888,0.361188260148601,0.0425001537137792,0.298375020192135,0.0204851945461858,0.24995285543781
"14",0.214859337934089,0.266451387213565,0.05408157910153,0.10296320707364,0.132069272133286,0.22957521654389
"15",0.0286673561464285,0.311696147327652,0.338402629927983,0.173355284753194,0.0724001596041868,0.0754784222405563
"16",0.061922613381735,0.1075156693635,0.208323969366476,0.233047399424951,0.237933423900739,0.1512569245626
"17",0.209779812784546,0.172089593706843,0.20386185255122,0.126446460073487,0.0911477220500386,0.196674558833865
"18",0.143719648827421,0.246638888080384,0.163096627883572,0.334853811431968,0.0465521376032067,0.0651388861734486
"19",0.15866580712079,0.308312810900927,0.0462852795018582,0.0594599997092839,0.233238949790937,0.194037152976204
"20",0.179178199426738,0.0226348637486881,0.203050074564855,0.101675181839276,0.221618030581465,0.271843649838977
"21",0.0589163537716487,0.198797557331778,0.0505280290464506,0.261301324677051,0.223728019228901,0.206728715944171
"22",0.0207602465727431,0.192111339461258,0.278692283833812,0.225618994667668,0.0012439469255656,0.281573188538953
"23",0.288327152693808,0.275457918902895,0,0.0790334923798636,0.0599138203386556,0.297267615684778
"24",0.129019386166163,0.239449615184736,0.0084988924960159,0.193611561726622,0.254946564447869,0.174473979978594
"25",0.22926168278518,0.175112752963082,0.170108719351959,0.239154241094945,0.140572403109273,0.04579020069556
"26",0.250053220248542,0.0750555308249323,0.147821319930673,0.0824171545970778,0.124012846311028,0.320639928087747
"27",0.0899592954018295,0.193430107506629,0.10230421920942,0.141776378648109,0.224301841594062,0.24822815763995
"28",0.150872366851917,0.299842829762886,0.2516516056475,0.0235000771591598,0.0318017727247802,0.242331347853758
"29",0.180240046606672,0.102693069066676,0.143623627358433,0.246957864800824,0.143648084543228,0.182837307624168
"30",0.179526428417778,0.147077459122944,0.0718582052306087,0.139965463753503,0.264342259542942,0.197230183932225
"31",0.0500058096293154,0.225390429310635,0.0654046080664428,0.222113286362701,0.232709315647367,0.204376550983539
"32",0.00949590185350276,0.301829746259188,0.225903587006949,0.138745573527485,0.278624791688863,0.0454003996640123
"33",0.193320824377493,0.296065182027936,0.0525782155721332,0.132906191404645,0.114114205420473,0.21101538119732
"34",0.241547515684822,0.147043385420338,0.126700475111222,0.0714252746888615,0.129715169485639,0.283568179609118
"35",0.136900600656406,0.219741999807484,0.0293937825517601,0.20215943550492,0.267674534232799,0.144129647246631
"36",0.141369046933628,0.140777091281719,0.0931166725416566,0.113512763785521,0.212830894253046,0.29839353120443
"37",0.169106177387613,0.237314291203918,0.208548137933054,0.163551076127146,0.203825747070206,0.0176545702780628
"38",0.0995967833004374,0.113770896949683,0.200425046626939,0.170455043600741,0.139485443702932,0.276266785819268
"39",0.157427754325902,0.113284764148372,0.18838623987341,0.121048686583686,0.182957827282932,0.236894727785699
"40",0.0794802593052637,0.147639038981856,0.449808308345217,0.0868540837436579,0.105359038133499,0.130859271490506
"41",0.137695311576663,0.177965069596308,0.212311408853794,0.0206088170352254,0.22608296456182,0.225336428376191
"42",0.301330855149651,0.121791950040737,0.164558398541296,0.215619455780834,0.18621359862135,0.0104857418661322
"43",0.118992121446146,0.0209030434222005,0.132609178228717,0.191097085376177,0.263592863361687,0.272805708165072
"44",0.218421973764214,0.0793423822532474,0.0325729888957314,0.315331084106627,0.338098291318087,0.016233279662093
"45",0.0880180249670403,0.218322255839246,0.0104382650766544,0.175992734760196,0.424524750874317,0.0827039684825457
"46",0.0497133826247242,0.223358882291086,0.113506281069226,0.201007024249057,0.174822523978219,0.237591905787688
"47",0.0855307423690358,0.0935637607749221,0.243792177119365,0.273047606437813,0.174169090470958,0.129896622827905
"48",0.254380710747856,0.214032838654159,0.108397054402489,0.0276841222331852,0.283173109256227,0.112332164706084
"49",0.279798526315455,0.169158279140218,0.100140693016655,0.142442926438609,0.000376488948035946,0.308083086141028
"50",0.231632116302736,0.10858993145204,0.162582147776276,0.0104717190065783,0.223887572072151,0.262836513390218
"51",0.226407013247811,0.0566698009748543,0.133741526757992,0.211201817756511,0.152117708365504,0.219862132897327
"52",0.23930171928917,0.267729452103805,0.229859054857139,0.053869839372884,0.134979439275446,0.0742604951015561
"53",0.200295915224928,0.277560674990471,0.148694355871849,0.170324105194361,0.114677463591441,0.0884474851269493
"54",0.195780519519452,0.0829911395304435,0.290383134704984,0.159659146947747,0.123070674860682,0.148115384436692
"55",0.00174755292405839,0.0999760650446571,0.0190073442948291,0.250276245298124,0.302170030364241,0.32682276207409
"56",0.171219569289708,0.133936109091838,0.0795820143031773,0.212000835512524,0.15197317868853,0.251288293114222
"57",0.0580473467115648,0.348790358048182,0.168401868538524,0.140394773107803,0.240801129010767,0.0435645245831593
"58",0.188945341553686,0.145489101009995,0.128239085367873,0.265625979533115,0.0600010530619903,0.211699439473341
"59",0.165077744506294,0.215523440639302,0.141455007422078,0.0613456762376722,0.200833211313861,0.215764919880794
"60",0.138841946758456,0.174054191713803,0.313916228204608,0.176626828101601,0.182951228285319,0.0136095769362137
"61",0.0143465015396916,0.0812087477263182,0.21316141740603,0.0195324588279621,0.39686809027814,0.274882784221858
"62",0.239865124758992,0.229855113330348,0.116590445452705,0.256811103981692,0.11484855318318,0.0420296592930828
"63",0.0545278121662526,0.311588942195716,0.110779922259582,0.00202559082895736,0.241391398050471,0.279686334499021
"64",0.227963885177177,0.0852991707220413,0.112697089696027,0.152626390997379,0.160040295065304,0.261373168342071
"65",0.244655542820609,0.100079830575748,0.0779249772449953,0.190535723313734,0.149864847303527,0.236939078741387
"66",0.262304409432553,0.0905023314608142,0.154315771523142,0.151468984134761,0.229908003369331,0.111500500079399
"67",0.058261256052505,0.227175656224461,0.264891259933117,0.163807861243804,0.166339470591816,0.119524495954297
"68",0.100642804178498,0.155538240958209,0.0987778651221531,0.159612442614773,0.189819476642327,0.29560917048404
"69",0.0119315783574441,0.0194293689438228,0.1751013417867,0.0472291271838087,0.384406165034324,0.3619024186939
"70",0.358434304676823,0.0577414875906694,0.0398803151810835,0.204990076923977,0.0287030334735981,0.310250782153849
"71",0.119154215876485,0.180928320254051,0.183469525406855,0.110408153609721,0.150886578243821,0.255153206609067
"72",0.17829760866022,0.102778542207484,0.0271957992327296,0.230925449575742,0.232520004682197,0.228282595641628
"73",0.0578382402168869,0.271380901974253,0.046560812282229,0.27005881395531,0.194236655735233,0.159924575836088
"74",0.0282544281595325,0.183388460237614,0.259942828589469,0.352185663239935,0.0778124794333505,0.0984161403400986
"75",0.311062227342469,0.181226004994598,0.0209848964536772,0.110234610719203,0.190730524665358,0.185761735824696
"76",0.220781495306091,0.190175903700204,0.190717359710022,0.123365946884567,0.0913927222205611,0.183566572178555
"77",0.127902749781141,0.149974197807597,0.0356531945517245,0.363033026421612,0.0190914783836355,0.30434535305429
"78",0.243914981070664,0.295783720973891,0,0.268605394318154,0.139745635036278,0.0519502686010136
"79",0.239608806687132,0.131103616542584,0.111221981232791,0.0473779197162437,0.276863632931278,0.193824042889971
"80",0.0611894353043929,0.229225210851539,0.200405164951362,0.0701100630990056,0.25890713598872,0.180162989804981
"81",0.300157937962633,0.192911644764233,0.0207174258846536,0.160336935470798,0.110951680769739,0.214924375147943
"82",0.260717737794553,0.25826387102497,0.165242582795587,0.214597279744776,0.0164647731140422,0.0847137555260716
"83",0.20756577042031,0.197171897371069,0.238246782107802,0.03800789336747,0.166254433871312,0.152753222862037
"84",0.161026037808458,0.0896661195831822,0.200799951425382,0.11316043190179,0.133390620642497,0.301956838638689
"85",0.292454057670277,0.274517929749693,0.323298394718121,0.0331203318181069,0.0300096996587472,0.0465995863850542
"86",0.029215843573897,0.116581704403945,0.0201835778003761,0.134526663278662,0.499631939717746,0.199860271225373
"87",0.147481214627642,0.0248348226002139,0.140885800430654,0.110083932787758,0.255464691835684,0.321249537718049
"88",0.289192684392502,0.183825387370169,0.151235765929357,0.121328172635806,0.197220002435901,0.0571979872362661
"89",0.0334742785057365,0.0313942375718491,0.247859998337206,0.260619253266606,0.316258875963618,0.110393356354985
"90",0.169600558912804,0.10314841169397,0.133211093046952,0.107971861494342,0.354855346610736,0.131212728241197
"91",0,0.168756313851934,0.0895440847174058,0.478285794751159,0.060552443375339,0.202861363304162
"92",0.056558259164094,0.153777578733113,0.445720893431956,0.0911509529152478,0.228417659931124,0.0243746558244659
"93",0.29695755709097,0.0815366017508927,0.0893500780796262,0.122431437787635,0.0311472310610724,0.378577094229803
"94",0.0704009760105209,0.32412865940875,0.327585700801711,0.00080847893449816,0.19135770961842,0.0857184752260999
"95",0.185254992657065,0.216131503023529,0.19350997551068,0.0795697215331187,0.0121206346401614,0.313413172635445
"96",0.163019752735009,0.296601526421242,0.170437939105054,0.0751005406792008,0.0317385203993316,0.263101720660163
"97",0.108644428541939,0.167434945887882,0.214145141685856,0.161450185163161,0.178197168346713,0.170128130374449
"98",0.0888930683309051,0.127432854625614,0.124087529459358,0.220246020605151,0.195235294257473,0.244105232721499
"99",0.179820000382848,0.134477771867405,0.0510811641723295,0.152922584739537,0.248337947457798,0.233360531380083
"100",0.225239360691917,0.174364793617533,0.0762361583774336,0.241439800480873,0.0105958829658111,0.272124003866432
"101",0.186420704328586,0.13792933576882,0.244143110160452,0.283980677584522,0.0896820512532283,0.0578441209043918
"102",0.192685808261205,0.213500818135838,0.0821090305971843,0.101106068643228,0.175589631552317,0.235008642810227
"103",0.196255014503752,0.282251796636654,0.171202403328215,0.171403833711035,0.0389154217570989,0.139971530063245
"104",0.126205773672398,0.165247117150206,0,0.254587886154895,0.1667144881945,0.287244734828002
"105",0.0873967444250221,0.0431655095278542,0.26721233666025,0.283324922374851,0.0780168837651142,0.240883603246908
"106",0.169297052331471,0.360248478117552,0.26482378309303,0.0628546217949916,0.021924505736909,0.120851558926047
"107",0.0785499498139919,0.344236326232039,0.0708971836366373,0.0897788369345871,0.350332761792145,0.0662049415906001
"108",0.0165949779351301,0.280328981315453,0.192680208491013,0.0366732030997794,0.113624389478658,0.360098239679967
"109",0.329640272767569,0.0938861655268707,0.0163062829095521,0.0937712303331318,0.191258208153452,0.275137840309424
"110",0.114548079321544,0.233309327780135,0.123129972454777,0.146170575312913,0.0301886732483672,0.352653371882263
"111",0.0312293967169596,0.162895112543926,0.0250230369912361,0.290465244678598,0.249048501542299,0.241338707526981
"112",0.167839198157664,0.0445125884337666,0.302891497940889,0.120091530838458,0.229862404937141,0.134802779692081
"113",0.208013129723401,0.0711589121823775,0.185219235608561,0.183452893665801,0.080108818188818,0.272047010631042
"114",0.13692416477663,0.211581816808472,0.0953286004552445,0.171152230265418,0.0880520447609511,0.296961142933285
"115",0.106269345697774,0.24501036754253,0.265953547719435,0.195030182713909,0.0916839008078541,0.0960526555184965
"116",0.0104380971434912,0.243231270516272,0.335526875893111,0.239438196123973,0.0300910225608222,0.141274537762331
"117",0.0481014810117902,0.200970343394169,0.198269305614614,0.302430290774885,0.0497107766732392,0.200517802531303
"118",0.223068217194531,0.24132372305837,0.19793422413817,0.171356456366917,0.123041238733255,0.0432761405087565
"119",0.170188614461957,0.113953965396115,0.146372152273228,0.103013243225133,0.112090067032516,0.354381957611051
"120",0.208918293067779,0.159223642333426,0.257556757922167,0.00950234890310427,0.142434185330415,0.222364772443108
"121",0.000986293970545186,0.0223326717906079,0.223415321265103,0.188899248125704,0.318151292092276,0.246215172755763
"122",0.0923017477939525,0.252187845663627,0.166611723150691,0.173451975539917,0.147832677961037,0.167614029890775
"123",0.00213376313008666,0.277460403407684,0.0345323296015111,0.16035674672332,0.336513873354202,0.189002883783197
"124",0.00611894670547815,0.411504053959227,0.216736140142848,0.204847108243604,0.134836434154753,0.0259573167940885
"125",0.142274348416382,0.301257618156361,0.00512854508880273,0.00301257521083995,0.251760912434873,0.296566000692741
"126",0.12905238864781,0.35617752887274,0.119326958588435,0.015571843333519,0.332223298181495,0.0476479823760011
"127",0.0383539798870552,0.132255335247517,0.231185437338986,0.202986330613529,0.246699418493354,0.148519498419559
"128",0.177358578687777,0.0772505976267535,0.186796937960568,0.211845701626643,0.141021678363074,0.205726505735185
"129",0.0653543394503463,0.167276981935514,0.230276380603279,0.202688792061834,0.267770714434143,0.0666327915148839
"130",0.019737967377885,0.364049334685268,0.225131020778812,0.100533520737776,0.234350740862172,0.0561974155580876
"131",0.0168278111097144,0.125497715470352,0.0258143966488624,0.361775146472612,0.36879103787205,0.101293892426409
"132",0.238217648394567,0.272356728432193,0.123612114003767,0.129336264599127,0.175880598035231,0.0605966465351147
"133",0.188712990165469,0.197304723587918,0.0203225255666354,0.171406902815563,0.244284012169705,0.177968845694709
"134",0.0674006540648468,0.0673653397332137,0.224536266762975,0.127412848518353,0.33539251564321,0.177892375277401
"135",0.253401673873344,0.0486071010351492,0,0.35840852969137,0.0865609227268845,0.253021772673252
"136",0.189816519162218,0.139796702195679,0.122288710474175,0.122918834875615,0.197189180068905,0.227990053223409
"137",0.274493425637392,0.0651407675078489,0.131832870407141,0.0769286394952971,0.192335459244962,0.25926883770736
"138",0.0976036553999025,0.343620479758419,0.0393649323255745,0.0679194804245481,0.348795033788641,0.102696418302915
"139",0.0549939895048599,0.133471552834233,0.0880279377784609,0.0206733590820247,0.325043914665644,0.377789246134778
"140",0.079020756656092,0.0688480870039315,0.144105189414722,0.197006106581058,0.470199496328567,0.0408203640156295
"141",0.258576119858911,0.0601471368666082,0.0665180941347184,0.20262150889723,0.294858768970294,0.117278371272238
"142",0.240314731673032,0.293728749482003,0.182393232135249,0.0164666736126661,0.209678381140626,0.0574182319564241
"143",0.029853492463691,0.0749587739535543,0.264722939641588,0.0707248537571495,0.305818045348949,0.253921894835068
"144",0.0964468849907085,0.0398143138037516,0.0254977554364696,0.217778725669516,0.30907624592724,0.311386074172314
"145",0.176918574706916,0.0464119917992065,0.308411164164529,0.173929401908067,0.208730196470319,0.085598670950962
"146",0.23683030535068,0.0694658071329046,0.0178084058152537,0.23089008492785,0.148349368278378,0.296656028494934
"147",0.0605472218833338,0.234253119125702,0.0661096817746827,0.221356882727036,0.213004806731947,0.204728287757298
"148",0.178191179653169,0.0815009388202384,0.19381926042499,0.110373493085956,0.299694308175315,0.136420819840332
"149",0.208102821729252,0.267745041471937,0.0640755827637303,0.273593171882242,0.101490737509386,0.0849926446434524
"150",0.0137649795743362,0.151867458544518,0.308991954183906,0.0944222593624079,0.194978792191679,0.235974556143154
"151",0.165172863978901,0.125540957806762,0.255460170804623,0.0945442681404123,0.073960893223648,0.285320846045654
"152",0.169740914149986,0.14278179827414,0.12739705826349,0.194710221766914,0.18058701816996,0.18478298937551
"153",0.250325727055624,0.0180311014848038,0.300190855974325,0.102095631174241,0.163638929261243,0.165717755049764
"154",0.287317964289292,0.0411326651132447,0.280287269561063,0.0492908325319521,0.171271148746578,0.17070011975787
"155",0.269936987279771,0.0104514260804527,0.185770356435816,0.224000717821462,0.174987276999162,0.134853235383337
"156",0.186134496490791,0.232175855988827,0.236229719063558,0.123343117566771,0.092813834896699,0.129302975993354
"157",0.11740711225542,0.282670848282801,0.193244255104364,0.128855443905566,0.183625849544006,0.0941964909078432
"158",0.0123240180011998,0.197154046125428,0.160770181247376,0.213888332212807,0.157335925749478,0.25852749666371
"159",0.181254002817962,0.251063422124051,0.0396062333865452,0,0.264725397750268,0.263350943921174
"160",0.301399608260133,0.200114587399815,0.226959051274699,0.0129542043727172,0.0911256941960598,0.167446854496576
"161",0.300738322248436,0.0857957370810375,0.289097901831303,0.0108438910725378,0.0596798797536315,0.253844268013055
"162",0.33829510116054,0.0490622405498277,0.0220512506350242,0.161854161555754,0.0596405233310827,0.369096722767771
"163",0.0122185023069576,0.145547684197226,0.0404504974344241,0.127496732371548,0.46068726245547,0.213599321234375
"164",0.111395398470332,0.286303929240351,0.172549782230612,0.0722019190213801,0.152940464252041,0.204608506785282
"165",0.199293549903189,0.205069667318999,0.152362930849251,0.235411287830632,0.0899970456155317,0.117865518482397
"166",0.168616975798358,0.0149948135984228,0.0267189826880267,0.207427229691702,0.272817704467317,0.309424293756174
"167",0.200246822433568,0.430348038422523,0.0398645517693696,0.129290086378244,0.0617330750339743,0.138517425962321
"168",0.0802620552606934,0.215226057516542,0.0305121633458132,0.0893078352496913,0.323649726441916,0.261042162185344
"169",0.117417067002129,0.310278097175659,0.0658428669381007,0.265418063236545,0.209575785307949,0.0314681203396174
"170",0.260243323245531,0.189582967214915,0.256737089994365,0.145292553793757,0.0826795679161744,0.0654644978352584
"171",0,0.246563495415791,0.116874004513941,0.358038280819339,0.108587492499021,0.169936726751908
"172",0.287866694151007,0.0428925993856064,0.282384675962131,0.214878525973925,0.037985490808874,0.133992013718456
"173",0.167424702045131,0.115204052720671,0.0312853376046926,0.261215965667713,0.236000573581842,0.18886936837995
"174",0.23585927549368,0.0337705889442416,0.0808383648288363,0.302849861589905,0.0898971570291389,0.256784752114198
"175",0.00109118185964542,0.25465724575757,0.253756999557808,0.182247271549399,0.195555839354053,0.112691461921524
"176",0.114393337976381,0.105343630693579,0.203118758042121,0.205980064809797,0.155920063012836,0.215244145465286
"177",0.391793175922574,0.118211184048661,0.0970765108380885,0.122521539780121,0.0578383075557014,0.212559281854854
"178",0.311567229737408,0.255214636125866,0.0875518343215591,0.0468623817530367,0.248837178581757,0.0499667394803736
"179",0.235737065740191,0.0648745639542384,0.0928803620030325,0.292898592682785,0.0297269465036706,0.283882469116083
"180",0.042560396149157,0.252585120337699,0.222232844825447,0.121416865215091,0.166632241164197,0.19457253230841
"181",0.0891703329590894,0.205993722159809,0,0.248590527643706,0.180439743613777,0.275805673623619
"182",0.23402157436847,0.23211492776441,0.202243102010249,0.0725400411607862,0.127070760779115,0.132009593916969
"183",0.0883835777294607,0.232627610718279,0.0728723176820067,0.259675469849633,0.0410555915424382,0.305385432478182
"184",0.056624422607122,0.049701162417045,0.154065820347028,0.195942039071857,0.426167679609335,0.117498875947613
"185",0.224267938271842,0.224472728886088,0.12290530960419,0.180176457065601,0.206176985002172,0.0420005811701079
"186",0.134005479731136,0.154098844013473,0.185028443529715,0.0358029425841157,0.109365416564593,0.381698873576968
"187",0.0187237184268655,0.316461666186799,0.158288932018024,0.127888900706189,0.288506390825607,0.0901303918365151
"188",0.209156912802709,0.137977156692812,0.210243126350893,0.268368356634788,0.155582020196215,0.0186724273225825
"189",0.0810646969302165,0.0469383281774428,0.235120384453508,0.236327429212012,0.123610113359332,0.276939047867488
"190",0.057667139843237,0.281353185982632,0.274545145473655,0.324228434076858,0.0383625982013955,0.0238434964222219
"191",0.0788069797090166,0.0932411373087491,0.209465740399028,0.261695861397919,0.0874410663228657,0.269349214862421
"192",0.165550165528983,0.177213102146921,0.187608209133728,0.213785508769754,0.11179240273374,0.144050611686873
"193",0.253597447770561,0.241138315196453,0.131603948818234,0.0662256487256584,0.262552594925335,0.0448820445637578
"194",0.157880768160876,0.154121788861522,0.0528642833211056,0.211430061196608,0.231646158604172,0.192056939855717
"195",0.168845593383774,0.0823423458293205,0.0128807969280144,0.054057735690347,0.482153267463141,0.199720260705403
"196",0.199370027634262,0.147542293344624,0.0476868927614652,0.299882222174129,0.00681400193605484,0.298704562149464
"197",0.259845943756786,0.129601163407059,0.102301111498679,0.198974089222748,0.252223634084026,0.057054058030701
"198",0.254802203678316,0.0663863816313367,0.0584903242538081,0.300291350784313,0.128924278534354,0.191105461117871
"199",0.197765861794424,0.0117876188579224,0.129508973810648,0.119170388019301,0.349020330502613,0.192746827015092
"200",0.152729328659295,0.250187620978988,0.189967948050537,0.124228637664949,0.0038814579503073,0.279005006695924
"201",0.178955848374148,0.279710968301955,0.224839105028349,0.103638355500729,0.0541007447923923,0.158754978002427
"202",0.328837803326541,0.0268015772092838,0.142958870520891,0.155406799356152,0.0719611957147479,0.274033753872384
"203",0.0392449228511534,0.326920778262455,0.0402816390067466,0.263751684980838,0.154734504568925,0.175066470329882
"204",0.151721566843618,0.0426063793060216,0.177574136570617,0.213064248286983,0.195854518958171,0.21917915003459
"205",0.26797739287255,0.0247939552472843,0.208329035948416,0.039192206605705,0.168534472652355,0.291172936673689
"206",0.140078369874398,0.212660133617225,0.0868759133044031,0.122749955072233,0.100470772382913,0.337164855748827
"207",0.107839840349408,0.27339711469857,0.187594749908355,0.102400066793614,0.267577510734497,0.0611907175155558
"208",0.0458534115744577,0.300185550349665,0.0377185694570275,0.289671304975808,0.278708814088786,0.0478623495542562
"209",0.281411784638228,0.0184721782074466,0,0.163050881863595,0.215595765207582,0.321469390083148
"210",0.2851956851859,0.139954381012978,0.175373237980594,0.115405367072316,0.102083391542763,0.181987937205449
"211",0.121964068334697,0.262208839581866,0.184802456329445,0.154094070100953,0.0637530672849657,0.213177498368073
"212",0.198815666132391,0.24509961409777,0.230497439499578,0.06228321572192,0.102190373089654,0.161113691458687
"213",0.0982802881376438,0.158284670162043,0.214868175931101,0.100303266398906,0.298436637334285,0.12982696203602
"214",0.323431330206963,0.181773563073838,0.0469718881760466,0.155440538768046,0.17693587154027,0.115446808234837
"215",0.27886274164918,0.181320117479042,0.0399762986982992,0.0173578458421037,0.311770317901002,0.170712678430374
"216",0.117186062681355,0.332901329375806,0,0.0375392155076053,0.229056671179949,0.283316721255284
"217",0.018063636944099,0.414052766403734,0.0731999366083623,0.201835287571056,0.263137162976053,0.0297112094966956
"218",0.199033962356242,0.170320277756622,0.1527009395112,0.143429256413083,0.258334763582581,0.0761808003802711
"219",0.190890805689715,0.147643491067621,0.213273287860236,0.135810218901824,0.135143693185263,0.17723850329534
"220",0.186565425395923,0.0706167285960673,0.124044670388293,0.209546437495197,0.190549017184991,0.218677720939529
"221",0.24861509784826,0.205012396620065,0.132355152314099,0.151952948830941,0.200121427379583,0.0619429770070515
"222",0.231282823354784,0.175721238366808,0.157223444269171,0.140440532838038,0.223156700695952,0.0721752604752465
"223",0.0794009325357152,0.0513618915372509,0.200249803044256,0.22462791553834,0.310775359790091,0.133584097554347
"224",0.17003427126067,0.265895048704796,0.0963578150804603,0.258090032862487,0,0.209622832091587
"225",0.3270407951385,0.033954274534648,0.067981006658522,0.0524470816372774,0.0263236351666265,0.492253206864426
"226",0.227770305016822,0.153745122492868,0.0439234766483866,0.128805309789724,0.284736028388326,0.161019757663873
"227",0.257126613022005,0.125447627803861,0.285841327091067,0.0368705243647659,0.240195226930519,0.0545186807877825
"228",0.419365783554241,0.0193473456923911,0.168648500330258,0.182352061914708,0.127070799331611,0.0832155091767915
"229",0.157184713301598,0.225495860441041,0.18997739220306,0.204090160229822,0.0706897503183669,0.152562123506112
"230",0.150966853869584,0.21272723493006,0.160378220450523,0.18422493239891,0.102138750349166,0.189564008001757
"231",0.0679593496562058,0.325136272926827,0.275493494664508,0.0405181120772203,0.222129183114811,0.0687635875604281
"232",0.0783455881492749,0.269663466369666,0.314504259696148,0.203734153633606,0.0727282740212404,0.0610242581300649
"233",0.210487195603228,0.121413942526827,0.0830480625637849,0.244938275291381,0.102393776760957,0.237718747253821
"234",0.401681405258192,0.017533826998503,0.153304014964447,0.295560744810359,0.0997855578253296,0.0321344501431693
"235",0.299256684962569,0.080769159011068,0.153851502392749,0.0385311834238724,0.123333810708077,0.304257659501664
"236",0.107599099068695,0.221180501702119,0.086670957864586,0.335754686446894,0.121951068496152,0.126843686421553
"237",0.202783113985462,0.188962028774295,0.131011075116143,0.214831947776293,0.182223332580464,0.080188501767343
"238",0.206709491174574,0.192067851025585,0.0497564523249723,0.00916851546219429,0.270206068623658,0.272091621389017
"239",0.249865469890309,0.12882256776686,0.292471506568583,0.205016603091972,0.0267119911368469,0.0971118615454297
"240",0.150821864388043,0.121994843399579,0.0986457590131231,0.277410112058448,0.194614720822671,0.156512700318136
"241",0.288966733967176,0.242282018304409,0.0735469299136234,0.190518776048689,0.199037035615138,0.00564850615096462
"242",0.186940352803054,0.112938294083173,0.232128722341889,0.170900155943894,0.0486557957745926,0.248436679053398
"243",0.172658385137162,0.191389291811352,0.216704036756945,0.0329648614258286,0.199156000640234,0.187127424228479
"244",0.0487404849602581,0.0519417961108218,0.112573222145789,0.357473188293392,0.229557786976443,0.199713521513297
"245",0.28355198308452,0.213370662107551,0.0948701043974055,0.268529704412212,0.0990703475648336,0.0406071984334783
"246",9.85938370010033e-05,0.353524576602429,0.152933279128245,0.0685939649598734,0.339822106138187,0.0850274793342638
"247",0.239330517592641,0.220563606656071,0.0880798143216935,0.0212427693201291,0.187731246310841,0.243052045798624
"248",0.394175219856172,0.110049974695062,0.393520837695321,0.0751165127578283,0,0.0271374549956166
"249",0.125954805264393,0.189162477268788,0.14244420324292,0.22920698182052,0.204519115339359,0.10871241706402
"250",0.117859480583469,0.235442939896688,0.137783322356047,0.236761040980123,0.134195999183339,0.137957217000334
"251",0.343108030424078,0.0499446849993165,0.242121445263741,0.109973521817419,0.121112901730445,0.133739415765002
"252",0.101587045696608,0.209333922622237,0.184336677346701,0.144506814793813,0.145378955066722,0.214856584473919
"253",0.35179115384434,0.325434065153146,0.00691328537404839,0.0291259547295519,0.0407746018460195,0.245960939052894
"254",0.109043524415063,0.138796622304806,0.3479049714394,0.238528595190648,0.00550910973156873,0.160217176918514
"255",0.246991674209539,0.235771721054419,0.0682819316926017,0.16860048720502,0.258231893215319,0.0221222926231006
"256",0.0728676354347635,0.134020463078983,0.0968998340752233,0.322313514073373,0.329089166522837,0.0448093868148201
"257",0.0526227026639662,0.258736169359728,0.210472180997429,0.0109478388614631,0.202689677515915,0.264531430601499
"258",0.211416855298621,0.256563691495128,0.0113011656924652,0.197053435191136,0.26356186157904,0.0601029907436104
"259",0.213969825844488,0.136461695404961,0.205878019350809,0.201948510082663,0.067237582270128,0.17450436704695
"260",0.250880211569296,0.212499144511305,0.149486253029192,0.0919128501475075,0.0917890219493393,0.20343251879336
"261",0.0821124166308969,0.240968518796613,0.137598790261825,0.0726542486289234,0.212656805622633,0.254009220059109
"262",0.0523748281647779,0.0154890616542407,0.180017702119738,0.0324893442330416,0.290035175801251,0.429593888026951
"263",0.0922241736017006,0.2963461465254,0.185865455829668,0.124850436387164,0.0723737432155423,0.228340044440525
"264",0.0352565767894736,0.216180951032341,0.113447597814736,0.408893921463064,0.206417073683669,0.0198038792167173
"265",0.251037767369541,0.241779170396386,0.221398757519635,0.0160820071989301,0.249434192496702,0.0202681050188054
"266",0.00799585699037801,0.121489634671874,0.255084830951124,0.059028064535654,0.0807430398345996,0.475658573016371
"267",0.319726728738009,0.114647951521744,0.0757269187441985,0.159377333480737,0.23591881550239,0.0946022520129218
"268",0.145777309283579,0.144770913998371,0.105079852183102,0.188310535954916,0.328397482483126,0.0876639060969058
"269",0.136287506888106,0.0654712979868053,0.195050541653021,0.161309250370561,0.182032252211124,0.259849150890382
"270",0.0473828954536071,0.298946325930742,0.109260916035169,0.413038618835899,0.068333956156399,0.0630372875881839
"271",0.130731394084958,0.255806968262105,0.0722773985332619,0.0402883499615908,0.214548265710362,0.286347623447723
"272",0.0323252854369491,0.057063750133955,0.139751190859224,0.209700075993396,0.218123937667145,0.343035759909331
"273",0.0728788634049539,0.193823598631335,0.281792050626796,0.157755406875464,0.0519715259924321,0.241778554469019
"274",0.091467881560682,0.179891680802948,0.236929573702858,0.145241749412985,0.0416186996346701,0.304850414885856
"275",0.121651658631533,0.223611263319422,0.167861268378762,0.224908965721671,0.0706090294017481,0.191357814546864
"276",0.120087480847855,0.127962231060316,0.274459583572513,0.0336118699118793,0.172045273572968,0.271833561034469
"277",0.0720611682031539,0.27435049187044,0.233005464479235,0.0841152855909553,0.137004428154679,0.199463161701536
"278",0.101222434947415,0.16431026306097,0.243473230663811,0.235629601705709,0.0162768619058594,0.239087607716236
"279",0.254686932888686,0.0124185751159675,0.0881207546528921,0.0762238417092015,0.345040670144946,0.223509225488308
"280",0.251892677868754,0.268817495387685,0,0.126887009876081,0.200734280283589,0.151668536583891
"281",0.228260074144908,0.0960190729638814,0.0866426778900902,0.0494233628988147,0.246179786956268,0.293475025146038
"282",0.20396623113588,0.235979704255476,0.044382289037027,0.226329933668684,0.0398615410719797,0.249480300830954
"283",0.168491946478693,0.00752082221366457,0.113986391294801,0.0689198833975678,0.345966134544485,0.295114822070788
"284",0.230237883166949,0.291311560505807,0.182279106114521,0.141777925232712,0,0.15439352498001
"285",0.0964197093820102,0.0598486222733535,0.251762212497247,0.242582290041974,0.248968549223525,0.10041861658189
"286",0.0224843419019051,0.186592959950526,0.118854369363993,0.18110325928243,0.170815946695653,0.320149122805494
"287",0.235255043269572,0.201946104204393,0,0.147816507904281,0.200580400114559,0.214401944507195
"288",0.170545337249636,0.116234421579632,0.0501973370035668,0.21040005877993,0.207294643376859,0.245328202010377
"289",0.212805700444559,0.214411432882392,0.0882971411514627,0.193611801516826,0.168412486187102,0.122461437817658
"290",0.0246119822184345,0.28334954075408,0.0706727012712065,0.354840588467514,0.217148280539608,0.0493769067491567
"291",0.0213098074095642,0.386283184039103,0.0958170964961572,0.158794103074234,0.0924610173193137,0.245334791661628
"292",0.188414203077345,0.0733500948630033,0.244739743627576,0.161299159168879,0.28960795305163,0.0425888462115665
"293",0.0513664383137502,0.318904460444832,0.178238435526841,0.222889146718872,0.147571679737932,0.0810298392577729
"294",0.0126073038886416,0.141676622023402,0.22556621852646,0.100479084865505,0.242298254214097,0.277372516481895
"295",0.0250622918750741,0.184441178827164,0.268702271808097,0.124792667225648,0.071661000954643,0.325340589309374
"296",0.219767358414357,0.0216814257113903,0.316417953877901,0.0508855056044639,0.186003033083254,0.205244723308634
"297",0.180115463042601,0.141198547380654,0.181226491297831,0.151227912716945,0.207192473033188,0.139039112528781
"298",0.170632888784843,0.316212519790067,0.0202524188617366,0.222377523422986,0.000516073289577835,0.270008575850789
"299",0.0996167584960114,0.0990700324533445,0.254173003998037,0.224569807349433,0.156118039107627,0.166452358595548
"300",0.0988833289193465,0.378850054080835,0.282102133475611,0.178217036972358,0.0336529703453919,0.0282944762064575
"301",0.0675312777816885,0.0896468733784272,0.21841850127368,0.349599724238176,0.141901220034732,0.132902403293296
"302",0.212833649427659,0.0416724724136202,0.09241032424975,0.256134925844633,0.184864253690794,0.212084374373544
"303",0.243208218227501,0.213328525769071,0.137613908761765,0.0436252904570536,0.0828757898878803,0.279348266896729
"304",0.090756651606084,0.0574163190362352,0.231751433424075,0.12658337543364,0.0988281447735601,0.394664075726406
"305",0.331017098959518,0.286632615564402,0.236297553299616,0.0987893793991524,0.0204862256939004,0.0267771270834108
"306",0.238826944175073,0.0528330227334888,0.0947805940731847,0.0783208809341052,0.171425292013616,0.363813266070532
"307",0.233410527631202,0.214095526512201,0.152928778362481,0.0740409096066001,0.0531556312896088,0.272368626597907
"308",0.050798802552925,0.255606802059939,0.157488115886785,0.245020482351998,0.0532382241305698,0.237847573017783
"309",0.063814132454655,0.0968327889725705,0.171011143455449,0.103101971333428,0.213913770183707,0.351326193600191
"310",0.000701141395342045,0.0583684040434275,0.229333809144613,0.378856487877523,0.119037420902397,0.213702736636698
"311",0.0582823561154298,0.110883778373792,0.135961483103946,0.300332542753423,0.139589928176599,0.25494991147681
"312",0.26956561234482,0.00642988601525669,0.163829445690584,0.0136947944794477,0.202279662388888,0.344200599081004
"313",0.15257629015212,0.176916483884991,0.222038797189497,0.112768806100751,0.135307540523053,0.200392082149587
"314",0.180728762537224,0.186999598071553,0.152600720976875,0.183893547047621,0.10441333059438,0.191364040772346
"315",0.207177133430307,0.0860146759665771,0.346540802279313,0.0381404053556118,0.26856554903388,0.0535614339343119
"316",0.149431957531836,0.221712561976075,0.232741903549987,0.0567776200591932,0.325152163643527,0.0141837932393822
"317",0.197400250544356,0.0172143847795674,0.250396228480725,0.164234778545783,0.0388145149398647,0.331939842709704
"318",0.219897867881253,0.229784992118436,0.139848868790521,0.184984051276155,0.117377915815797,0.108106304117839
"319",0.098995122047033,0.0495939962946322,0,0.174219333253704,0.295637397067185,0.381554151337447
"320",0.369275273171337,0.107583613406203,0.035363328035051,0.0209295888290162,0.0830907859698623,0.38375741058853
"321",0.144500605082401,0.0958198926044685,0.149402890836404,0.210487638544753,0.221466048781134,0.178322924150839
"322",0.159545887258892,0.0959197609418348,0.27303503183848,0.163799316078587,0.136160719105698,0.171539284776507
"323",0.191013632243627,0.120595144399251,0.192035877150537,0.0612311898851957,0.195326235603954,0.239797920717435
"324",0.0984218415652884,0.252674494006177,0.286425031878468,0.165721125094685,0.028965334774868,0.167792172680513
"325",0.371180145114384,0.281539569476654,0.00931026443521677,0.179954638213436,0.0943410946288504,0.0636742881314592
"326",0.13212069512797,0.522805111135828,0.0376864780162767,0.120836279855021,0.116941679671153,0.0696097561937518
"327",0.0698385747923483,0.0579440092766417,0,0.390568044000277,0.0435405715763542,0.438108800354379
"328",0.075587323748346,0.303775242989909,0.00735657871938134,0.0928105848656855,0.119867316437987,0.400602953238691
"329",0.295775868072023,0.075878629825817,0.153378612258394,0.188637154442378,0.224869385564357,0.0614603498370295
"330",0.049728892800055,0.292368169251849,0.0698967099916204,0.16951076590915,0.259295072538682,0.159200389508643
"331",0.249346232341699,0.142801864954788,0.182528911948237,0.247233885445237,0.0163264332060762,0.161762672103963
"332",0.116874102796281,0.305730541627471,0.069901249530592,0.252469783942041,0.0825163916544872,0.172507930449129
"333",0.0380977488502563,0.260711971130344,0.106175874209542,0.20057465837116,0.298283803320658,0.0961559441180401
"334",0.290241859000646,0.120167020755269,0.304609330426398,0.113684164775718,0,0.171297625041969
"335",0.154808758859809,0.0791108420089983,0.308800495143928,0.182870240835847,0.155808624551347,0.11860103860007
"336",0.256145598453786,0.0533719768824041,0.199157151629494,0.15843970572497,0.159859424602624,0.173026142706721
"337",0.109705935767821,0.213467194987879,0.0905613100369941,0.20285626384923,0.145818717341609,0.237590578016467
"338",0.171546262283308,0.0256170059568129,0.211060429229144,0.143191804711553,0.318332021007268,0.130252476811915
"339",0.145415374839325,0.0622272024461841,0.139152610340326,0.260745727245078,0.282272653796697,0.11018643133239
"340",0.133180141997657,0.226704255925075,0.209718143673642,0.256296633571828,0.060169202390207,0.113931622441591
"341",0.079716073653741,0.361583487145705,0,0.237847584318453,0.102702891255254,0.218149963626847
"342",0.128446326831077,0.23015086531952,0.099540503116913,0.181302521689972,0.213351192876092,0.147208590166425
"343",0.0524616565087654,0.0634509112431829,0.270209804152822,0.0402762380135652,0.286373990743015,0.287227399338649
"344",0.179785204473958,0.0216156934481567,0.165403122293598,0.00893977434493599,0.399780097696587,0.224476107742764
"345",0.413411319175628,0.0876473579430027,0.306976449693927,0.0425124292798177,0.114790196071823,0.0346622478358015
"346",0.0172860855534778,0.240677607626947,0.00674719118968207,0.310462913761753,0.229747040895167,0.195079160972973
"347",0.0959529070699771,0.0629376181107655,0.0853640835111134,0.155401021206611,0.319356285846432,0.280988084255101
"348",0.25321024146539,0.29036084191006,0.00116110077722753,0.258021466685852,0.0481662140017126,0.149080135159758
"349",0.319747675013355,0.01955589754919,0.246255618059391,0.0183225702616684,0.206628256861754,0.189489982254642
