"","neu","NK","CD4","CD8","B","mono"
"0",0.286121725898992,0.103373185153685,0.0418441918336554,0.108433267029557,0.254246451519947,0.205981178564163
"1",0.227347411036107,0.09023980736488,0.0686614246865216,0.323061531937298,0.137572694876389,0.153117130098805
"2",0.276702668972837,0.468690991597685,0,0.0591153779355754,0.137116956505829,0.0583740049880734
"3",0.129816005089075,0.0917922547775251,0.190869937527107,0.243304820186368,0.0101353774337809,0.334081604986144
"4",0.373740262758846,0.0356940132164287,0.100910043172078,0.0944455774999116,0.0472845001964596,0.347925603156276
"5",0.215703253357498,0.0646554152435716,0.0989196735291756,0.139397178131206,0.0695330818383005,0.411791397900248
"6",0.209031774694604,0.193506742414602,0.0202878114828103,0.132123789592142,0.15255164925042,0.292498232565421
"7",0.209633560642305,0.172158533806295,0.260858795337149,0.20559351534202,0.00643785765108753,0.145317737221143
"8",0.321917931023845,0.226877858125871,0,0.11887891122412,0.0999854313391949,0.232339868286969
"9",0.160397865297787,0.175890170974396,0.123267507871959,0.142315764405113,0.122238787884324,0.275889903566422
"10",0.099277549328473,0.254544654481779,0.0690634760694753,0.233903520182705,0.100768621254621,0.242442178682947
"11",0.0502147501083499,0.23655034210135,0.187092579145508,0.213712013922384,0.08107355348873,0.231356761233678
"12",0.0104353370881786,0.153363728164138,0.065470905580475,0.308907755456267,0.135780164360982,0.326042109349959
"13",0.13712612694116,0.0469696044504251,0.149294966224643,0.158257084027879,0.272819836932993,0.235532381422901
"14",0.00261962040565671,0.249591539439357,0.131276094906303,0.0579000433591052,0.32491731668306,0.233695385206519
"15",0.232060840878432,0.166190512811237,0.187276981769712,0.154530062327669,0.143639124328981,0.11630247788397
"16",0.20052927460962,0.119213008263341,0.183253329872487,0.0789583145597173,0.237230120824208,0.180815951870626
"17",0.00666350898771353,0.299911572555359,0.130050901285196,0.357384112370956,0.15444754108741,0.0515423637133641
"18",0.206615962563957,0.130422370637964,0.00808551834440005,0.37340889165331,0.236284637660267,0.0451826191401021
"19",0.117352622784952,0.0465289275851442,0.0236763073878362,0.0865984558097277,0.367793071447536,0.358050614984804
"20",0.137337611765337,0.163840355535016,0.0785554767542784,0.290414416815049,0.079344775579394,0.250507363550926
"21",0.161061983314667,0.435339188467514,0,0.0795127225457941,0.0127788130915461,0.311307292580479
"22",0.158964014600334,0.0954770007448981,0.100642272544904,0.151595593696723,0.160336991030466,0.332984127382675
"23",0.108881250232937,0.218953253559174,0.160034178054115,0.130055913298989,0.172190967788215,0.20988443706657
"24",0.177816612611261,0.239029325694013,0.0149536514348196,0.0689456113715642,0.23135089030302,0.267903908585321
"25",0.355687087271231,0.0637755001337703,0.15935888041941,0.201330668727634,0.120597747764879,0.0992501156830755
"26",0.000645383094530232,0.251841671472915,0.153149376515189,0.252150937730039,0.121098144715418,0.221114486471908
"27",0.0722945639945935,0.353599176291269,0.0574429028632164,0.454038756092018,0.0270662487090933,0.0355583520498097
"28",0.217320688330103,0.257571489948358,0.156844134680659,0.130092539951115,0.154007858762397,0.0841632883273682
"29",0.312353497587462,0.173881523466688,0,0.0617525337444825,0.0488047947021062,0.403207650499262
"30",0.0715977195687914,0.289418923816329,0,0.0320720449957016,0.217166139048915,0.389745172570263
"31",0.20109573686677,0.104034668003808,0.199036171998132,0.205971577569357,0.139350178368074,0.150511667193859
"32",0.116443224911622,0.124071935714203,0.251879880631038,0.298860266976641,0.174372148985867,0.0343725427806302
"33",0.552913643996488,0.0593162091502716,0.253261924247837,0.0859941791441936,0.020379832805251,0.0281342106559589
"34",0.127383306027495,0.132466493927335,0.30368762890831,0.140153384853357,0.272981738892791,0.023327447390711
"35",0.0327614244427649,0.257425559099678,0.176138971463974,0.133629643261135,0.155589312415566,0.244455089316882
"36",0.30708263308931,0.325173124879862,0.0618458521915038,0.139356807697028,0.0819761706467436,0.0845654114955521
"37",0.0137339580141026,0.400087632401641,0.0396277413504519,0.317673718204985,0.205713307355104,0.0231636426737162
"38",0.269155066637573,0.0433400079850489,0.020517543671052,0.242032171798371,0.151145366636437,0.273809843271518
"39",0.187558273622941,0.102413078055576,0.143394474106891,0.201556522058186,0.2268604993861,0.138217152770306
"40",0.165420273049791,0.183431769240552,0.0849882876618983,0.263956176925568,0.217328491624268,0.0848750014979218
"41",0.22807222711958,0.286915611366083,0.145468811404721,0.079354218674255,0.250277306695773,0.00991182473958789
"42",0.525764207878792,0.0417495928461142,0.0496505305724149,0.0142890405440518,0.281012022652576,0.0875346055060518
"43",0,0.225707636109452,0.229915697940924,0.180586716284235,0.265565424142729,0.0982245255226604
"44",0.156160240549841,0.274336381681869,0.0128779830768453,0.209077962633932,0.226310708072384,0.121236723985129
"45",0.101516145095151,0.0157107253708845,0.151663377119611,0.139195065483263,0.261683640010954,0.330231046920136
"46",0.200546983747529,0.191571406480856,0.0591889192340674,0.215794506323762,0.188278141423958,0.144620042789827
"47",0.229288696637505,0.153437891897156,0.0727749977158396,0.129450287267062,0.311812984607577,0.10323514187486
"48",0.00805552682768027,0.29369260072965,0.0405080530043712,0.363112519205689,0.138834796775153,0.155796503457456
"49",0.108977310885128,0.121658513230316,0.0466785622477788,0.322097333716982,0.100190488104042,0.300397791815753
"50",0.0989894560454425,0.163290134696138,0.169108497557761,0.169083755648671,0.0783093879069871,0.321218768145
"51",0.0186048672614895,0.313398691974148,0.0097001710270902,0.34362645312214,0.0706066428909344,0.244063173724198
"52",0.228011461627138,0.268865883529524,0,0.304686828379581,0.0472685483736715,0.151167278090086
"53",0.34157735712204,0.29352140924045,0.0598619666032733,0.182317567337432,0.114654601307075,0.00806709838972941
"54",0.0925192422201768,0.163906101962298,0.246982236391752,0.0402311272918582,0.256712210427665,0.19964908170625
"55",0.210687072361437,0.188618242336863,0.279168759700618,0.0650823124066801,0.0184340078969141,0.238009605297488
"56",0.19752212572315,0.118264353713282,0.159793234633006,0.255915106480538,0.185395374999286,0.0831098044507388
"57",0.0395991997746124,0.113386599298515,0,0.338195406103012,0.282493884752488,0.226324910071372
"58",0.251011279463003,0.18130564603429,0.0960107346239882,0.192525947780783,0.156011119029107,0.123135273068828
"59",0.116915581726255,0.295679894493374,0.11657045279378,0.15263066339285,0.238687650072619,0.079515757521121
"60",0.10735437989619,0.191863942048905,0.223138798939314,0.192147852196683,0.251152652648976,0.0343423742699324
"61",0.126533148780892,0.251687321147819,0,0.227615684579952,0.118497515126583,0.275666330364753
"62",0.0230553830219506,0.204442238059349,0.0460138991594046,0.128708259024467,0.293639946876833,0.304140273857996
"63",0.156062131731994,0.116422445566958,0.207406721801102,0.265192122964713,0.141819076690516,0.113097501244716
"64",0.255102948333668,0.0177773801551579,0.119524607168128,0.188249529738453,0.276870216472515,0.142475318132077
"65",0.151423763895727,0.302399458984013,0.120303876521093,0.0527746521244172,0.0426647836099676,0.330433464864783
"66",0.178441245327399,0.227066414202873,0.0374939227308216,0.255762893150862,0.229809539813671,0.0714259847743736
"67",0.0252910355937191,0.268584827928885,0.188846448587965,0.0928689199453004,0.0945482407225558,0.329860527221575
"68",0.0225169975802108,0.106166246609557,0.146713663374253,0.204907093315299,0.203788132764825,0.315907866355855
"69",0.241035613015076,0.106785441871337,0.215223812639845,0.0359158253992146,0.0590921728113608,0.341947134263167
"70",0.0405025649934324,0.163402240402481,0.247843902740166,0.1826347244847,0.205163422425567,0.160453144953654
"71",0.228231090244641,0.0408397310013876,0.180062752401511,0.0809858608671125,0.221666085458502,0.248214480026846
"72",0.157130652342559,0.269794417782403,0.141966345099293,0.182362290440035,0.0895410737342207,0.159205220601489
"73",0.118447281442866,0.1727859823659,0.0993458585478132,0.355322186173844,0.0822038607344416,0.171894830735136
"74",0.239355030061951,0.257593590838356,0.0841683679287957,0.058370935731903,0.228176065168394,0.132336010270601
"75",0,0.168664268097556,0.19804430017793,0.121493741204268,0.329552385294486,0.18224530522576
"76",0.256696018953383,0.201541627180089,0,0.138552478305116,0.200634412407456,0.202575463153956
"77",0.128979769952062,0.102144157074433,0.204088070771296,0.0505792519987911,0.251620113132471,0.262588637070948
"78",0.116853574149587,0.114833766386052,0.241797948306455,0.237169200093225,0.273177845419513,0.0161676656451679
"79",0.241684120968455,0.0738049541294711,0.0645255241472253,0.173317088405244,0.145387115030266,0.301281197319339
"80",0.0983169097982135,0.237908797516445,0.0769000925586775,0.251852336380419,0.112997274642106,0.222024589104139
"81",0.261638728472827,0.114480554652702,0.157761975229619,0.154000263565702,0.0423458178019828,0.269772660277168
"82",0.280345487851925,0.181352513774865,0.115269664619606,0.0461229042723385,0.267953781896709,0.108955647584556
"83",0.117800078179419,0.261176722459192,0.196829685825727,0.112713515527316,0.188231616699679,0.123248381308667
"84",0.0630874432676384,0.21257470003587,0.25141444036223,0.0743346088753344,0.166610325057176,0.231978482401752
"85",0.0800676878090481,0.219023400085518,0.00178467570785061,0.187075366518023,0.228055681967996,0.283993187911564
"86",0.100309757304768,0.101577015231649,0.147222619455366,0.0913810765702818,0.24309667735101,0.316412854086925
"87",0.167296845730544,0.134804801266087,0.0180435460283068,0.080645976396609,0.282234491437521,0.316974339140932
"88",0.022814594669286,0.170592820014359,0.0935442108240742,0.159264533644813,0.31893712081381,0.234846720033658
"89",0.222366726251084,0.117966009714094,0.135887315864698,0.103946780812083,0.23615509206207,0.183678075295971
"90",0.191425633124058,0.210180114625481,0.186479978044746,0.164812436762978,0.0607975251088388,0.186304312333899
"91",0.0977949330240826,0.30751374976242,0,0.228800736270436,0.12931968371667,0.236570897226392
"92",0.129981067342854,0.166615756781335,0.0644537343789372,0.220161400087538,0.162533111497924,0.256254929911412
"93",0.0297436066994224,0.0989350187674731,0.261962030160508,0.277446172219953,0.0585328611127894,0.273380311039854
"94",0.127199262212253,0.0478823336594421,0.0707365510002283,0.176557645677363,0.263436134694567,0.314188072756146
"95",0.0103181788045334,0.220972105748579,0.233191350509595,0.181131687877294,0.123356946743466,0.231029730316534
"96",0.03132885587533,0.0271036643455827,0.0646956806888348,0.247914175089728,0.298790024789017,0.330167599211507
"97",0.247167267573757,0.0692780747940712,0.152912130334627,0.0103757095560572,0.231409994849389,0.288856822892098
"98",0.128417586310001,0.200602351678229,0.115879546035906,0.239416781958992,0.0506624720955722,0.265021261921299
"99",0.248901071405704,0.266086781531553,0.123415139389602,0.0327740743453586,0.103258812863322,0.22556412046446
"100",0.261595677729984,0.0458393719078865,0.0789344874996837,0.0722360998837739,0.202453464427607,0.338940898551065
"101",0.110096098434224,0.308801602054112,0.211678231632682,0.0513985134883134,0.0533395949684002,0.264685959422268
"102",0.178878667501075,0.0773560702248418,0.208118895447981,0.194576435581264,0.129703079835935,0.211366851408903
"103",0.0311008147640178,0.0606141029464914,0.152150382147637,0.211254395639143,0.281178434403723,0.263701870098988
"104",0.167013803412724,0.140180900211643,0.325619914218264,0.101547140775142,0.211255261540925,0.0543829798413014
"105",0.269079859269705,0.213386331064507,0.14836285139853,0.0594532810032338,0.0919840981627566,0.217733579101267
"106",0.141558546058818,0.112808259187827,0.165267221074044,0.104908817307736,0.093478417198171,0.381978739173405
"107",0.183121631591144,0.126877733298981,0.0840247262111101,0.463785561558578,0.0561805633971455,0.0860097839430408
"108",0,0.157465566348723,0.188403686919202,0.224293612839935,0.260979218017176,0.168857915874964
"109",0.0247164158076186,0.0804030077699651,0.0145966102897956,0.424695107891413,0,0.455588858241207
"110",0.183518548028845,0.0746139277931793,0.0194153315628936,0.342743827003126,0.362141065773735,0.0175672998382211
"111",0.171108298157428,0.15638851525735,0.231267574908928,0.0241176627851207,0.111633710414064,0.305484238477109
"112",0.247340071291479,0.137903221312906,0.201211493173949,0.117117202775316,0.290839520612117,0.00558849083423274
"113",0.179954614782656,0.247270977165819,0.0794990946757228,0.0907521708568186,0.173167061280776,0.229356081238208
"114",0.0196240461963421,0.264116923385802,0.232712875109957,0.0971512480130343,0.302584662424006,0.0838102448708591
"115",0.0403362749190224,0.145733754959262,0.157064485739554,0.244216518518501,0.17095379271248,0.241695173151181
"116",0.250739910287291,0.235533097861621,0.0707084955496674,0.0583966159355635,0.286011219501795,0.0986106608640623
"117",0.117194012115948,0.0898816457532867,0.241586851165525,0.205516143650564,0.172715464713847,0.173105882600829
"118",0.287411749958212,0.12094614563494,0.0342484105017616,0.0296795966372445,0.183837859998969,0.343876237268873
"119",0.139288225847645,0.252195539536479,0.098792122178909,0.101968434791807,0.204858506228724,0.202897171416435
"120",0.207243370526096,0.113530225182567,0.212360588894681,0.202164376652173,0.174667152633996,0.0900342861104862
"121",0.0241546907938609,0.0287536179172567,0.245795687729132,0.352798395444885,0.222288565157887,0.126209042956979
"122",0.341971475572222,0.199623978024492,0.0715353515039086,0.206335561564101,0.122106884612449,0.0584267487228279
"123",0.0651740996252077,0.297871477711946,0.0678772593850548,0.3231442642773,0.196260435065863,0.0496724639346288
"124",0.119385305999781,0.190888785407145,0.0243606402117907,0.336122605743628,0.0932161216735446,0.236026540964111
"125",0.304929667001682,0.287641444903816,0.165359601011376,0.0533502403851294,0.00850554213651691,0.180213504561478
"126",0.328575668162078,0.0850927145839226,0.0543506050723437,0.273959810715799,0.0673747724706271,0.19064642899523
"127",0.181892102066698,0.257627578174393,0.028038045306275,0.100338037962677,0.320654739404891,0.111449497085067
"128",0.0372713025179219,0.0102067080204398,0.375107238440733,0.31888071648048,0.0493459175350514,0.209188117005374
"129",0.0503969864195761,0.0874393245930916,0.286265127301967,0.400385646484326,0.157694385808833,0.0178185293922062
"130",0.0107924182808107,0.0660698843864827,0.106011993222673,0.447372728037523,0.350262967417589,0.0194900086549206
"131",0,0.144074363119614,0.257035783791565,0.109622844462547,0.281588414255216,0.207678594371057
"132",0,0.165717489785591,0,0.309998682259974,0.329685887650377,0.194597940304058
"133",0.110303582840475,0.341890542881853,0.0677566740895364,0.0899672454278721,0.0945740624578428,0.295507892302421
"134",0.289884936202707,0.0565206538758698,0.165230272684395,0.078694685227366,0.289274877385051,0.120394574624611
"135",0.101188324242173,0.181612126139742,0.225813177800761,0.061708773148025,0.171521635488324,0.258155963180975
"136",0.0125447349157542,0.193131453632705,0.184195290309263,0.2116393281286,0.121255104110508,0.27723408890317
"137",0.288118476644399,0.210214862451526,0.228337015030209,0.0915698335772606,0.122991769398457,0.0587680428981479
"138",0.145972036024729,0.0783177530993134,0.183887984891855,0.181387385130303,0.181112328093712,0.229322512760088
"139",0.0884585477951173,0.302168390755247,0.193349593733262,0.213719557866734,0.149423044794767,0.0528808650548723
"140",0.180885625150982,0.170986025358634,0.112006322402948,0.102314107660469,0.134777936537735,0.299029982889232
"141",0.29211977646941,0.263535063014533,0.0401707509230523,0.28902241080543,0.10172883119256,0.0134231675950147
"142",0.187646481897237,0.246379471648872,0,0.0175797999158117,0.298469165488383,0.249925081049696
"143",0.0657360518794199,0.219161958955833,0.239774968266293,0.347173000549861,0.064064250800082,0.0640897695485113
"144",0.171311555179005,0.0376273556595537,0.218693650884207,0.0788172130151756,0.283990308316758,0.209559916945301
"145",0.227544533130616,0.236707047307428,0.285454731035487,0.082110106892216,0.052115864446829,0.116067717187424
"146",0.221344494753551,0.0969081042256018,0.177075124864522,0.237150981779666,0.0492092043018218,0.218312090074837
"147",0.277597514611416,0.0451064063996745,0.0283269416046756,0.00743270674940696,0.324962751854753,0.316573678780074
"148",0.130957649993938,0.0477407191363125,0.0336173500154021,0.120238617408097,0.157995100858969,0.509450562587281
"149",0.269884503992413,0.213959732423989,0.297876740359575,0.0599848694691011,0.136771800576219,0.0215223531787025
"150",0.0574086290890643,0.291766992795899,0.281313591454588,0.212734671545612,0.0504633402567107,0.106312774858126
"151",0.147196265654529,0.172581774104396,0.181958873300084,0.20144075467431,0.187443184364317,0.109379147902365
"152",0.170065540683347,0.250745425995823,0.10514681474898,0.113825785922178,0.145690822298109,0.214525610351562
"153",0.185007668652013,0.04131810550366,0.0462160018661811,0.168754816216893,0.421107575756366,0.137595832004886
"154",0.156321170847322,0.196815042995938,0.0445518641274961,0.193256080591421,0.229917216204668,0.179138625233154
"155",0.0485611542709473,0.253056775439816,0.280500210942282,0.0682683805109439,0.301857144519165,0.0477563343168451
"156",0.0252697600118429,0.364883541056701,0.00639354511778514,0.114519058496146,0.0920479888185852,0.39688610649894
"157",0.19802132552987,0.198879427723043,0.250403758534185,0.161465383919208,0.145562590614799,0.0456675136788953
"158",0.290394938535246,0.28670999880417,0.0469978888188187,0.0350502572681043,0.260704950176321,0.0801419663973404
"159",0.175998789793253,0.274780121416258,0.0456713717175685,0.273373448084284,0.0207740020620788,0.209402266926557
"160",0.279387151167187,0.127474905452069,0.0407304928741068,0.198826398710601,0.34763917229108,0.00594187950495612
"161",0.0491884998956263,0.181272039856236,0.0962684470059457,0.253398003359826,0.224395099557284,0.195477910325081
"162",0.0175528239035747,0.0851262548310548,0.0880183401911973,0.295254845026105,0.31059756561776,0.203450170430308
"163",0.267977348932519,0.126540428656123,0.068047360976781,0.161480664130195,0.0793398650422453,0.296614332262136
"164",0.132009969995299,0.127943845500372,0.16004934347961,0.153228470501215,0.102140319556294,0.324628050967209
"165",0.167688678906815,0.0652701165603336,0.2334286467008,0.215163365215194,0.254638496964533,0.0638106956523239
"166",0.287069403456221,0.228457928270357,0.0526085457714956,0.0606500851950832,0.0608768950099139,0.31033714229693
"167",0.119113207066679,0.0214332845943165,0.118903834078677,0.209698767890833,0.1709300721513,0.359920834218194
"168",0.350696793550664,0.038687296131289,0.178071111545616,0.0794267810026663,0.237185619142808,0.115932398626957
"169",0.339530893160887,0.0566293082129883,0.0427585418749485,0.0759826717337487,0.0191000183767069,0.46599856664072
"170",0.0464892377990124,0.528874995146397,0.113880782516512,0.237042211382619,0.0295710513438344,0.0441417218116252
"171",0.249222024549407,0.252198705339281,0.0230261662784845,0.184016728816979,0.0582606721015954,0.233275702914253
"172",0.038914985193225,0.363676142179482,0.194898415742278,0.100230215550426,0.292229527252134,0.0100507140824554
"173",0.392558985667028,0.151644863631586,0.0652159863122885,0.04884701077355,0.21871538961829,0.123017763997258
"174",0.180863340251705,0.193185183069544,0.156682425469949,0.113449190076626,0.231016102724274,0.124803758407901
"175",0.138415843233094,0.260945312536385,0.106216488645601,0.235897656381913,0.186324995316137,0.0721997038868691
"176",0.0173850455269442,0.336954321306616,0.0386294340048101,0.324047500328757,0.173070346795492,0.10991335203738
"177",0.0114663089397507,0.0918894049368022,0.169859630302596,0.333722603580741,0.0399648219052311,0.353097230334879
"178",0.291308564431548,0.218696826261965,0.20154132085388,0.0790976938240592,0.157872351978848,0.0514832426497
"179",0.0551090529552984,0.179913199324199,0.170410231921864,0.1333874377627,0.182717503606792,0.278462574429147
"180",0.242260097586344,0.193393679815985,0.217308497628415,0.155492654085349,0.148952174723052,0.0425928961608552
"181",0.168979680083364,0.211515218532752,0.225212723933183,0.164811556700725,0.125926881677356,0.10355393907262
"182",0.164840597341958,0.348479879713711,0.00757921095915569,0.355205011849565,0.0478797181659375,0.0760155819696732
"183",0,0.146738479620724,0.324753998681358,0.227205279919612,0.100398081871397,0.20090415990691
"184",0.182055808306024,0.0983725759969784,0.228845220418261,0.0430869146477944,0.111330631033369,0.336308849597572
"185",0.270140281576625,0.0560926130312741,0.238613985209324,0.085614151473343,0.00624807770533688,0.343290891004097
"186",0.12317298054274,0.363328257383349,0.0842565557435732,0.0332014333064375,0.0360443319566693,0.359996441067231
"187",0.0571264711235072,0.0196249359350466,0.0450136915011927,0.289358290137587,0.403956023427574,0.184920587875093
"188",0.020623456315825,0.136291414981437,0.191622581810483,0.273708471741563,0.252796946520539,0.124957128630153
"189",0.217304865642214,0.151317994690198,0.173363201713358,0.112462625737329,0.0803190746716373,0.265232237545263
"190",0.110083838081341,0.245387277324739,0.10157044644522,0.244387570272872,0.0520326588652552,0.246538209010573
"191",0.148752000776721,0.0878766091788627,0.180224183555237,0.201480169495783,0.142568122713976,0.23909891427942
"192",0.0588744718877758,0.210046238335221,0.113580175750004,0.241381464591794,0.21903884079005,0.157078808645155
"193",0.127150165921359,0.23131303301322,0.206864868809066,0.254659103718368,0.0909083244753218,0.0891045040626652
"194",0.118342944237407,0.265110679975867,0.153773869334155,0.0904782290788841,0.261671117285402,0.110623160088285
"195",0.138451375452795,0.0256780500857712,0.105814643143995,0.188941763783202,0.392162223414508,0.148951944119729
"196",0.166942422966996,0.208537597015726,0.0552324037285061,0.243652203638201,0.252113545198837,0.0735218274517332
"197",0.214738961283443,0.213824102076012,0.14511051874251,0.26389179708731,0.0671934209334037,0.0952411998773215
"198",0.382462237288657,0.284623351911953,0.00455506250702305,0.284312554410622,0.0243938059368133,0.0196529879449315
"199",0.199858788898056,0.142932490237617,0.0875069989450342,0.139388031999768,0.203618271503122,0.226695418416404
"200",0.1512600509954,0.195170387739724,0.107734077735085,0.196060935750872,0.213665811762207,0.136108736016712
"201",0.192008383389424,0.301717311176985,0.0444513906274654,0.0801351832459014,0.0942513030922619,0.287436428467962
"202",0.150749144596731,0.114264295864812,0.0400110480257802,0.0306242990769182,0.28108750691298,0.383263705522779
"203",0.217666264454923,0.277189871443507,0.121346039276223,0.0171523283288585,0.206424904165947,0.160220592330542
"204",0.0402561406155111,0.073919438874345,0.0771618772279281,0.157649263041763,0.343904123890266,0.307109156350188
"205",0.156751047525177,0.21035667975093,0.00913504965655093,0.218024322303022,0.118733138564706,0.286999762199613
"206",0.151522504595573,0.134537897913789,0.13062466010034,0.0512383340562993,0.223616220335833,0.308460382998165
"207",0.0422125318613139,0.250789775953703,0.209133218137593,0.131811374166121,0.0626554798254776,0.303397620055791
"208",0.265359533807912,0.0570079820400213,0.18376159503389,0.180970570282025,0.110986952162994,0.201913366673157
"209",0.217751193701676,0.163323845548884,0.0764023186103808,0.13100418811843,0.199615753307143,0.211902700713487
"210",0.304483347234643,0.0101694708912707,0.0653788788480738,0.130378386070482,0.183256676294579,0.306333240660951
"211",0.0186823331223462,0.211135334531601,0.0831783747243162,0.169201594359348,0.300982968458369,0.216819394804019
"212",0.0524007652665433,0.124700558472009,0.216209350746752,0.186649536193232,0.189712527109359,0.230327262212105
"213",0.189467397408704,0.222770719592468,0.101612317040554,0.0896195093468122,0.236989262163276,0.159540794448186
"214",0.239105831997436,0.175309563030878,0.0309997716282465,0.264861687545107,0.0173390660612674,0.272384079737065
"215",0.148653053072572,0.212782796052075,0.212447624695506,0.278611450481412,0.104505697249905,0.0429993784485298
"216",0.0224187711666918,0.0424523331823528,0.16859185695429,0.0896402481972011,0.349182106559955,0.32771468393951
"217",0.293588332737273,0.00941339552344003,0.239514794282597,0.105209923529467,0.122319089472801,0.229954464454422
"218",0.177712704761275,0.248815123729049,0.0125495254731094,0.179116737924134,0.267460193123622,0.11434571498881
"219",0.0999374947231463,0.102987242739371,0.291582222189162,0.0208550191722429,0.285342708386855,0.199295312789223
"220",0.0811116906845139,0.0871712331403322,0.200045334832358,0.162201455796668,0.213154564191231,0.256315721354896
"221",0.165838612737292,0.162078104357451,0.127438798882764,0.189402812565288,0.173645299386974,0.181596372070231
"222",0.219243305954913,0.252643123439935,0.0939323899325461,0.237169040710255,0.0702919130876955,0.126720226874656
"223",0.201295390831047,0.120385046807962,0.02129036445022,0.0100528996880148,0.294270403041684,0.352705895181073
"224",0.0855915158298206,0.102818983324835,0.151070495441291,0.251404708518637,0.274071931105846,0.13504236577957
"225",0.188177371834725,0.160534655404508,0.0495790321561383,0.201456583174075,0.11179546986767,0.288456887562884
"226",0.0774741907419741,0.234457032070351,0.0118407455035536,0.262511501160966,0.270535201205507,0.143181329317649
"227",0.1865493404576,0.199967405871432,0.119400728460916,0.265009560095506,0.164385612533905,0.0646873525806404
"228",0.135612888042828,0.239286691658736,0,0.193364446007516,0.186776645078461,0.244959329212458
"229",0.225928590822148,0.234671490412214,0.156263358193405,0.221031523077871,0.110640693860235,0.0514643436341266
"230",0.0969164364348364,0.0664489346870752,0.202813307932272,0.222491474324301,0.307472719201701,0.103857127419815
"231",0.486567766613591,0.298253774021202,0.0208560228732793,0.0783205603249111,0.039533368778848,0.0764685073881679
"232",0.0177597652018347,0.219640435437132,0.172550977279651,0.179537465332118,0.255997796546269,0.154513560202995
"233",0.000645894022286978,0.218531537418086,0.213564355022735,0.189113937117485,0.174509205009419,0.203635071409989
"234",0.150501740592902,0.201322503006152,0.152327485536816,0.0198813398634591,0.267352467764925,0.208614463235746
"235",0.159752730079966,0.369529752616011,0,0.0812022050010605,0.0693330507694754,0.320182261533486
"236",0.150017777092305,0.0505882817735794,0.14968682994869,0.22345771070162,0.224003377410902,0.202246023072903
"237",0.351247225451648,0.101937226536767,0.0610363529222347,0.141194689826687,0.145217963637199,0.199366541625464
"238",0.107400058530185,0.317341907876646,0.0710649374157573,0.210774291068345,0.230082447973319,0.0633363571357471
"239",0.162093135528875,0.0282367334746459,0.0524932710977278,0.30750311754005,0.371692521941841,0.0779812204168595
"240",0.120484862816791,0.0723084343613726,0.293873282901984,0.0197160564147548,0.296519638992878,0.19709772451222
"241",0.053805907848628,0.521644991457632,0,0.134276443627942,0.0729880052842089,0.217284651781589
"242",0.27569511014548,0.164975588826849,0.00900539816676128,0.219275886924005,0.0289940775584663,0.302053938378439
"243",0.147988635771552,0.120077975856121,0.24385072972373,0.208961788895314,0.134876345541279,0.144244524212004
"244",0.192216585162672,0.131028196593711,0.224156683719066,0.00871014380494115,0.228432475850723,0.215455914868888
"245",0.149616899365456,0.231724601832051,0.110311402147331,0.12298784288457,0.0907782182883533,0.294581035482239
"246",0.0960150676319059,0.177433184550493,0.221415811121226,0.126645426878449,0.290207947352523,0.0882825624654033
"247",0.260852609623462,0.123396125858663,0.0112415817219699,0.0688671113740153,0.213889102271549,0.321753469150341
"248",0.239772183357206,0.0679388233309107,0.241918714820446,0.119489920399896,0.321874971736738,0.00900538635480295
"249",0.0309300079097121,0.16538795272264,0.194363660274973,0.162462085795505,0.141004365549344,0.305851927747826
"250",0.220185404059252,0.245437878888037,0.104498504069484,0.10215784729485,0.146570733189372,0.181149632499006
"251",0.176932532977557,0.195773793575776,0.0613174376474646,0.23199804878458,0.258022861215772,0.0759553257988497
"252",0.07727514243292,0.335019575947232,0,0.257238647061415,0.122306806491884,0.20815982806655
"253",0.188487491227542,0.177627884145681,0.0405461362908473,0.27663616143818,0.119702309663872,0.197000017233878
"254",0.0722920647340824,0.0616951081143082,0.0698445861923713,0.129010401945162,0.269906161097236,0.39725167791684
"255",0.189187278962303,0.386977188090256,0.0231766481894263,0.173693462981894,0.0190025840802521,0.207962837695869
"256",0.211607779498155,0.159979286017779,0.279109715069942,0.0822916118255902,0.111194293780173,0.155817313808361
"257",0.308068261815441,0.0758592561666846,0.0515815539353172,0.214407482374601,0.129031565455036,0.22105188025292
"258",0.251894058402883,0.128514924282753,0.123533216154051,0.0769890252129684,0.400193437830621,0.0188753381167241
"259",0.166543570901662,0.301962814518009,0.17298318443228,0.245049612430988,0.0701101202539812,0.0433506974630805
"260",0.19691617204654,0.180430495052386,0.0387755011121796,0.101484941843362,0.0897147574485226,0.39267813249701
"261",0.103863996279293,0.172199890068971,0.145446869317245,0.012038262814008,0.215066948438485,0.351384033081997
"262",0.0488283006810979,0.241939221394547,0.354446529759021,0.23633208890124,0.07037319853355,0.0480806607305433
"263",0.0195448740129271,0.211249931349063,0.190586184793069,0.129895364658735,0.234431185364277,0.214292459821929
"264",0.144107230394668,0.139186835391865,0.302398546286159,0.313269637904066,0.0733205290041224,0.0277172210191204
"265",0.210009616062607,0.042102562161607,0.254132708717039,0.139752099095984,0.32297804218624,0.0310249717765237
"266",0.247835842164182,0.101200606062751,0.0118736176433175,0.0854741898096684,0.275872152967854,0.277743591352227
"267",0.309945102801662,0.0250324096335826,0.181948400874655,0.128857633337171,0.322002650816074,0.0322138025368561
"268",0.180964124420021,0.218439622050041,0.0721617935637689,0.216066676165562,0.176850680718497,0.135517103082111
"269",0.208065206186304,0.250439456456635,0.185181921489889,0.224627509517553,0.112609763138043,0.0190761432115768
"270",0.128062185263499,0.277380664255002,0.0517833470767721,0.304300845294021,0.106082121253513,0.132390836857193
"271",0.0722809230026544,0.146379414144827,0.172595095298762,0.165050267602828,0.17423693788866,0.269457362062268
"272",0.0966349890237252,0.26134116641358,0.0765396512241273,0.04839530048509,0.395592731894018,0.12149616095946
"273",0.162255301891136,0.0423074523583762,0,0.311352911160188,0.226389511526066,0.257694823064234
"274",0.26384551252095,0.262510480111991,0.0857329270800748,0.0411393659904895,0.0430516861465158,0.303720028149979
"275",0.284020127552074,0.0267980978700367,0.112598516018022,0.365326879039544,0.190297702058239,0.0209586774620835
"276",0.0218936934004298,0.0552395551161766,0.144804080184921,0.219563083593959,0.306998362540117,0.251501225164396
"277",0.0234079403592805,0.0558049824527282,0.259144564155499,0.0117010136821782,0.324964291302796,0.324977208047519
"278",0.0797801334003222,0.166618337441638,0.0592659967353499,0.239458177477381,0.212888179052854,0.241989175892455
"279",0.190301403139073,0.0901700732155416,0.191342337981773,0.13380813720083,0.152572156067692,0.241805892395089
"280",0.0585450812934599,0.137514692445212,0.138632135265994,0.130621591383589,0.275622323017984,0.259064176593761
"281",0.16397842549986,0.201563999375899,0.193793494788813,0.0759092566816475,0.0800720799304836,0.284682743723296
"282",0.210212818113069,0.316510486949188,0.04348238557194,0.0819652966790518,0.0947124252296525,0.253116587457099
"283",0.180234466260671,0.153321210016868,0.140696906849437,0.152513824402841,0.0218515786709142,0.35138201379927
"284",0.187241464728399,0.0658162333213735,0.188363087773378,0.327593047169627,0.0885427789982235,0.142443388009
"285",0.09959724419972,0.3096808786326,0.237236335601163,0.0891452817410517,0.18911763454108,0.0752226252843855
"286",0.178328769039741,0.0353127694542087,0,0.185938227135088,0.384088414648651,0.216331819722311
"287",0.280321461255911,0.202637705204623,0.0697117821998577,0.0711775569220827,0.0500949994426048,0.326056494974921
"288",0.198946773269873,0.163363612100554,0.0532945020541189,0.141362696944621,0.265973163279948,0.177059252350885
"289",0.088454153187836,0.212544397118182,0.221454759855546,0.193526322896418,0.205901877098026,0.0781184898439915
"290",0.199809725989202,0.105739236536061,0.0489191199989768,0.130676002034837,0.252886323253704,0.261969592187219
"291",0.0514198163622512,0.163772528492242,0.0802804261884199,0.29483836386311,0.129651022564317,0.280037842529661
"292",0.308566293652743,0.178978011382738,0.0364333809809583,0.231790187474424,0.237643016951077,0.00658910955805893
"293",0.0539479354081721,0.0242228485355291,0.231473366685727,0.237589467009643,0.360084695775825,0.0926816865851039
"294",0,0.0228653138213029,0.189078063708186,0.227262810674584,0.337866395720754,0.222927416075174
"295",0.238531547795978,0.0993424209269588,0.244307276849115,0.0672777295024284,0.250222850173895,0.100318174751624
"296",0.0422703511408071,0.195795415484865,0.246506137806965,0.17733515290685,0.238561648439393,0.099531294221121
"297",0.260560756766591,0.323065431265889,0,0.0816066081751367,0.111690029261022,0.223077174531361
"298",0.0628865926227835,0.147217940845793,0.0150972465737244,0.341042829589763,0.347002275591884,0.0867531147760513
"299",0.151145934206762,0.331135998858065,0.0595116116621559,0.0471216864484931,0.354371834327649,0.0567129344968746
"300",0.117520443543103,0.0392371726789228,0.16005227475139,0.15099500655218,0.116700418570251,0.415494683904153
"301",0.188469632895144,0.109347981683306,0.138976619318317,0.203538523832766,0.172844732613015,0.186822509657452
"302",0.0800293467646389,0.236711788028634,0.130229139039839,0.266180606751438,0.0411439381502006,0.245705181265249
"303",0.170646664916435,0.136259356459108,0.0473359547419501,0.210091833379069,0.202482441022702,0.233183749480736
"304",0.288353589877249,0.0135116668030031,0.234258819000013,0.07731234710421,0.250478410960602,0.136085166254923
"305",0.107494784029075,0.235642503150492,0.19173167607147,0.0290531622900101,0.28793571681608,0.148142157642873
"306",0.292653789966899,0.120225648811756,0.198352976108685,0.0421980929487076,0.0813316578834398,0.265237834280513
"307",0.227244159277122,0.124179749652907,0.23273916137237,0.289003739429721,0.0357670378815531,0.0910661523863273
"308",0.237249330275191,0.141038543477028,0.0615236146131401,0.171913486340584,0.126932631589817,0.26134239370424
"309",0.261381810853041,0.0126655495602652,0.199570020207179,0.0610631009004194,0.194362501283752,0.270957017195343
"310",0.17931138102402,0.0204240168748278,0.160659034223273,0.0478817471124821,0.0885271703721443,0.503196650393253
"311",0.0237031774927739,0.191908631331871,0.140483131211737,0.24447861961738,0.0598149160671452,0.339611524279092
"312",0.0399410125802028,0.212455742881241,0.0777860449117052,0.373310028528625,0.100030982511985,0.196476188586241
"313",0.201170686033254,0.318552078359227,0.0113756985412946,0.000178039185108437,0.164861784967612,0.303861712913503
"314",0.0396721540667849,0.25145582153722,0.223780527064991,0.235348495500315,0.0413266696618709,0.208416332168819
"315",0.15533534689968,0.105463609473879,0.141745900568135,0.148477339606594,0.304643389353785,0.144334414097928
"316",0.200348232473789,0.262016024672523,0.0600550157728515,0.182795246532433,0.188014018971334,0.106771461577071
"317",0.244668169443182,0.0510186690642713,0.209915648456979,0.0795077485743745,0.235367445657924,0.179522318803269
"318",0.074867127615485,0.240682074793896,0.0617392206256974,0.277410597750167,0.0222233736842143,0.32307760553054
"319",0.229808003155931,0.11408059870841,0.150475717968091,0.234898652704314,0.211132471398877,0.0596045560643764
"320",0.0193170284498629,0.18920583327188,0.0580522456197516,0.391593326137815,0.0576679354357366,0.284163631084954
"321",0.17538348656859,0.0625488497104802,0.359528240391532,0.0802360509305053,0.186260923888358,0.136042448510535
"322",0.130250670256035,0.126229651122283,0.187804725723746,0.242820840354557,0.0793256218294393,0.23356849071394
"323",0.178309423927024,0.159556842985329,0.0789464031401544,0.228470658082581,0.205894508653598,0.148822163211315
"324",0.0485098087416386,0.237055673684424,0.145191735630567,0.200866310920305,0.154747079484012,0.213629391539054
"325",0.0392961239126923,0.237998810291491,0.21622664994861,0.0305154299454379,0.252254047528167,0.223708938373602
"326",0.174413968704512,0.0743264726102512,0.0769238704950021,0.136483313025471,0.2611574455581,0.276694929606663
"327",0.116559332956016,0.219208230074179,0.170251974444722,0.242217932264037,0.021268893451528,0.230493636809518
"328",0.189018743379103,0.112223184709563,0.210619060661602,0.0810791208170038,0.216425824393161,0.190634066039567
"329",0.127770882842144,0.160188928763107,0.212224614368247,0.161141833328861,0.22383492497306,0.114838815724581
"330",0.0112647051781167,0.203547253315319,0.365256472344639,0.189808835923636,0.127555739692006,0.102566993546283
"331",0.119629020167589,0.183028230143915,0.0898963055029899,0.213057926636451,0.0626653737474708,0.331723143801584
"332",0.20152067709071,0.215910573785994,0.204482808928673,0.0399411624398882,0.24240524456486,0.0957395331898745
"333",0.189915914323023,0.20354537260747,0.137809408810439,0.14382846373025,0.0614250868698307,0.263475753658987
"334",0,0.278887824160969,0.199925602051358,0.313910975335637,0.186351615909542,0.0209239825424931
"335",0.112418129538221,0.195960649720919,0.177410652716433,0.213646562298744,0.0648066249153976,0.235757380810286
"336",0.285483411451258,0.279324256752508,0.144783884206825,0.0697702289123753,0.166959092711441,0.0536791259655921
"337",0.13899010394534,0.207882998023855,0.189243771532992,0.270966471001967,0.0486343292424097,0.144282326253436
"338",0.10760252599471,0.0385055073229099,0.151506502644177,0.198262637602193,0.297282884320377,0.206839942115633
"339",0.128423752304012,0.166754904414431,0.250060382113763,0.024214690500842,0.424356131850949,0.00619013881600305
"340",0.0962178088701654,0.247130086358445,0.12224918938095,0.211092752752548,0.189795669900739,0.133514492737152
"341",0.165374624739006,0.0542772496308998,0.145936614198453,0.160308790957812,0.159576168948551,0.314526551525278
"342",0.241981185535303,0.0650236442929922,0.173074315040558,0.11156666935914,0.230789322111345,0.177564863660662
"343",0.16682236240869,0.240969958063598,0.17555211671792,0.191025510014611,0.104055733650584,0.121574319144597
"344",0.309257687605622,0.269871128946962,0.119782004284164,0.0460135622911887,0.154307816811095,0.100767800060969
"345",0.0707411534383086,0.211814447908149,0.198645537999715,0.221379380422408,0.0321352648044361,0.265284215426982
"346",0.177245552037037,0.0738955661632182,0.188841357960376,0.187875970144846,0.231703845479826,0.140437708214696
"347",0.0148062726893743,0.0937461810296683,0.311934610466465,0.0356550537847135,0.202041008585375,0.341816873444404
"348",0.169554556415748,0.216238071348252,0.108124725794372,0.213906661129069,0.187369374947186,0.104806610365373
"349",0.0916754063689718,0.260541297142276,0.195777344728364,0.0338199943282331,0.174024514875623,0.244161442556532
"350",0.35144123730791,0.22395232866858,0,0.0900497682755936,0.177282079409205,0.157274586338712
"351",0.0540554932012776,0.292172350180988,0.103561596731244,0.0251717637847859,0.0722391952684368,0.452799600833268
