"","neu","NK","CD4","CD8","B","mono"
"0",0.0959,0.1474,0.2913,0.1964,0.1401,0.1289
"1",0.0119,0.0172,0.3626,0.2236,0.1872,0.1975
"2",0.1133,0.1231,0.0692,0.2185,0.2354,0.2405
"3",0.1856,0.064,0,0,0.4476,0.3029
"4",0.3436,0.1041,0.0659,0.1849,0.0758,0.2256
"5",0.0781,0,0.3268,0.2086,0.1979,0.1886
"6",0.1407,0.1071,0.2831,0.3795,0,0.0896
"7",0.1729,0.2116,0.1498,0.2003,0,0.2653
"8",0.2275,0.1782,0.2207,0.223,0,0.1506
"9",0.0765,0.0186,0.2434,0.1271,0.2849,0.2495
"10",0,0.2205,0.2813,0.389,0.1092,0
"11",0.0859,0.1242,0.314,0.293,0,0.1829
"12",0.2735,0.2651,0.1303,0.1651,0.0416,0.1244
"13",0.24,0.1034,0.3251,0.1694,0,0.162
"14",0,0.1315,0.1209,0.0373,0.3763,0.334
"15",0.1843,0.2878,0.0021,0.0762,0.177,0.2726
"16",0,0.5542,0.0343,0.0283,0.3397,0.0435
"17",0.0454,0.1953,0.1656,0.2984,0.1919,0.1034
"18",0.1909,0.077,0.2078,0.2955,0,0.2287
"19",0.1067,0.1086,0.3142,0.2854,0,0.1851
"20",0.0553,0.03,0.354,0.178,0.0117,0.3709
"21",0.2049,0.1257,0.1987,0.262,0.0549,0.1538
"22",0.2251,0.2244,0.1736,0.2941,0.0624,0.0204
"23",0.3982,0.1094,0.0368,0.2908,0.1202,0.0445
"24",0.1882,0.218,0.095,0.1716,0.1569,0.1703
"25",0.2569,0.2386,0.1972,0.2458,0.0417,0.0197
"26",0.2689,0,0.0283,0.2014,0.1252,0.3762
"27",0.3274,0,0.1005,0.0813,0.2097,0.281
"28",0,0.3549,0.1555,0.2044,0,0.2852
"29",0.1052,0.2166,0.2577,0.3148,0,0.1056
"30",0,0.2763,0.0498,0.0664,0.4375,0.1699
"31",0.2024,0.1076,0.2335,0.2382,0.1396,0.0787
"32",0.3661,0.336,0.0666,0.0638,0,0.1674
"33",0.2356,0.1938,0.2024,0.1879,0,0.1802
"34",0.1458,0.0171,0.0999,0.2554,0.2364,0.2455
"35",0.3008,0.2173,0.1879,0.1842,0,0.1098
"36",0.1237,0.1199,0.237,0.2473,0,0.2721
"37",0.0167,0.2561,0.3242,0.2533,0.0994,0.0503
"38",0,0.4049,0.0964,0.4987,0,0
"39",0.2129,0.1582,0.2889,0.0954,0.0543,0.1903
"40",0,0.3666,0.0098,0.0871,0.1858,0.3507
"41",0,0.2783,0.2226,0.0748,0.1924,0.2319
"42",0.3261,0.1609,0.1455,0.1372,0.0873,0.143
"43",0.0401,0.4783,0.2106,0.1665,0,0.1045
"44",0.3082,0.1377,0.0706,0.2733,0.0214,0.1886
"45",0.2281,0.0349,0.2181,0.1956,0.0474,0.276
"46",0.3878,0.0318,0,0.0194,0.1865,0.3745
"47",0.2972,0.1268,0.2168,0.0453,0.042,0.2719
"48",0.2364,0.1431,0.1293,0.1181,0.0222,0.3509
"49",0,0.1701,0.2467,0.326,0.1238,0.1335
"50",0.0523,0.3275,0.1782,0.2641,0,0.1779
"51",0.1987,0.082,0.2395,0.1447,0,0.3351
"52",0.0837,0.3798,0.2746,0.2472,0,0.0148
"53",0.3478,0.0216,0.2476,0.1028,0,0.2802
"54",0,0.2461,0.1465,0.283,0.2242,0.1003
"55",0.1227,0.0354,0.2951,0.2642,0.1532,0.1295
"56",0.1641,0.2079,0.1359,0.2968,0,0.1953
"57",0.3942,0.0382,0.0432,0.1778,0,0.3466
"58",0.1529,0.331,0.0598,0.1298,0.2056,0.121
"59",0.2245,0.26,0.0801,0.2269,0.025,0.1834
"60",0.0931,0,0.2112,2e-04,0.3245,0.3711
"61",0.1734,0.2317,0.1617,0.1598,0.0928,0.1806
"62",0.2906,0.0551,0.2074,0.1126,0.1515,0.1828
"63",0.1596,0.081,0.2784,0.2059,0,0.2751
"64",0.2652,0,0.3363,0.1126,0.1093,0.1765
"65",0,0.3111,0.2932,0.147,0.1721,0.0766
"66",0.1816,0,0.2536,0.1331,0.1981,0.2336
"67",0.1097,0.0631,0.0676,0.305,0.1446,0.31
"68",0.3016,0.0207,0.0294,0.0808,0.2512,0.3163
"69",0.0525,0.3098,0.179,0.1608,0,0.298
"70",0.2111,0.0405,0.386,0.3399,0,0.0224
"71",0.1916,0.0451,0.2799,0.2188,0.2463,0.0183
"72",0.1178,0.2764,0.101,0.0854,0.1753,0.2442
"73",0.1632,0.0474,0.2449,0.2209,0.1555,0.168
"74",0.1818,0.25,0.1011,0.0466,0.1571,0.2634
"75",0.0434,0.2938,0.1632,0.3214,0,0.1782
"76",0.0344,0.1939,0.2543,0.2925,0.2249,0
"77",0.3084,0,0.1096,0.0784,0.2864,0.2173
"78",0.2288,0.0553,0.2586,0.2357,0,0.2216
"79",0.3616,0.2146,0,0.0578,0,0.366
"80",0.2007,0.1926,0.3119,0.2455,0,0.0493
"81",0.2344,0.2753,0.157,0.0957,0,0.2376
"82",0.202,0.2472,0.1999,0.2514,0,0.0995
"83",0.2921,0.2657,0.0503,0.0982,0.2402,0.0534
"84",0.1419,0.2538,0.1039,0.1266,0.1568,0.2171
"85",0.3774,0.3689,0.0239,0.1693,0,0.0605
"86",0.103,0.2136,0.2087,0.071,0.1673,0.2363
"87",0.1406,0.2035,0.2784,0.0826,0,0.2948
"88",0.2042,0.0593,0.2442,0.3303,0.0641,0.0979
"89",0.1262,0.3834,0.1115,0.3789,0,0
"90",0.4846,0,0.0342,0.1516,0.2866,0.043
"91",0.1785,0.2202,0.2875,0.1268,0.0661,0.1208
"92",0.4873,0.0024,0.0651,0.3846,0.0606,0
"93",0.0077,0.2475,0.2643,0.252,0.0285,0.2
"94",0.1094,0.3282,0.1906,0.2983,0.0735,0
"95",0.0419,0.1144,0.2249,0.4494,0,0.1695
"96",0,0.3766,0.141,0.3317,0.1507,0
"97",0.0034,0.324,0.1218,0.2716,0.0866,0.1925
"98",0.1987,0.4037,0,0.0707,0.2217,0.1052
"99",0.3329,0.0777,0.3135,0.2116,0.0393,0.0249
"100",0,0.282,0.0956,0.2255,0.1996,0.1973
"101",0,0.1551,0.0798,0.3657,0.2918,0.1077
"102",0.0872,0.4306,0.1672,0.302,0.013,0
"103",0.2141,0.215,0.0589,0.2005,0,0.3114
"104",0.0675,0.2407,0.1742,0.2517,0.1827,0.0831
"105",0.2298,0.1246,0.2617,0.1387,0.0391,0.2062
"106",0,0.1673,0.2413,0.0787,0.247,0.2658
"107",0.0035,0.2653,0.1883,0.164,0.1298,0.2492
"108",0,0.0882,0.1788,0.2343,0.2235,0.2751
"109",0.3321,0.0665,0.075,0.2987,0.1222,0.1054
"110",0.1653,0.1979,0.1247,0.2497,0,0.2625
"111",0.2488,0.0087,0.2807,0.2303,0.0726,0.159
"112",0.1152,0.142,0.1409,0.3146,0.0252,0.2621
"113",0.3642,0,0.0849,0.1945,0.0597,0.2966
"114",0.2591,0.001,0.1863,0.2147,0,0.339
"115",0.224,0.0299,0.2102,0.2258,0.1395,0.1706
"116",0.1694,0.2246,0.1139,0.21,0.1809,0.1012
"117",0.103,0.1458,0.2184,0.3054,0.019,0.2084
"118",0.2649,0.1485,0.0227,0.1996,0.0994,0.2649
"119",0.1143,0.3972,0.1281,0.1551,0.1864,0.0189
"120",0.1875,0.0018,0.2347,0.1728,0.1408,0.2624
"121",0,0.1584,0.2702,0.208,0.2873,0.0761
"122",0,0.2743,0.2716,0.2465,0.1686,0.0391
"123",0.0545,0.3715,0.1882,0.2972,0,0.0886
"124",0.0849,0.2889,0.3315,0.2637,0,0.031
"125",0.0454,0.1888,0.3627,0.1414,0.1257,0.136
"126",0.3395,0.1073,0.1677,0.1498,0.0491,0.1865
"127",0,0.3412,0.1595,0.209,0.2871,0.0031
"128",0.3627,0.0339,0.094,0.3668,0.0675,0.075
"129",0.2685,0.2575,0.0163,0.0675,0.039,0.3512
"130",0,0.3791,0.0174,0.1367,0.1773,0.2896
"131",0.1907,0.1791,0.1515,0.2141,0,0.2645
"132",0.1891,0.3307,0.1615,0.3187,0,0
"133",0.0071,0.2002,0.1794,0.2907,0.1094,0.2132
"134",0.1115,0.2782,0.2112,0.174,0.0275,0.1976
"135",0,0.2269,0.1016,0.0293,0.3014,0.3408
"136",0.2403,0.1681,0.2738,0.3178,0,0
"137",0.1228,0.1537,0.273,0.1274,0.1806,0.1424
"138",0.2838,0.3166,0.2083,0.1882,0,0.0033
"139",0,0.1525,0.1896,0.202,0.1982,0.2578
"140",0.0351,0.173,0.3496,0.3032,0,0.139
"141",0.3054,0.0015,0.2023,0.2592,0,0.2316
"142",0.2397,0.1424,0.0925,0.1669,0.2526,0.1058
"143",0.0961,0.3093,0.1125,0.1698,0.2712,0.0411
"144",0.1534,0.2383,0.1728,0.2093,0.1646,0.0616
"145",0.1417,0.1065,0.2605,0.2073,0.0841,0.1999
"146",0.3715,0.2145,0.0192,0,0.075,0.3199
"147",0.2207,0.1674,0.1679,0.1701,0.1262,0.1477
"148",0.328,0.3219,0,0,0.0961,0.254
"149",0.3509,0.1042,0.0815,0.3208,0.1426,0
"150",0,0.1402,0.3252,0.2315,0.2233,0.0799
"151",0,0,0.4383,0.1046,0,0.4571
"152",0.2898,0,0.3394,0.126,0,0.2449
"153",0.2099,0.095,0.0859,0.3338,0.1531,0.1223
"154",0.2328,0.2428,0.252,0.0769,0,0.1954
"155",0,0,0,0,0.5044,0.4956
"156",0.0924,0.1745,0.0798,0.0728,0.2533,0.3272
"157",0.1647,0.2884,0.0512,0.1998,0.2617,0.0342
"158",0.3173,0.0082,0.107,0.3505,0.1156,0.1013
"159",0.2431,0.1365,0.2096,0.2531,0.1007,0.0569
"160",0.2538,0.0894,0.1839,0.2372,0.0721,0.1636
"161",0.2759,0.0071,0.2964,0.3949,0,0.0256
"162",0.2504,0.2632,0.0643,0.164,0.1544,0.1038
"163",0.1621,0.2179,0.1671,0.2142,0.0715,0.1674
"164",0.2082,0,0.0966,0.2443,0.2127,0.2383
"165",0.2699,0.0943,0.2637,0.3563,0,0.0158
"166",0.0902,0.1031,0.314,0.267,0,0.2257
"167",0.1861,0.2074,0.041,0.1264,0.1724,0.2666
"168",0.3622,0.0091,0.2827,0.1907,0,0.1552
"169",0.0644,0.2167,0.4367,0.2822,0,0
"170",0.0428,0.187,0.2303,0.2118,0.1583,0.1697
"171",0.1033,0.1391,0.248,0.3094,0.1395,0.0608
"172",0.3145,0.04,0.4138,0.2318,0,0
"173",0.1159,0.3106,0,0.0146,0.2772,0.2817
"174",0.1014,0.3084,0.1472,0.3124,0.1305,0
"175",0.1914,0.0526,0.1077,0.1499,0.1871,0.3112
"176",0,0.1296,0.3107,0.0797,0.1135,0.3666
"177",0.124,0.2293,0.1615,0.2551,0.068,0.1622
"178",0.2108,0.0776,0.3067,0.0722,0.06,0.2727
"179",0.1991,0.1584,0.1999,0.0358,0.1426,0.2641
"180",0.1779,0.1673,0.2219,0.2235,0,0.2094
"181",0.082,0.2796,0.1589,0.4006,0.0659,0.013
"182",0.0607,0.2478,0.0748,0.0678,0.2613,0.2876
"183",0.0495,0.0721,0.3469,0.2105,0.1511,0.1699
"184",0.124,0.0788,0.0796,0.3026,0,0.4151
"185",0.1629,0.1784,0.1672,0.2053,0.1201,0.1662
"186",0,0.3802,0.1949,0.3227,0,0.1022
"187",0.2523,0.0557,0.2255,0.2058,0.0742,0.1865
"188",0,0.4397,0.1197,0.1703,0.0349,0.2354
"189",0,0.312,0.228,0.2508,0.0813,0.1279
"190",0.0817,0.0092,0.5462,0.294,0,0.0689
"191",0,0,0.2477,0,0.1937,0.5587
"192",0.285,0.2459,0.2304,0.1258,0,0.113
"193",0.1177,0.3111,0.0567,0.0365,0.1285,0.3494
"194",0.4455,0.0443,0.1959,0.0262,0,0.2881
"195",0.2059,0.3109,0.0216,0.0807,0.1414,0.2394
"196",0.395,0.0219,0.133,0,0.0862,0.364
"197",0.1704,0.3056,0.1676,0.2026,0.0149,0.139
"198",0.2296,0.2187,0.1744,0.0992,0.0487,0.2293
"199",0.1254,0.347,0.2299,0.142,0.0779,0.0777
"200",0.094,0.0072,0.305,0.2341,0.1231,0.2366
"201",0.1013,0.0268,0.1694,0.2531,0.1921,0.2573
"202",0.2282,0.2368,0.2128,0.0614,0,0.2608
"203",0.5148,0.0722,0,0,0.2575,0.1555
"204",0.0436,0,0,0,0.1665,0.7899
"205",0.1532,0.1118,0.3726,0.2387,0,0.1236
"206",0.4508,0,0.035,0.209,0,0.3053
"207",0.1136,0.2765,0.1615,0.2312,0.1489,0.0683
"208",0.1598,0.1548,0.1208,0.2693,0,0.2954
"209",0.2054,0.1863,0.101,0.1071,0.1976,0.2027
"210",0,0.1538,0.2165,0.3849,0,0.2448
"211",0.036,0.3727,0.1569,0.1037,0.3308,0
"212",0.0952,0.4048,0.0738,0.3854,0.0408,0
"213",0.1263,0.2588,0.0909,0.2083,0.1154,0.2003
"214",0.0538,0.1682,0.3155,0.0996,0.0587,0.3043
"215",0.3561,0,0.1568,0.126,0,0.3611
"216",0.3996,0.093,0.2451,0.026,0,0.2363
"217",0.1152,0,0.1921,0.2523,0.2177,0.2227
"218",0.1942,0.0704,0.1269,0.2962,0,0.3123
"219",0.0218,0.1654,0.2882,0.2845,0.1518,0.0882
"220",0.2213,0.219,0.0686,0.202,0.2213,0.0678
"221",0.1783,0.1844,0.2054,0.0783,0.1313,0.2223
"222",0.2059,0.2187,0.1594,0.2298,0,0.1861
"223",0.5756,0,0,0,0,0.4244
"224",0.1832,0.351,0.0529,0.1313,0,0.2815
"225",0.159,0.1846,0.2581,0.2815,0.0645,0.0523
"226",0,0.171,0.3433,0.2675,0.1356,0.0826
"227",0.0391,0.1283,0.152,0.249,0.1703,0.2613
"228",0.3824,0.3101,0.0123,0.0045,0.2255,0.0651
"229",0.1688,0.2499,0.0556,0.2499,0.0379,0.2379
"230",0.204,0.2491,0.0415,0.0399,0.1238,0.3418
"231",0.1267,0.2439,0.1617,0.2516,0.148,0.0682
"232",0.0875,0,0.18,0,0.3744,0.3581
"233",0.1662,0,0.2963,0.2373,0,0.3002
"234",0.276,0.0273,0.0737,0.1691,0.1552,0.2986
"235",0.1079,0.2796,0.0339,0.2377,0.1657,0.1752
"236",0.1955,0.2962,0.2471,0.2613,0,0
"237",0.22,0.1551,0.1606,0.1592,0.0935,0.2117
"238",0.3232,0,0.0837,0.1146,0.0902,0.3882
"239",0.0389,0.2326,0.1733,0.297,0.2145,0.0437
"240",0.0748,0.0855,0.3304,0.343,0,0.1663
"241",0.3158,0.0321,0.183,0.1414,0.1343,0.1934
"242",0.3751,0,0.2664,0.0759,0,0.2826
"243",0.0288,0.196,0.117,0.2789,0.1967,0.1825
"244",0.2509,0.205,0.1654,0.0616,0,0.3172
"245",0.269,0.2667,0.1285,0.2459,0.0153,0.0746
"246",0.021,0.12,0.3487,0.4068,0,0.1036
"247",0.1235,0.14,0.1175,0.1486,0,0.4704
"248",0.2418,0.2207,0.1791,0.0678,0.0899,0.2007
"249",0,0,0.1686,0.2509,0.2631,0.3174
"250",0.2149,0.1182,0.1905,0.2509,0.1241,0.1013
"251",0.1855,0.0516,0.2817,0.4423,0,0.0389
"252",0,0.1891,0.2524,0.2472,0.1536,0.1576
"253",0.0067,0.2688,0.1684,0.2147,0.0928,0.2486
"254",0.0899,0.1518,0.2413,0.2448,0.1207,0.1515
"255",0.0564,0.2114,0.295,0.0897,0.0774,0.2701
"256",0.1209,0.3119,0.065,0.3121,0.005,0.185
"257",0.163,0.0126,0.1957,0.2573,0.0897,0.2817
"258",0.1131,0.1757,0.1968,0.2119,0.1432,0.1592
"259",0.0558,0.1975,0.2357,0.2741,0.1895,0.0475
"260",0.2391,0,0.2425,0.2562,0.0997,0.1626
"261",0.0049,0.0729,0.3585,0.367,0.0132,0.1836
"262",0,0.1798,0.272,0.2859,0.069,0.1932
"263",0.0589,0.23,0.3073,0.272,0.1235,0.0083
"264",0.0529,0,0.5179,0.2605,0,0.1687
"265",0.2638,0.0536,0.3031,0.2699,0.067,0.0427
"266",0.2005,0,0.2582,0.101,0.2121,0.2283
"267",0.1378,0.1681,0.112,0.3093,0.2122,0.0607
"268",0.2679,0.0533,0.2778,0.2225,0,0.1785
"269",0.0838,0.3013,0.1349,0.0459,0.2134,0.2207
"270",0.211,0.0077,0.1032,0.1654,0.3399,0.1729
"271",0.0582,0.4335,0.1209,0.3634,0,0.024
"272",0.1804,0.1296,0.4047,0.2361,0.0261,0.0231
"273",0.2605,0.2184,0.0504,0.1546,0.2496,0.0665
"274",0.2872,0.1668,0.273,0.2154,0,0.0576
"275",0.1719,0.1774,0.2005,0.1244,0.047,0.2786
"276",0.154,0,0.2699,0.1406,0.2068,0.2286
"277",0.3549,0.1099,0.1678,0.1271,0.1602,0.08
"278",0.1009,0.0357,0.2875,0.1942,0.3022,0.0795
"279",0.2052,0.2362,0.2468,0.2164,0.0875,0.0079
"280",0.1891,0.2262,0.1584,0.1166,0.0879,0.2217
"281",0.0391,0.0998,0.1046,0.2939,0.2265,0.2362
"282",0.1752,0.0242,0.2254,0.2557,0.0012,0.3183
"283",0,0.369,0.033,0.0597,0.2813,0.2571
"284",0.2073,0,0.0903,0.1067,0.2911,0.3046
"285",0.1467,0.1846,0.1722,0.1137,0.2356,0.1471
"286",0.1189,0.1681,0.1887,0.2522,0,0.2722
"287",0.3167,0,0.329,0.262,0,0.0923
"288",0.0494,0,0.0763,0.3186,0.1869,0.3688
"289",0.1381,0.2361,0.17,0.2259,0.0537,0.1762
"290",0.2092,0.2512,0.0601,0.2275,0,0.252
"291",0.173,0.1998,0.1666,0.2779,0.0087,0.174
"292",0.2593,0.2837,0.1554,0.1305,0,0.1711
"293",0.1203,0.0063,0.3428,0.3606,0,0.1701
"294",0.0381,0.2729,0.2745,0.2395,0,0.1751
"295",0,0.1288,0.2783,0.2575,0.1539,0.1814
"296",0.3127,0.2428,0.2972,0.1166,0,0.0307
"297",0,0.5159,0.0993,0.2968,0.088,0
"298",0.4593,0,0.1291,0.2526,0.0253,0.1337
"299",0,0.3824,0.168,0.3785,0,0.0711
"300",0.1225,0.0909,0.296,0.271,0,0.2196
"301",0.1074,0.1087,0.1805,0.1732,0.1585,0.2716
"302",0.0536,0.3354,0.1531,0.2633,0.1471,0.0474
"303",0.3296,0.0862,0,0.0883,0.155,0.3409
"304",0.0321,0.0678,0.1181,0.4824,0.2996,0
"305",0.0741,0.195,0.2195,0.2463,0.1571,0.1081
"306",0,0.2102,0.2376,0.1799,0.1147,0.2576
"307",0.1464,0,0.2284,0.2216,0.128,0.2756
"308",0.0594,0.0276,0.3143,0.2967,0.1658,0.1363
"309",0.2167,0.0666,0.2505,0.1346,0,0.3316
"310",0.0306,0.001,0.3403,0.2568,0.2592,0.1122
"311",0.0877,0.1794,0.2304,0.3199,0,0.1825
"312",0,0.1375,0.2641,0.2767,0.0368,0.2849
"313",0.0663,0.2362,0.2232,0.2501,0.0668,0.1573
"314",0.0164,0.0548,0.2674,0.3151,0.1668,0.1794
"315",0.2057,0.0948,0.2472,0.2371,0.1369,0.0784
"316",0.356,0.0774,0.1278,0.1835,0.0163,0.239
"317",0,0.2792,0.1951,0.1479,0.1552,0.2227
"318",0.1655,0.2195,0.0895,0.2072,0.0907,0.2277
"319",0,0.3536,0.0444,0.1562,0.3403,0.1055
"320",0.1041,0.1867,0.2451,0.2698,0.1137,0.0806
"321",0.1315,0.2016,0.2637,0.2709,0,0.1323
"322",0.2714,0.0106,0.0418,0.0896,0.335,0.2515
"323",0.3062,0,0.1,0.2607,0.1371,0.1959
"324",0.1685,0.1689,0.0863,0.0471,0.4479,0.0812
"325",0,0.3061,0.2847,0.2109,0.1624,0.036
"326",0.1594,0,0.1394,0.243,0.1845,0.2736
"327",0,0,0.2578,0.1222,0.228,0.392
"328",0.3993,0.0041,0.1291,0.2854,0,0.1822
"329",0.1401,0.0789,0.2134,0.1356,0.1581,0.2739
"330",0.2445,0.0321,0.1989,0.2535,0.0738,0.1971
"331",0.3276,0.1869,0.0305,0.1088,0,0.3462
"332",0,0.2338,0.1144,0.1441,0.2476,0.26
"333",0.4442,0.0578,0,0,0.2715,0.2265
"334",0.0099,0.3325,0.1073,0.1728,0.0863,0.2911
"335",0.2386,0.1339,0.2687,0.2589,0.0343,0.0656
"336",0.0508,0.2512,0.0909,0.1861,0.21,0.2109
"337",0.0398,0.0586,0.3109,0.5477,0,0.043
"338",0,0.0644,0.3594,0.047,0,0.5292
"339",0.1276,0.2564,0.0778,0.2114,0.2326,0.0942
"340",0.2656,0.1144,0.2198,0.254,0,0.1462
"341",0.0749,0.2048,0.1764,0.2556,0,0.2883
"342",0,0.4143,0.0274,0.1305,0,0.4278
"343",0.1498,0.0224,0.3198,0.3177,0.0269,0.1634
"344",0.3401,0.0828,0.2154,0.1253,0.236,5e-04
"345",0.1163,0.0217,0.348,0.3503,0,0.1638
"346",0.3826,0,0.1846,0.1591,0,0.2737
"347",0.0511,0.1688,0.3367,0.2828,0,0.1606
"348",0.351,0.1617,0.0308,0.2367,0.0314,0.1885
"349",0.2604,0.2915,0,0,0.1951,0.253
"350",0.294,0,0.1405,0.1849,0.2027,0.1779
"351",0.193,0.1215,0.2198,0.1583,0.0776,0.2299
"352",0.2092,0.2259,0.1789,0.2337,0,0.1523
"353",0.0555,0.3947,0.332,0.2178,0,0
"354",0.0557,0.3313,0.2828,0.1362,0.0038,0.1902
"355",0.192,0,0.195,0.1996,0.1494,0.264
"356",0.1753,0.2836,0.2281,0.2517,0.0468,0.0146
"357",0.0417,0.2434,0.3465,0.2671,0,0.1013
"358",0.0473,0.2406,0.1748,0.2574,0.1553,0.1246
"359",0.1604,0.1291,0.0745,0.2726,0.1045,0.2591
"360",0.0536,0.3129,0.1815,0.1358,0.0367,0.2796
"361",0.062,0.3041,0.3046,0.2101,0.0576,0.0616
"362",0.3937,0.1646,0.0536,0.0415,0.108,0.2385
"363",0.0882,0.2359,0.2503,0.2127,0.0447,0.1681
"364",0.1395,0.0607,0.3582,0.2356,0.0334,0.1727
"365",0.0754,0.2452,0.1282,0.1034,0.1704,0.2775
"366",0.3576,0.006,0.0687,0.2675,0.3001,0
"367",0.0819,0.0517,0.2976,0.2155,0.1059,0.2474
"368",0.469,0.1108,0.0223,0.0856,0.0963,0.216
"369",0.0207,0.2237,0.2885,0.2082,0,0.2589
"370",0.0539,0.383,0.3169,0.1693,0,0.0769
"371",0.1349,0.044,0.0756,0.24,0.2133,0.2921
"372",0,0.2589,0.2506,0.2062,0.0806,0.2037
"373",0.0415,0.4034,0.1572,0.1703,0.1116,0.116
"374",0.0838,0,0.2332,0.3243,0.1029,0.2558
"375",0.0232,0.1625,0.2997,0.3634,0.0142,0.137
"376",0.1818,0.187,0.0507,0.1828,0.1865,0.2112
"377",0.1943,0.1355,0.0517,0.2535,0.0977,0.2672
"378",0.1877,0.1847,0.2324,0.2255,0.0915,0.0781
"379",0.1118,0.1881,0.1825,0.2408,0.1688,0.108
"380",0.0113,0.1527,0.341,0.3499,0.12,0.025
"381",0.1476,0.1876,0.1457,0.2319,0.1444,0.1427
"382",0,0.1064,0.3237,0.2997,0.2703,0
"383",0.0333,0.2832,0.3393,0.224,0.0942,0.0259
"384",0.2557,0.0583,0.2236,0.0275,0.0999,0.335
"385",0.0651,0.3035,0.2024,0.1032,0.2214,0.1043
"386",0.3344,0.119,0.1869,0.1008,0,0.2589
"387",0.0787,0.1223,0.2612,0.2805,0.0584,0.199
"388",0.2518,0.0964,0.2075,0.0835,0.1179,0.2429
"389",0.2221,0.2383,0.0731,0.0521,0.0857,0.3286
"390",0.269,0.205,0.0654,0.0665,0.2629,0.1313
"391",0.063,0.2331,0.2307,0.18,0.1327,0.1605
"392",0.3214,0,0.1004,0.2253,0.0382,0.3147
"393",0.0845,0,0.4301,0.3432,0.1043,0.0379
"394",0.1281,0,0.3416,0.1896,0.2427,0.0979
"395",0.0694,0.0914,0.2444,0.2945,0.1089,0.1914
"396",0.1235,0.027,0.1266,0.2351,0.2161,0.2716
"397",0,0.2974,0.1098,0.3664,0.1971,0.0293
"398",0.2405,0,0.2488,0.0996,0.1579,0.2533
"399",0.4314,0.4013,0,0,0.1673,0
"400",0.1172,0.2209,0.176,0.0759,0.2024,0.2077
"401",0.2084,0.2411,0.1637,0.11,0,0.2769
"402",0.1377,0.1794,0.1314,0.2731,0.2162,0.0622
"403",0.218,0.1397,0.213,0.0931,0.1158,0.2203
"404",0,0.5057,0,0,0.3982,0.0961
"405",0.0832,0.0537,0.1759,0.4029,0.1248,0.1596
"406",0.0908,0.1197,0.2762,0.2562,0.2069,0.0503
"407",0.0703,0.1351,0.2871,0.1227,0.1345,0.2503
"408",0,0.0774,0.4904,0.2656,0.1665,0
"409",0.1753,0.1495,0.2341,0.2449,0.1525,0.0437
"410",0.2695,0.0512,0,0.1276,0.1085,0.4432
"411",0.3507,0,0.1322,0,0.2299,0.2872
"412",0,0.1265,0.2868,0.3498,0.0415,0.1954
"413",0.2278,0.1894,0.1482,0.0877,0.1694,0.1776
"414",0.1889,0.2576,0.0419,0.1065,0.2331,0.1721
"415",0.1316,0.0169,0.3836,0.1954,0.0612,0.2112
"416",0.0482,0.0075,0.4086,0.2654,0.088,0.1824
"417",0.2549,0.1809,0.0322,0.1776,0,0.3543
"418",0.0408,0.7358,0.0301,0.1933,0,0
"419",0.0639,0.0395,0.2691,0.2719,0.2742,0.0815
"420",0.218,0.0584,0.2698,0.3455,0.1083,0
"421",0,0.1419,0.0887,0.2033,0.2465,0.3196
"422",0.1536,0.1347,0.2232,0.28,0,0.2086
"423",0,0.0344,0.2822,0.1988,0.4193,0.0654
"424",0.0196,0.1867,0.256,0.2167,0.1549,0.1661
"425",0.1937,0.1353,0.205,0.2735,0.02,0.1726
"426",0.0505,0.3402,0.1879,0.2998,0.0139,0.1077
"427",0,0.4723,0.2577,0.2246,0,0.0454
"428",0.2163,0.1291,0.192,0.0842,0.1992,0.1792
"429",0.0254,0.3517,0,0.0741,0.2827,0.2661
"430",0.8027,0,0,0,0,0.1973
"431",0.1261,0,0.3156,0.1387,0.175,0.2445
"432",0.0377,0.2349,0.0578,0.2232,0.1991,0.2474
"433",0.3024,0.0433,0.2376,0.1071,2e-04,0.3094
"434",0.0375,0.2795,0.3028,0.3236,0,0.0566
"435",0.0105,0.1266,0.1305,0.1928,0.2469,0.2928
"436",0.1605,0.1168,0.2267,0.1278,0.0727,0.2955
"437",0.107,0.1493,0.299,0.1026,0.1197,0.2224
"438",0.0565,0.2296,0.2122,0.1942,0.0938,0.2136
"439",0.2001,0.0712,0.1929,0.3351,0.0252,0.1755
"440",0.3168,0.412,0.0795,0.1585,0,0.0332
"441",0.0953,0.0536,0.2752,0.2001,0.129,0.2468
"442",0,0.2403,0.2416,0.2221,0.2936,0.0024
"443",0.4436,0,0.2641,0.1965,0,0.0958
"444",0.3419,0.0481,0.1588,0.0812,0.0216,0.3484
"445",0,0.0264,0.398,0.2963,0.0858,0.1934
"446",0.1026,0.3656,0.2071,0.3246,0,0
"447",0.5938,0,0.1269,0,0.2441,0.0352
"448",0.1847,0.078,0.1673,0.3255,0.2445,0
"449",0,0.0209,0.4929,0.346,0.0906,0.0496
"450",0.1148,0.0754,0.0396,0.23,0.288,0.2521
"451",0.2093,0,0.2891,0.0677,0.2108,0.2232
"452",0.0233,0.403,0.1035,0.2273,0,0.243
"453",0,0.138,0.2293,0.3145,0.1288,0.1894
"454",0.2042,0.2008,0.1392,0.2316,0.1677,0.0565
"455",0.1968,0,0.2995,0.2903,0.2134,0
"456",0.1526,0.2524,0.2375,0.1752,0,0.1823
"457",0.0722,0.2589,0.1748,0.181,0.1708,0.1423
"458",0.2122,0.1036,0.0538,0.1921,0.1984,0.2399
"459",0,0.4738,0.0364,0.406,0,0.0839
"460",0.2189,0.0221,0.1893,0.2518,0.1312,0.1866
"461",0.0921,0.0815,0.233,0.2313,0.1294,0.2327
"462",0.1365,0.2833,0.2281,0.2651,0.032,0.055
"463",0.1931,0.0749,0.5172,0.1533,0.0453,0.0163
"464",0.0937,0.1083,0.1587,0.2185,0.048,0.3728
"465",0.211,0.0679,0.1409,0.064,0.1398,0.3765
"466",0.2978,0.113,0.0715,0.0284,0.2744,0.2149
"467",0.0658,0.2263,0.2662,0.13,0.1068,0.2049
"468",0.1166,0.2451,0.1387,0.1736,0.0923,0.2338
"469",0.2156,0.237,0.1848,0.2417,0.1208,0
"470",0.3466,0.1076,0.0636,0.2877,0.0022,0.1923
"471",0.165,0.2021,0.1016,0.1113,0.0854,0.3346
"472",0.0193,0.2324,0.1488,0.288,0.0973,0.2143
"473",0.0156,0,0.3243,0.2265,0.0947,0.3389
"474",0.1681,0.1193,0.2544,0.2843,0,0.174
"475",0.0551,0.0931,0.2731,0.1533,0.1876,0.2378
"476",0.0915,0.4658,0,0.068,0.2327,0.142
"477",0,0.2286,0.2462,0.1893,0.1743,0.1617
"478",0.2673,0.1414,0.3162,0.1674,0.0419,0.0658
"479",0.1109,0.2208,0.1919,0.2786,0,0.1979
"480",0.1674,0.2667,0.1485,0.061,0.1165,0.24
"481",0,0.3784,0.1794,0.2174,0.0501,0.1747
"482",0.0323,0.0694,0.3013,0.3174,0.0929,0.1867
"483",0.1796,0.2427,0.2178,0.0709,0,0.289
"484",0.1457,0.222,0.1673,0.2097,0.1563,0.0991
"485",0,0,0.1286,0.3584,0,0.513
"486",0.0935,0.25,0.1874,0.1949,0,0.2741
"487",0.3205,0.2912,0.2388,0.0939,0,0.0556
"488",0.3749,0.0135,0.1087,0.3247,0.0219,0.1562
"489",0.2867,0.1217,0.2901,0.1899,0.0435,0.068
"490",0.0129,0.1949,0.2489,0.1877,0.2187,0.1369
"491",0,0.1587,0.1844,0.2845,0.1379,0.2345
"492",0.4162,0,0,0,0.1216,0.4622
"493",0.1393,0.4796,0.1276,0.1466,0.1068,0
"494",0.0344,0.2878,0.0514,0.1917,0.1985,0.2363
"495",0.1913,0.1919,0.1798,0.2003,0.1382,0.0986
"496",0.1944,0.1291,0.1956,0.2218,0.0122,0.247
"497",0.1126,0.012,0.2109,0.3646,0.1381,0.1618
"498",0.2281,0,0.3277,0.1852,0,0.259
"499",0.1329,0.2961,0.1067,0.1543,0.0359,0.2742
"500",0.1243,0.1189,0.3477,0.2029,0.159,0.0471
"501",0.0643,0.201,0.078,0.252,0.1836,0.2211
"502",0.1208,0.2219,0.2307,0.2176,0.069,0.14
"503",0.2453,0,0.539,0.1679,0,0.0478
"504",0.0828,0.0231,0.3224,0.3288,0,0.2429
"505",0.0201,0.2069,0.1967,0.212,0.166,0.1982
"506",0.3688,0.0629,0.064,0.2,0.2116,0.0926
"507",0.1062,0.1043,0.3022,0.2286,0.1759,0.0828
"508",0.1113,0.1988,0.31,0.183,0,0.197
"509",0.0834,0.2945,0.1107,0.2479,0.0594,0.2041
"510",0.2495,0.0197,0.2979,0.1279,0.1757,0.1293
"511",0.2194,0.2277,0.21,0.2196,0.1233,0
"512",0.2482,0.1739,0.275,0.275,0,0.0279
"513",0.0805,0.0569,0.082,0.0361,0.2999,0.4446
"514",0,0.0917,0.2163,0.2451,0.2836,0.1633
"515",0.1399,0.0851,0.2737,0.2193,0,0.282
"516",0.2684,0.2218,0.0465,0.1372,0.2226,0.1034
"517",0.054,0.3407,0.2019,0.278,0.0921,0.0335
"518",0.504,0.0676,0,0,0.0986,0.3298
"519",0.0937,0.1937,0.2582,0.2518,0.1136,0.0891
"520",0.087,0.2174,0.2639,0.243,0.1887,0
"521",0.2149,0.134,0.1663,0.1424,0.1682,0.1741
"522",0.2521,0.1094,0.1957,0.1634,0,0.2793
"523",0,0,0.4127,0.3687,0.2089,0.0097
"524",0.1049,0.1287,0.2391,0.1166,0.1964,0.2143
"525",0.0695,0.024,0.1943,0.3471,0,0.3651
"526",0.3306,0.18,0.1625,0.0183,0.0665,0.2422
"527",0.1104,0.2022,0.0863,0.2166,0.2514,0.1331
"528",0.3395,0.0139,0.1847,0.0613,0.2763,0.1244
"529",0.1778,0,0.2563,0.248,0.1162,0.2018
"530",0.1997,0.1059,0.2449,0.2734,0,0.176
"531",0.1808,0.045,0.2205,0.0387,0,0.5149
"532",0,0,0.1358,0.3283,0.5358,0
"533",0.5779,0.1113,0,0,0,0.3108
"534",0.3445,0.3381,0,0.0263,0,0.2911
"535",0.3373,0,0.0219,0.0112,0.5225,0.1071
"536",0.0873,0.1813,0.1562,0.2476,0.1787,0.1489
"537",0.3592,0.2493,0.0496,0.2518,0,0.09
"538",0.0593,0.1475,0,0,0.4535,0.3397
"539",0.1443,0.0325,0.3153,0.2705,0.1638,0.0736
"540",0.2099,0,0.2661,0.1588,0.2053,0.1599
"541",0.1671,0.2752,0.2245,0.1965,0,0.1367
"542",0.134,0.2172,0.0813,0.3489,0.09,0.1286
"543",0,0.3891,0.1123,0.3098,0.0214,0.1674
"544",0.0285,0.2223,0.1163,0.2811,0.1087,0.2431
"545",0.04,0.0243,0.156,0.3426,0.4284,0.0086
"546",0.0953,0.2983,0.1713,0.3555,0,0.0796
"547",0,0.2259,0.0024,0.1259,0.2925,0.3532
"548",0.5028,0.1693,0.1418,0.0112,0.1749,0
"549",0.2614,0.0054,0.1389,0.2525,0.0888,0.2529
"550",0.1306,0.3364,0.1324,0.1877,0.2113,0.0015
"551",0.2581,0.1489,0.1863,0.0292,0.1953,0.1822
"552",0,0.0318,0.1358,0.1655,0.1892,0.4778
"553",0.3984,0.0541,0.0117,0,0.2873,0.2485
"554",0.0331,0.2237,0.0683,0.1274,0.2287,0.3188
"555",0.1357,0.1473,0.2909,0.2725,0,0.1537
"556",0.0493,0.3224,0.2042,0.07,0.329,0.0252
"557",0.1238,0.2261,0.2255,0.2457,0.1387,0.0402
"558",0.1281,0.5507,0,0.0631,0,0.2581
"559",0.1066,0,0.1417,0.2861,0.2872,0.1785
"560",0.1369,0.2508,0.1912,0.1771,0,0.244
"561",0.0271,0.1769,0.2434,0.1042,0.2819,0.1666
"562",0.1835,0.4142,0.1217,0.1075,0.1732,0
"563",0,0.2456,0.182,0.3085,0,0.264
"564",0.396,0.1847,0.0454,0,0,0.3739
"565",0.2633,0.0686,0,0.1314,0.2518,0.2849
"566",0.31,0.0358,0.1441,0.3225,0.0497,0.1379
"567",0.1861,0,0.3152,0.3033,0,0.1953
"568",0.2099,0.1224,0.033,0.2295,0.1439,0.2612
"569",0.2717,0,0.2214,0.2791,0.0191,0.2087
"570",0.0017,0.2666,0.1833,0.2565,0.0909,0.2011
"571",0.1371,0.0692,0.283,0.1724,0.0346,0.3038
"572",0.2408,0.0329,0.1671,0.1981,0.009,0.3521
"573",0,0.2508,0.2366,0.2885,0.1096,0.1145
"574",0.0749,0.3181,0.1452,0.2747,0.1871,0
"575",0,0.4578,0,0.0768,0.2003,0.2651
"576",0.156,0.3764,0.1293,0.3384,0,0
"577",0.1196,0.1522,0.1852,0.2451,0.1892,0.1087
"578",0,0.414,0.0334,0.2472,0.3055,0
"579",0.118,0,0.3036,0.3078,0.0256,0.245
"580",0.0127,0.3906,0.1561,0.0655,0.082,0.293
"581",0.1233,0,0.2428,0.2916,0.0588,0.2835
"582",0.0096,0.1363,0.3585,0.4326,0.042,0.021
"583",0.1102,0.1274,0.2753,0.1242,0.3083,0.0545
"584",0.2806,0.1806,0.2505,0.2376,0,0.0508
"585",0.1122,0.2554,0.2204,0.1729,0.0378,0.2013
"586",0.1168,0.2075,0.189,0.0946,0,0.3921
"587",0.2509,0.2645,0.1278,0.1527,0.009,0.1951
"588",0.3457,0,0.1686,0.2266,0.2213,0.0378
"589",0.2097,0.1893,0.2816,0.3194,0,0
"590",0.0896,0.2235,0.073,0.271,0.1448,0.1981
"591",0.0385,0.1133,0.2463,0.1217,0.1668,0.3134
"592",0.0933,0.0068,0.331,0.2728,0.203,0.0931
"593",0.2366,0.0705,0.1056,0.1728,0.1654,0.2491
"594",0,0.4097,0.334,0.1703,0.0174,0.0685
"595",0.304,0.0322,0.3322,0.2657,0,0.0659
"596",0.2227,0.1705,0.1707,0.0208,0,0.4153
"597",0.4798,0.1697,0,0,0.1535,0.197
"598",0.0568,0.3394,0,0.0065,0,0.5972
"599",0.2815,0.2318,0.1998,0.1231,0.1336,0.0302
"600",0.1662,0.1691,0.1635,0.2887,0,0.2125
"601",0.0698,0.1302,0.2845,0.222,0.1915,0.1021
"602",0.1323,0.169,0.2033,0.2086,0,0.2869
"603",0.0295,0.247,0.2731,0.2699,0,0.1805
"604",0.1151,0.0064,0.1631,0.2998,0.2054,0.2102
"605",0.0502,0.2913,0.2491,0.1746,0.0234,0.2114
"606",0.5431,0.1442,0,0.0651,0,0.2477
"607",0.2907,0.0125,0.3373,0.0917,0.0847,0.1831
"608",0.0951,0.2403,0.2952,0.2002,0,0.1692
"609",0,0.1917,0.2814,0.2526,0.0693,0.205
"610",0.1571,0.1174,0.1703,0.1809,0.1426,0.2318
"611",0.2491,0.3341,0.1232,0.2936,0,0
"612",0,0.0377,0.2503,0.261,0.2062,0.2448
"613",0.1814,0.2848,0.0581,0.2034,0,0.2723
"614",0.2938,0.0148,0.1276,0.1856,0.128,0.2502
"615",0.0775,0.2424,0.1892,0.2848,0.1033,0.1029
"616",0.0885,0.2779,0.236,0.1077,0.2326,0.0574
"617",0.0997,0.2154,0.2326,0.2977,0.02,0.1346
"618",0.031,0.0635,0.3422,0.2064,0,0.3569
"619",0,0.0462,0.3062,0.2909,0.1526,0.2041
"620",0,0.4214,0.1165,0.1704,0.1126,0.1791
"621",0.2332,0.1522,0.1956,0.065,0.1161,0.2379
"622",0.0923,0.3406,0.2313,0.1631,0.0022,0.1704
"623",0.1878,0.1795,0.117,0.1989,0.134,0.1828
"624",0.2002,0,0.2676,0.1293,0.2309,0.172
"625",0.092,0,0.3451,0.4206,0,0.1423
"626",0.0977,0.238,0.2108,0.2565,0.0302,0.1668
"627",0.2683,0,0.2442,0.0955,0.1901,0.2019
"628",0.1625,0.115,0.3107,0.1687,0,0.2431
"629",0.1531,0.0065,0.2428,0.2877,0,0.31
"630",0.257,0.2668,0.0429,0.2557,0,0.1775
"631",0.2011,0.2772,0.1827,0.2056,0,0.1335
"632",0.1248,0.1758,0.2358,0.2268,0.1063,0.1305
"633",0.2148,0.1444,0.2598,0.2768,0.0049,0.0993
"634",0.1488,0.326,0.0069,0.0998,0.2576,0.161
"635",0.2258,0.0287,0.2728,0.2545,0,0.2182
"636",0.3628,0.3625,0,0.0733,0.2014,0
"637",0.303,0.1888,0.1611,0.0323,0,0.3148
"638",0.118,0.1985,0.2097,0.1001,0.1578,0.2158
"639",0.0229,0.1987,0.269,0.2523,0.0701,0.1871
"640",0.1473,0.1438,0.258,0.1892,0.0018,0.26
"641",0.0943,0.0608,0.3391,0.2992,0.0838,0.1227
"642",0,0.3169,0.2201,0.282,0.1606,0.0205
"643",0.2083,0.2635,0.2698,0.1362,0.0585,0.0637
"644",0.5958,0.2257,0,0.0361,0,0.1424
"645",0.2337,0,0.3598,0.0375,0.3512,0.0177
"646",0.0599,0.2295,0.1496,0.4399,0,0.1211
"647",0.0422,0.0635,0.282,0.1728,0.1042,0.3354
"648",0.1586,0.4943,0.0042,0.065,0.1166,0.1613
"649",0.2084,0.2967,0.0331,0.144,0.0603,0.2576
"650",0.2089,0.3018,0.2021,0.1136,0,0.1735
"651",0,0.2627,0.2567,0.3107,0.116,0.0539
"652",0.1277,0.3558,0.1565,0.1927,0,0.1673
"653",0.0365,0.2428,0.0957,0.227,0.1422,0.2558
"654",0.3083,0.276,0.0122,0.2168,0.1867,0
"655",0.3443,0,0.1761,0.1188,0.2448,0.1159
"656",0.163,0.0182,0.2311,0.3901,0.1486,0.0488
"657",0.2258,0.1165,0.2863,0.2856,0,0.0858
"658",0.756,0,0.0954,0,0.1414,0.0073
"659",0.2945,0.1115,0.225,0.174,0.0029,0.1921
"660",0.3202,0.4252,0.0923,0.0703,0.0301,0.062
"661",0.1962,0.3455,0.1969,0.105,0.0748,0.0816
"662",0.0214,0.1997,0.1379,0.1528,0.1706,0.3176
"663",0.3297,0.0259,0.1741,0.1413,0.0119,0.3171
"664",0,0.1676,0.2606,0.2627,0.107,0.2021
"665",0,0.0598,0.2472,0.3646,0,0.3285
"666",0.1671,0,0.1387,0.2324,0.1135,0.3484
"667",0.274,0,0.1342,0.0343,0.2412,0.3163
"668",0.3404,0.2215,0.2678,0.0693,0,0.1009
"669",0.2364,0.0098,0.2548,0.0388,0.228,0.2322
"670",0.1183,0.2784,0.1209,0.2284,0.012,0.2419
"671",0.13,0.4455,0.0641,0.262,0,0.0984
"672",0.1594,0.1286,0.3137,0.2076,0.0396,0.151
"673",0.0231,0.1858,0.1591,0.1836,0.1856,0.2628
"674",0,0,0.2389,0.2768,0.266,0.2183
"675",0,0.0995,0.4491,0.2429,0,0.2085
"676",0.146,0.1814,0.1643,0.0352,0.3373,0.1359
"677",0.2673,0.2906,0.1559,0.2611,0,0.0252
"678",0.2655,0.0944,0.0953,0.2485,0.1786,0.1176
"679",0.3414,0.0827,0.1404,0.172,0,0.2635
"680",0.1386,0.3029,0.0487,0.1734,0.2789,0.0575
"681",0,0.065,0.3076,0.2608,0.2038,0.1629
"682",0,0.3528,0.2141,0.3499,0.0831,0
"683",0.316,0.1787,0.0605,0.1808,0.1475,0.1164
"684",0,0.184,0.2931,0.2976,0.2252,0
"685",0.2025,0.2028,0.2227,0.2178,0.0549,0.0994
"686",0.3141,0.0409,0.0782,0.1726,0.1817,0.2126
"687",0.2893,0.0029,0.1778,0.2774,0.0153,0.2373
"688",0.0421,0.3538,0.1431,0.1574,0.0682,0.2354
"689",0.2431,0.0917,0.2058,0.2302,0.1508,0.0785
"690",0.136,0.3055,0.0583,0.0493,0.3999,0.051
"691",0.2624,0.0576,0.2007,0.2666,0,0.2126
"692",0.0103,0.2397,0.0892,0.2742,0.218,0.1686
"693",0.2078,0.158,0.2533,0.1076,0.2039,0.0693
"694",0,0.1074,0.4015,0.3801,0.054,0.0569
"695",0.1756,0.2061,0.2233,0.2606,0.0691,0.0654
"696",0.1776,0.4146,0.0269,0.2293,0.1025,0.049
"697",0.0401,0.2004,0.0768,0.2518,0.209,0.2218
"698",0.0816,0.167,0.3461,0.3683,0,0.037
"699",0.0022,0.0546,0.3441,0.2167,0.2695,0.1128
"700",0.2659,0.3732,0.1244,0.0634,0.047,0.1261
"701",0.2859,0.0431,0.1871,0.0686,0.1406,0.2748
"702",0.2132,0.0331,0.2487,0.0704,0.1971,0.2375
"703",0.1826,0.0788,0.3443,0.3471,0,0.0472
"704",0.1769,0.1163,0.1506,0.2015,0.1408,0.2138
"705",0.0528,0.1311,0.2358,0.173,0.407,3e-04
"706",0.199,0.2064,0.1878,0.3027,0.0617,0.0424
"707",0.1756,0.1801,0.0227,0.0739,0.2962,0.2515
"708",0,0.3212,0.1014,0.1992,0.041,0.3371
"709",0.2378,0.1403,0.2603,0.1499,0.2024,0.0094
"710",0.0979,0.2539,0.0913,0.198,0.1946,0.1642
"711",0.1776,0.0227,0.2528,0.2396,0.1836,0.1237
"712",0,0.2954,0.0452,0.3153,0.1135,0.2305
"713",0.213,0.4816,0.0632,0.1398,0,0.1024
"714",0.0672,0.281,0.2724,0.2759,0.1035,0
"715",0.1912,0.2426,0.1387,0.2774,0,0.1502
"716",0.1597,0.0673,0.337,0.3685,0,0.0675
"717",0.0053,0.1331,0.24,0.3529,0.2649,0.0038
"718",0.0701,0.0441,0.2648,0.2956,0,0.3253
"719",0.2112,0.0616,0.1717,0.2258,0.046,0.2837
"720",0.1959,0.2631,0.0355,0.0804,0.1575,0.2676
"721",0.0801,0.2921,0.0617,0.3134,0.2133,0.0394
"722",0,0.4908,0.0695,0.4397,0,0
"723",0.2732,0.2791,0.1222,0.2465,0,0.079
"724",0.1284,0.298,0.2259,0.1964,0.035,0.1163
"725",0.1154,0.1395,0.1766,0.2417,0,0.3267
"726",0.2654,0.1932,0.2403,0.1401,0.1061,0.0548
"727",0.4603,0,0.1627,0,0,0.377
"728",0.0027,0.203,0.123,0.272,0.1707,0.2285
"729",0.3182,0,0.122,0.2847,0,0.2752
"730",0.278,0,0.1489,0.1408,0,0.4323
"731",0.1854,0.0655,0.066,0.237,0.1562,0.2898
"732",0,0.4337,0.2245,0.099,0.2002,0.0426
"733",0.2778,0.203,0.1997,0.1964,0,0.1231
"734",0.1962,0.2356,0.091,0.194,0.1031,0.1802
"735",0.0988,0.1811,0.212,0.229,0.1581,0.1209
"736",0.2516,0.1691,0.1916,0.3525,0,0.0352
"737",0.0642,0.079,0.1874,0.1012,0.1414,0.4268
"738",0.0808,0,0.3241,0.308,0.1738,0.1132
"739",0.1688,0.2801,0.1444,0.3379,0,0.0686
"740",0.1574,0.1161,0.2573,0.0911,0.0713,0.3068
"741",0.1323,0.0067,0.4718,0.3772,0,0.0121
"742",0.1752,0,0.138,0.2471,0.2014,0.2382
"743",0.1226,0.3491,0,0,0.234,0.2943
"744",0.1949,0.1786,0.1149,0.1524,0.1142,0.245
"745",0.4076,0,0.1859,0.0416,0.2712,0.0936
"746",0.0461,0.4277,0.1502,0.3546,0.0213,0
"747",0.2482,0.1675,0.17,0.181,0.0724,0.1609
"748",0.1298,0.1003,0.1222,0.1776,0.1918,0.2782
"749",0.0475,0.3598,0.2143,0.0758,0.2946,0.0079
"750",0.1945,0.034,0.2636,0.2483,0,0.2596
"751",0,0.0088,0.1732,0.4896,0.3254,0.003
"752",0,0.2182,0.2837,0.2317,0.163,0.1033
"753",0.0936,0.138,0.2464,0.2189,0.0518,0.2514
"754",0.0926,0.1333,0.2863,0.1684,0.1342,0.1852
"755",0,0,0.3311,0.1064,0.1804,0.3821
"756",0.2095,0.204,0.1901,0.275,0.1128,0.0086
"757",0.1407,0,0.1503,0.2833,0.3055,0.1202
"758",0.0256,0.2843,0.3141,0.3313,0,0.0446
"759",0.2908,0,0.2328,0.1717,0.0412,0.2635
"760",0.4102,0.2673,0.1933,0.0961,0,0.033
"761",0.0864,0.3265,0.2268,0.3603,0,0
"762",0.2675,0.0795,0.2647,0.1307,0,0.2576
"763",0.3149,0.0952,0.0809,0.3561,0.1027,0.0502
"764",0.2671,0.1261,0.15,0.2565,0.1332,0.0671
"765",0.0862,0.1997,0.2908,0.3629,0,0.0604
"766",0.1589,0.2948,0.1449,0.349,0,0.0524
"767",0.1768,0,0.383,0.0823,0,0.358
"768",0,0.3206,0.2975,0.2097,0.1266,0.0457
"769",0.2033,0.1981,0.2542,0.223,0,0.1214
"770",0.1806,0.1948,0.2055,0.281,0,0.1381
"771",0.3403,0,0.3377,0.0597,0.2361,0.0262
"772",0.2679,0.1679,0.3104,0.098,0,0.1557
"773",0.183,0.2041,0.2009,0.1856,0.0828,0.1437
"774",0.379,0.3362,0,0.0831,0,0.2016
"775",0.2248,0.117,0.2944,0.2358,0,0.128
"776",0.1824,0.4097,0,0.0937,0.3142,0
"777",0,0.0427,0.3177,0.2759,0.1991,0.1646
"778",0,0.2112,0,0.1179,0.0252,0.6456
"779",0.1612,0.1896,0.1931,0.239,0.0216,0.1954
"780",0.188,0.2386,0.2069,0.2008,0.0891,0.0766
"781",0.0473,0.1823,0.0772,0.3159,0.2765,0.1008
"782",0.3887,0.1165,0.0985,0.3777,0.0186,0
"783",0,0.1858,0.0393,0.1727,0.1953,0.4069
"784",0,0.2956,0.3206,0.2065,0.0376,0.1397
"785",0.2393,0.0968,0.0876,0.2088,0.2054,0.162
"786",0.1901,0.075,0.1621,0.0994,0.2304,0.243
"787",0.149,0.2616,0.0818,0.0497,0.161,0.2968
"788",0.2253,0.0978,0.2919,0.2126,0.0156,0.1567
"789",0.2914,0.2241,0.0836,0.2226,0.0399,0.1384
"790",0.1183,0.2351,0.161,0.3146,0.066,0.105
"791",0.3121,0.3364,0.0622,0.2893,0,0
"792",0.2714,0.1964,0.0549,0.2312,0.205,0.0411
"793",0.2088,0.1969,0.2134,0.1538,0,0.2272
"794",0.1885,0.1247,0.1855,0.0952,0.279,0.1271
"795",0,0.2176,0.194,0.1981,0.2417,0.1486
"796",0.1687,0.3124,0.133,0.0934,0.0224,0.2699
"797",0.1314,0.0324,0.2549,0.2843,0.1081,0.189
"798",0.0811,0.1598,0.2451,0.2492,0.0599,0.2047
"799",0.217,0.1401,0.1137,0.1439,0.1777,0.2076
"800",0.1536,0.0625,0.3958,0.1034,0.0476,0.2371
"801",0.0956,0.1402,0.2755,0.2891,0,0.1997
"802",0.4295,0,0.0113,0,0.0674,0.4918
"803",0.4167,0.2535,0.0077,0.0601,0.1657,0.0963
"804",0.2219,0.0732,0.0719,0.2835,0.0698,0.2797
"805",0.1036,0.2185,0.2396,0.2357,0,0.2026
"806",0,0.1029,0.2442,0.2526,0.2041,0.1962
"807",0.1575,0.1639,0.175,0.1948,0,0.3089
"808",0.2095,0.0423,0.2195,0.244,0.0222,0.2625
"809",0.0879,0.1309,0.024,0.1713,0.2504,0.3355
"810",0.1923,0.2077,0.1778,0.2248,0.1416,0.0558
"811",0.0912,0.1113,0.2513,0.1852,0.1658,0.1952
"812",0.2327,0.4125,0.2086,0.1462,0,0
"813",0.0043,0.389,0.0642,0.1361,0.2158,0.1906
"814",0,0.4522,0.3421,0.2057,0,0
"815",0.0802,0.2265,0.1812,0.1504,0.1034,0.2583
"816",0.0646,0.0402,0.2061,0.0168,0.2926,0.3797
"817",0.2275,0.1605,0.1087,0.2346,0.0642,0.2045
"818",0.2988,0.1676,0.2235,0.2889,0.0212,0
"819",0.1471,0.2716,0,0,0.3743,0.207
"820",0.1604,0.2314,0.2164,0.2705,0,0.1213
"821",0.0054,0.2038,0.2379,0.2332,0.1729,0.1468
"822",0.0349,0.0582,0.2248,0.527,0.1402,0.0148
"823",0.0547,0.5813,0.186,0.1497,0,0.0284
"824",0.2354,0.1946,0.2747,0.2375,0,0.0579
"825",0.2451,0.3436,0.1715,0.1163,0.0895,0.0341
"826",0.22,0.2595,0.176,0.1383,0.0376,0.1686
"827",0.1508,0.3406,0.1817,0.165,0.1329,0.029
"828",0.0675,0.1043,0.2926,0.2737,0,0.2618
"829",0.0701,0.2151,0.3361,0.1258,0.2529,0
"830",0.1425,0.1427,0.221,0.2314,0.1862,0.0762
"831",0.3417,0.1091,0.2108,0.1615,0,0.1769
"832",0.2273,0.1463,0,0,0.5093,0.1171
"833",0.2348,0.2671,0.1364,0.0764,0.1803,0.1051
"834",0.3106,0.1358,0.157,0.0664,0.0359,0.2943
"835",0.2567,0.1524,0.122,0.0717,0.2888,0.1084
"836",0.4126,0.3281,0.0085,0.2496,0,0.0012
"837",0,0.3121,0.1303,0.2993,0.0107,0.2476
"838",0.2237,0.1364,0.231,0.1013,0.1023,0.2052
"839",0.2782,0.328,0.1742,0.1274,0,0.0922
"840",0.3578,0.0034,0.091,0.1484,0.2165,0.1829
"841",0.3852,0.1067,0.2252,0.0462,0,0.2367
"842",0.03,0,0.5143,0.1001,0,0.3556
"843",0.2028,0.0606,0.2308,0.2754,0.0173,0.213
"844",0.1709,0.1894,0.0474,0.0371,0.4626,0.0926
"845",0.1414,0.1551,0.0988,0.2589,0.1335,0.2122
"846",0.2257,0,0.2433,0.097,0.0291,0.4049
"847",0.2317,0.3557,0.1027,0.0267,0.2833,0
"848",0.1352,0.078,0.3759,0.1971,0.0847,0.1292
"849",0.2225,0.0342,0.0259,0.1781,0.2177,0.3215
"850",0.023,0.0269,0.1982,0.2546,0.2626,0.2347
"851",0.2361,0.168,0.0766,0.0869,0.1313,0.3011
"852",0.3027,0,0.1276,0.267,0.2145,0.0882
"853",0.1862,0.0202,0.3056,0.1824,0.0504,0.2552
"854",0.2791,0.134,0.0768,0.0536,0.2438,0.2127
"855",0.2798,0.1791,0.1874,0.3013,6e-04,0.0517
"856",0.0592,0.0513,0.1864,0.2968,0.2558,0.1507
"857",0,0.2267,0.2165,0.0593,0.2606,0.2369
"858",0.4054,0,0.227,0.0593,0.1509,0.1574
"859",0.5052,0.0433,0.0472,0.028,0,0.3762
"860",0.4087,0.0074,0.1824,0.0304,0.1856,0.1856
"861",0.0642,0.1071,0.1709,0.1584,0.2148,0.2846
"862",0.0912,0.2195,0.2503,0.2236,0.1649,0.0504
"863",0.1888,0,0.0908,0.2759,0.0934,0.3512
"864",0.3964,0,0.0495,0.1534,0.0124,0.3884
"865",0.2158,0.3018,0.0968,0.0822,0.1136,0.1899
"866",0.0029,0.2161,0,0,0.6968,0.0841
"867",0,0.1782,0.1312,0.2654,0.1827,0.2425
"868",0.0778,0.0326,0.3246,0.2558,0.0916,0.2175
"869",0.0118,0.1592,0.2618,0.3375,0,0.2297
"870",0.3096,0,0.136,0.1669,0.0937,0.2938
"871",0.0616,0.293,0.063,0.1857,0.1695,0.2273
"872",0.0199,0.0551,0.3676,0.2118,0,0.3456
"873",0.1817,0.1033,0.1992,0.453,0.0628,0
"874",0.2182,0.1634,0.1457,0.1981,0.0225,0.2521
"875",0.2449,0.0194,0.1886,0.1499,0.1301,0.2672
"876",0.0217,0.2457,0.1982,0.2829,0.1395,0.112
"877",0.2294,0.0388,0.1323,0.264,0.208,0.1275
"878",0.1411,0.2029,0.1573,0.0956,0.227,0.1761
"879",0.2301,0.2465,0.159,0.2878,0.0463,0.0303
"880",0.283,0.0367,0.0875,0.1934,0.1418,0.2575
"881",0.1615,0.0756,0.0084,0,0.5476,0.2069
"882",0,0.2225,0.1045,0.1183,0.2505,0.3042
"883",0.0941,0.1354,0.1334,0.24,0.1722,0.2248
"884",0.1778,0.1377,0.2387,0.1872,0.1799,0.0786
"885",0.0578,0.094,0.2935,0.3512,0,0.2035
"886",0.3196,0,0.2749,0.0726,0,0.3329
"887",0.2912,0.1581,0.036,0.0949,0.3009,0.1189
"888",0.1932,0.0896,0.2278,0.0385,0.2826,0.1683
"889",0.3513,0.0503,0.185,0.1657,0,0.2478
"890",0.0674,0.0158,0.2576,0.13,0.3174,0.2117
"891",0.254,0.1592,0.2914,0.1421,0,0.1532
"892",0.1958,0.2015,0.2149,0.1688,0.1989,0.0201
"893",0.2869,0.0308,0.4826,0.1189,0,0.0809
"894",0.2226,0.0993,0.2176,0.232,0.1151,0.1135
"895",0.103,0.0957,0.2688,0.2544,0.1062,0.1719
"896",0.3397,0.0182,0.2052,0.1279,0,0.309
"897",0.1141,0.0225,0.2844,0.0021,0,0.5769
"898",0.0443,0.098,0.279,0.2647,0.0783,0.2356
"899",0.1253,0.2855,0.1044,0.1587,0.0885,0.2376
"900",0.1874,0.0381,0.1968,0.2397,0.1811,0.1567
"901",0.05,0.2562,0.2153,0.2027,0.2184,0.0574
"902",0.0349,0.2233,0.1661,0.3618,0.0504,0.1635
"903",0.1579,0.0533,0.2536,0.2303,0.0462,0.2587
"904",0.0796,0.0064,0.3725,0.3266,0.0127,0.2023
"905",0.1701,0.2387,0.2107,0.21,0.1706,0
