"","neu","NK","CD4","CD8","B","mono"
"0",0,0.2751,0.2682,0.1594,0.2009,0.0964
"1",0.5481,0.0982,0,0.041,0,0.3127
"2",0.3291,0.3713,0.0302,0.25,0,0.0194
"3",0.0306,0.2091,0.1859,0.1989,0.1444,0.2311
"4",0.2466,0,0.2933,0.1344,0.2591,0.0666
"5",0.2259,0,0.2579,0.293,0,0.2232
"6",0.0574,0.2256,0.2665,0.2377,0,0.2128
"7",0.0493,0.294,0.3054,0.3044,0,0.0469
"8",0,0.2369,0.2406,0.2622,0.2603,0
"9",0.192,0,0,0,0.2007,0.6073
"10",0,0.2087,0.1679,0.1206,0.1723,0.3306
"11",0.0103,0.314,0.0608,0.2469,0.3326,0.0353
"12",0.2159,0.2558,0.1966,0.1682,0,0.1635
"13",0.0867,0.1883,0.2779,0.2811,0.1639,0.002
"14",0.0913,0.1548,0.1923,0.3094,0.2051,0.0472
"15",0.0996,0.1351,0.3056,0.3008,0.1475,0.0114
"16",0,0.4278,0.1242,0.3239,0,0.1242
"17",0.278,0.2003,0.1765,0.0468,0,0.2984
"18",0.2472,0.195,0.0792,0.1446,0.1308,0.2031
"19",0.3563,0,0.3253,0.0756,0,0.2428
"20",0.0944,0.1576,0.2621,0.3342,0,0.1518
"21",0.1026,0.1634,0.1877,0.2407,0.1212,0.1844
"22",0.0044,0,0.2192,0.1532,0.3643,0.2589
"23",0,0.1929,0.33,0.2704,0.0756,0.1312
"24",0.1943,0.226,0.2599,0.2835,0.0055,0.0308
"25",0.1046,0,0.1908,0.2841,0.151,0.2695
"26",0.3422,0.1834,0.0259,0.0572,9e-04,0.3903
"27",0.3475,0.1212,0.0427,0.1346,0.2307,0.1233
"28",0.0661,0.1689,0.2693,0.2917,0.1362,0.0678
"29",0.1651,0.2499,0,0.0473,0.2083,0.3294
"30",0.1773,0.1733,0.2546,0.2317,0,0.1631
"31",0.2886,0.1075,0.2421,0.063,0.1272,0.1716
"32",0.0098,0.1474,0.308,0.2249,0.2582,0.0517
"33",0.0779,0.0538,0.3792,0.1702,0.2496,0.0694
"34",0,0.3071,0.1707,0.0801,0.0205,0.4215
"35",0.1292,0.3219,0.2131,0.11,0.1088,0.117
"36",0.2662,0.2563,0.0427,0.1238,0.046,0.265
"37",0.2258,0,0.2093,0.1535,0.1409,0.2705
"38",0.078,0.1788,0.2286,0.1231,0.1439,0.2476
"39",0.125,0.0593,0.1329,0.0954,0.361,0.2263
"40",0.1919,0.2351,0.1438,0.2067,0.1131,0.1094
"41",0.1406,0.0869,0.1338,0.251,0.1827,0.2049
"42",0.001,0.3073,0.2327,0.0721,0.0907,0.2962
"43",0.13,0.062,0.2406,0.2685,0.0658,0.233
"44",0.0715,0.3534,0.1926,0.2466,0.0514,0.0845
"45",0,0.2729,0.1831,0.031,0.37,0.143
"46",0.341,0.0882,0.0902,0.1756,0,0.305
"47",0.2173,0.0228,0.2392,0.2197,0,0.301
"48",0.1368,0.019,0.3312,0.2014,0.3049,0.0068
"49",0.0021,0.2631,0.2257,0.2862,0.1629,0.0598
"50",0.3247,0.3087,0.0037,0,0,0.3629
"51",0.0811,0,0.4189,0.2422,0.1224,0.1355
"52",0.3192,0.1009,0.0585,0.1032,0.0975,0.3208
"53",0.3437,0.05,0.022,0,0.1405,0.4438
"54",0,0.1649,0.2336,0.2694,0.0484,0.2837
"55",0.2164,0.2516,0.0903,0.208,0,0.2337
"56",0.0879,0.1992,0.1527,0.3406,0,0.2195
"57",0.273,0,0.1688,0,0.2493,0.3089
"58",0.2026,0.0179,0.3535,0.2088,0.0361,0.1809
"59",0.1825,0.1406,0.2485,0.1879,0,0.2406
"60",0.2779,0.2657,0.2504,0.1797,0,0.0262
"61",0.2654,0.1837,0.0376,0.0513,0.1267,0.3353
"62",0.1338,0.1851,0.3078,0.2706,0.0756,0.0271
"63",0.1152,0.2486,0.1269,0.2862,0.0163,0.2069
"64",0,0.2611,0.2744,0.3382,0,0.1263
"65",0.0181,0.222,0.2689,0.2559,0.082,0.1531
"66",0.1909,0.2056,0.1491,0.1027,0.1312,0.2206
"67",0.1989,0.3087,0.032,0.053,0.1888,0.2185
"68",0.3054,0.0305,0.1332,0.3688,0,0.162
"69",0.089,0.3656,0.2268,0.237,0.0467,0.0349
"70",0.2677,0,0.2832,0.0423,0.2883,0.1185
"71",0,0.191,0.2518,0.226,0.2711,0.0601
"72",0.16,0.4423,0.1336,0.0918,0.1723,0
"73",0.2887,0,0.1918,0.2079,0.0288,0.2829
"74",0.2179,0.1947,0.1177,0.2764,0.0165,0.1769
"75",0.1501,1e-04,0.1926,0.1742,0.3334,0.1497
"76",0.0054,0.3551,0.0476,0.2608,0.1636,0.1675
"77",0.0212,0.1737,0.2973,0.0735,0,0.4343
"78",0,0.2734,0.0663,0.3228,0,0.3375
"79",0.3895,0.029,0.0811,0.0588,0.3001,0.1416
"80",0.0782,0.1922,0.2929,0.1743,0.2012,0.0613
"81",0.3341,0.0143,0.2746,0.377,0,0
"82",0.108,0.0636,0.1926,0.2864,0.2305,0.1189
"83",0.0625,0.1714,0.1403,0.0429,0.2906,0.2923
"84",0.1956,0.2461,0.2378,0.2174,0.0856,0.0175
"85",0.2917,0,0.0748,0.2783,0.0947,0.2604
"86",0.1884,0,0.3088,0.2488,0,0.2541
"87",0.0649,0.2924,0.0798,0.1909,0,0.372
"88",0.4639,0,0.0407,0,0.3327,0.1627
"89",0.3405,0.0632,0.0393,0.2271,0,0.3299
"90",0.1477,0.2584,0.161,0.3861,0,0.0468
"91",0.0083,0.2679,0.0713,0.3604,0.1151,0.177
"92",0.0785,0.3428,0.1022,0.3354,0.1192,0.0219
"93",0.1986,0,0.3174,0.0662,0.1832,0.2346
"94",0.195,0.2388,0.1938,0.1323,0.1153,0.1248
"95",0.2172,0.1628,0.202,0.2428,0,0.1752
"96",0.1467,0.1327,0.035,0.1918,0.1712,0.3226
"97",0.3119,0.1626,0.0903,0,0.2726,0.1627
"98",0.0956,0.1942,0.2266,0.2012,0.1773,0.105
"99",0,0.3044,0.3211,0.1064,0.1774,0.0907
"100",0.1235,0.1736,0.3402,0.3445,0,0.0181
"101",0.3415,0.0992,0.059,0.2619,0,0.2384
"102",0,0.182,0.258,0.2774,6e-04,0.2819
"103",0.199,0.0677,0.1291,0.2652,0.1693,0.1696
"104",0.1253,0.1478,0.3409,0.3109,0,0.0751
"105",0.0934,0.3904,0.173,0.2687,0.0301,0.0445
"106",0.0684,0.1134,0,0.1136,0.45,0.2546
"107",0.1533,0.1974,0.2343,0.0991,0.3159,0
"108",0.2545,0.1923,0.1474,0.2293,0,0.1765
"109",0.2796,0.0665,0.1661,0.2534,0.0687,0.1658
"110",0.1845,0.1893,0.1644,0.1686,0,0.2932
"111",0,0.1427,0.2089,0.1329,0.1984,0.317
"112",0.2394,0.0077,0.3202,0.1937,0.2296,0.0094
"113",0.0332,0.2041,0.1395,0.354,0.0441,0.2251
"114",0.3048,0.2999,0.2393,0.1348,0.0212,0
"115",0.2426,0.1816,0.2265,0.1259,0.1792,0.0442
"116",0.1506,0.0825,0.2719,0.2141,0.0939,0.1871
"117",0.0647,0.0819,0.2649,0.1099,0.2564,0.2222
"118",0.2672,0.1069,0.0457,0.0437,0.108,0.4285
"119",0.1017,0.196,0.3758,0.2378,0.0333,0.0554
"120",0.1321,0.2361,0.1369,0.0517,0.1574,0.2858
"121",0.2877,0.0805,0.1233,0.2759,0.1916,0.0411
"122",0.0558,0.2206,0.2247,0.3549,0.144,0
"123",0.1909,0.2602,0.029,0.2342,0.0349,0.2507
"124",0.1561,0.103,0.0877,0.2643,0.1112,0.2777
"125",0.4598,0.0457,0.221,0.2419,0,0.0316
"126",0,0.1313,0.2535,0.2345,0.1572,0.2235
"127",0.1389,0.1199,0.1251,0.2264,0.2094,0.1803
"128",0.1327,0.0753,0.1689,0.008,0.2961,0.319
"129",0.0984,0.1429,0.2986,0.391,0,0.069
"130",0.0483,0.3369,0.2193,0.3308,0.0647,0
"131",0.263,0.184,0.1721,0.2064,0,0.1745
"132",0.2092,0.1815,0.1434,0.2201,0.0899,0.1559
"133",0.3112,0.0973,0.1048,0.2378,0,0.2489
"134",0.0707,0.0964,0.1043,0.2744,0.032,0.4222
"135",0.0735,0.2548,0.2782,0.241,0,0.1525
"136",0.3566,0.1391,0.0944,0.41,0,0
"137",0.1635,0.1555,0.2495,0.1696,0,0.2619
"138",0.0781,0.1406,0.2357,0.2427,0.1084,0.1945
"139",0,0.0614,0.2617,0.29,0.1672,0.2197
"140",0.1037,0.185,0.1816,0.2225,0.0911,0.216
"141",0.2048,0.066,0.2786,0.1246,0,0.326
"142",0.0884,0.0973,0.3103,0.4866,0,0.0173
"143",0.1656,0.2125,0.2211,0.2958,0,0.105
"144",0.0101,0.2539,0.294,0.1737,0.0287,0.2396
"145",0.1887,0.1859,0,0,0.154,0.4715
"146",0.1678,0.2153,0.1754,0.0805,0.1162,0.2448
"147",0,0.4219,0.0518,0.3486,0.1523,0.0255
"148",0.415,0.0504,0.1142,0,0,0.4204
"149",0.1606,0.1397,0.2585,0.1457,0,0.2955
"150",0.2027,0.1869,0.2765,0.2001,0.0785,0.0554
"151",0,0.1472,0.0715,0.3287,0,0.4525
"152",0.1548,0.1024,0.1261,0.0731,0.1389,0.4046
"153",0,0.1308,0.2953,0.106,0.2238,0.2441
"154",0.0088,0.1575,0.2356,0.3283,0.2538,0.016
"155",0,0.4873,0.0278,0.3506,0,0.1343
"156",0.1663,0.0623,0.0715,0.3092,0,0.3906
"157",0.1261,0.279,0.1225,0.1998,0,0.2726
"158",0.2229,0.2407,0.2006,0.1873,0,0.1485
"159",0.0403,0.2763,0.1109,0.235,0.0475,0.29
"160",0.3488,0,0.141,0.2087,0,0.3015
"161",0,0.1688,0.3054,0.3644,0.1599,0.0015
"162",0.3695,0,0,0.0356,0.4266,0.1683
"163",0.2769,0.1082,0.3051,0.2182,0,0.0916
"164",0.1161,0,0.1959,0.0371,0.3688,0.2821
"165",0.0454,0.1638,0.2733,0.2409,0.0962,0.1804
"166",0.1874,0.2042,0.1178,0.1001,0.2077,0.183
"167",0.217,0.3123,0,0.0025,0.1253,0.3428
"168",0,0.3318,0.3031,0.1613,0.114,0.0898
"169",0.0053,0.1961,0.2716,0.1599,0.1972,0.1699
"170",0,0.182,0.2227,0.2093,0.2143,0.1717
"171",0.1047,0.5713,0.0632,0.2609,0,0
"172",0.1273,0.3381,0,0.0581,0.2323,0.2443
"173",0.1905,0.2751,0.1897,0.2446,0,0.1001
"174",0.1331,0.337,0.1173,0.2706,0.1174,0.0246
"175",0,0,0.1855,0.3851,0.3556,0.0738
"176",0.2609,0.3032,0,0.0607,0.1244,0.2508
"177",0.2091,0.2868,0.1602,0.2081,0,0.1359
"178",0.3561,0.2527,0.093,0.1477,0,0.1505
"179",0,0.1277,0.0796,0.2732,0.2862,0.2332
"180",0.1993,0.1101,0.3213,0.1152,0.2002,0.0539
"181",0.1546,0.117,0.1954,0.2568,0.0356,0.2407
"182",0.0775,0.2154,0.1565,0.2124,0.1314,0.2068
"183",0.2164,0.1541,0.2465,0.2142,0.0784,0.0903
"184",0.268,0.2322,0.0971,0.0628,0.072,0.2678
"185",0.2764,0.0386,0.2453,0.0604,0.1381,0.2411
"186",0,0,0.3373,0.0247,0.2834,0.3546
"187",0.2204,0,0.2819,0.0837,0.18,0.234
"188",0,0.2097,0.3186,0.1288,0.1597,0.1832
"189",0.0176,0.169,0.1696,0.2383,0.1335,0.2721
"190",0.1562,0.2406,0,0.0107,0.4869,0.1056
"191",0.1924,0.1615,0.182,0.3984,0.0532,0.0126
"192",0.2382,0.0986,0.3515,0.0948,0.0765,0.1405
"193",0,0.2207,0.2453,0.2297,0.139,0.1653
"194",0.2117,0.2588,0.199,0.1176,0.1007,0.1123
"195",0.403,0,0.2329,0.1258,0,0.2383
"196",0.2833,0.0466,0.0636,0.1897,0.1556,0.2612
"197",0.1847,0,0.3012,0.251,0.087,0.176
"198",0.3583,0,0.3401,0.2532,0.0376,0.0107
"199",0.056,0.4013,0.0166,0.0331,0.1597,0.3334
"200",0.1256,0.062,0.3058,0.3221,0.1364,0.0481
"201",0.3413,0,0.1923,0.134,0.1284,0.204
"202",0.3403,0.0797,0.0783,0.2944,0,0.2073
"203",0,0.4839,0.0889,0.3542,0,0.073
"204",0.2355,0,0.2203,0.0944,0.4459,0.0039
"205",0.2031,0,0.2771,0.2449,0.0817,0.1932
"206",0.0161,0.1299,0.1564,0.3349,0.1538,0.2089
"207",0.2677,0.4566,0.0275,0.2243,0,0.0239
"208",0.1677,0.0555,0.2661,0.2566,0,0.2541
"209",0.1015,0.294,0.0799,0.0561,0.1982,0.2704
"210",0.0723,0.3583,0.185,0.2013,0,0.1831
"211",0.0297,0.1126,0.1467,0.3713,0.0919,0.2478
"212",0.0886,0.2267,0.1874,0.2596,0,0.2376
"213",0.2264,0.0563,0.2416,0.1246,0.1722,0.1789
"214",0.1622,0.1455,0.2586,0.236,0,0.1976
"215",0.1426,0.2618,0.3097,0.1196,0.0383,0.1281
"216",0.1079,0.2267,0.321,0.2901,0,0.0542
"217",0.4216,0.065,0.0754,0.1216,0.148,0.1684
"218",0.1587,0.0415,0.2196,0.2059,0.1004,0.2739
"219",0.2298,0.2828,0.1365,0.1206,0.177,0.0534
"220",0,0.3184,0,0.027,0.2199,0.4347
"221",0.1815,0.1452,0.1388,0.2259,0.0784,0.2303
"222",0,0.262,0.1116,0.2531,0.162,0.2112
"223",0.2972,0.0144,0.3497,0.3007,0,0.0379
"224",0.3682,0.0132,0.0733,0.3628,0.1825,0
"225",0.3017,0.149,0,0,0.4513,0.0981
"226",0.0168,0.2513,0.1703,0.1471,0.1754,0.2391
"227",0.0438,0.126,0.1818,0.3085,0.0774,0.2625
"228",0.0072,0.2235,0.0963,0.3665,0.1413,0.1651
"229",0.416,0.2427,0.0747,0.2179,0,0.0487
"230",0.3115,0.0762,0.1838,0.1422,0.0261,0.2602
"231",0.3187,0.1467,0.1232,0.1218,0,0.2896
"232",0.4471,0.0085,0.0251,0.31,0.1764,0.0329
"233",0.0659,0.0193,0.4432,0.2144,0.2573,0
"234",0.2287,0.2406,0.1285,0.239,0,0.1632
"235",0.1481,0.1375,0.2226,0.1977,0.1306,0.1635
"236",0.3805,0,0.0926,0,0.3186,0.2083
"237",0.2874,0,0.1874,0.0038,0.222,0.2994
"238",0.0821,0.2622,0.0662,0.2979,0.0092,0.2824
"239",0.2286,0.1932,0.2192,0.1934,0.0633,0.1022
"240",0.1807,0.2549,0.2461,0.301,0,0.0173
"241",0.1221,0.268,0.1647,0.2031,0,0.2421
"242",0,0.2121,0.2393,0.1278,0,0.4208
"243",0.3291,0.111,0.0614,0.2506,0,0.2478
"244",0.3273,0,0.4128,0.2598,0,0
"245",0.1422,0.2575,0.2137,0.1336,0,0.253
"246",0.0791,0.122,0.1897,0.2407,0.2059,0.1627
"247",0.2732,0.1836,0.186,0.0845,0.0821,0.1906
"248",0.1191,0.2869,0.1168,0.1209,0.2221,0.1343
"249",0.049,0.3679,0.1562,0.3079,0.1017,0.0174
"250",0,0.0768,0.4009,0.2273,0.2457,0.0494
"251",0.4225,0.2862,0.0206,0.0817,0.1284,0.0606
"252",0.17,0.1707,0.2094,0.2536,0.0343,0.1619
"253",0.1855,0.1312,0.2001,0.2531,0,0.2302
"254",0,0.713,0,0.1194,0.1676,0
"255",0.3475,0.1292,0.1509,0.136,0.1461,0.0903
"256",0,0.2231,0.2558,0.3884,0.0445,0.0882
"257",0.0646,0.2407,0.236,0.1381,0.1459,0.1746
"258",0,0.0491,0.4431,0.451,0,0.0569
"259",0,0.2209,0.2928,0.4104,0.0652,0.0107
"260",0.1043,0.1158,0.3563,0.3262,0,0.0974
"261",0.1748,0.1974,0.2382,0.2538,0,0.1357
"262",0.1508,0.1874,0.0968,0.0847,0.4344,0.0459
"263",0.3257,0,0.1092,0.1542,0.1623,0.2485
"264",0.1075,0.1942,0.0653,0.2791,0.0292,0.3246
"265",0.2784,0.1962,0.1227,0.2,0.2001,0.0025
"266",0.1326,0.1108,0.2231,0.2107,0.1455,0.1773
"267",0.3378,0.0438,0.3161,0.1201,0.0886,0.0937
"268",0.0853,0.4415,0,0.0128,0.2316,0.2287
"269",0.0126,0.1001,0.2803,0.2127,0.2331,0.1611
"270",0.1012,0.2171,0.2649,0.2374,0,0.1794
"271",0.2588,0.1656,0.1052,0.3347,0.133,0.0027
"272",0.0165,0.2306,0.1805,0.2185,0.1038,0.2501
"273",0.1783,0.259,0.058,0.2598,0.0123,0.2326
"274",0.1318,0,0.2113,0.2894,0,0.3674
"275",0.1362,0.0712,0.1854,0.2385,0.0261,0.3426
"276",0.1675,0.0586,0.1878,0.2189,0.1127,0.2545
"277",0.172,0.1469,0.2717,0.0899,0.3195,0
"278",0,0.4056,0.1007,0.264,0.2297,0
"279",0.2485,0.1598,0.1533,0.1881,0.1418,0.1085
"280",0.2847,0.1976,8e-04,0.0128,0.2987,0.2053
"281",0.115,0.1188,0.227,0.173,0.1423,0.2239
"282",0.0577,0.6582,0,0.1887,0,0.0954
"283",0,0.3217,0.3088,0.3163,0,0.0532
"284",0.2343,0.1822,0.1535,0.2874,0.1348,0.0078
"285",0.0452,0.3796,0.1646,0.3816,0,0.029
"286",0.3289,0.0923,0.0822,0.2341,0.1332,0.1294
"287",0,0.2398,0.1982,0.2173,0.3139,0.0308
"288",0,0.2449,0.2869,0.1435,0.0637,0.261
"289",0.21,0.1924,0.2419,0.2607,0.0285,0.0665
"290",0,0.2035,0.3056,0.3458,0.1058,0.0393
"291",0.143,0.2968,0.1046,0.3598,0.0665,0.0292
"292",0.7147,0,0,0.0117,0,0.2736
"293",0.3888,0.0074,0.0464,0.1896,0,0.3678
"294",0.2041,0.2234,0.2764,0.1956,0,0.1005
"295",0.1757,0.1442,0.1842,0.2265,0.1332,0.1363
"296",0.2344,0.2152,0.1442,0.1871,0,0.2191
"297",0.2502,0.0578,0,0.1262,0.2818,0.284
"298",0.1821,0.3236,0.1607,0.2779,0,0.0557
"299",0.2703,0.0244,0.2519,0.2235,0,0.2298
"300",0.2449,0.1636,0.1267,0.2322,0.0126,0.22
"301",0.4157,0.2504,0.0546,0,0.1714,0.1079
"302",0.3247,0.0598,0.1622,0.0869,0,0.3665
"303",0.1826,0.1333,0.0785,0.3135,0,0.292
"304",0.1084,0.1639,0.1835,0.3794,0,0.1649
"305",0.0983,0.1504,0.136,0.2283,0,0.3869
"306",0.0451,0.0816,0.3971,0.3469,0,0.1294
"307",0.3267,0.0297,0,0,0.5194,0.1241
"308",0.1724,0.2472,0.2255,0.2032,0.1247,0.027
"309",0,0.3518,0.2262,0.0946,0,0.3274
"310",0,0.1979,0.3352,0.2246,0.2273,0.0149
"311",0.0999,0.1581,0.1148,0.2276,0.1966,0.2031
"312",0.0097,0.1742,0.2522,0.2933,0,0.2706
"313",0.404,0.0625,0.0011,0,0.2392,0.2933
"314",0.1164,0.2623,0.1967,0.3053,0.1193,0
"315",0.1203,0.1198,0.1638,0.0794,0.2212,0.2956
"316",0.4366,0.0415,0.2052,0.1557,0.0663,0.0947
"317",0,0.1102,0.3269,0.4381,0.1126,0.0121
"318",0.3552,0.3673,0,0,0.2776,0
"319",0.0693,0.1572,0.2501,0.2226,0.0824,0.2184
"320",0.3004,0.0271,0.025,0.0704,0.272,0.3051
"321",0,0.1116,0.197,0.291,0.1148,0.2856
"322",0.3889,0,0.2099,0,0.2672,0.134
"323",0.0796,0.2295,0.2054,0.2359,0.1498,0.0999
"324",0.1661,0.2795,0.0662,0.3155,0.082,0.0907
"325",0.2182,0.2398,0.096,0.2229,0,0.2232
"326",0.0659,0.1481,0.1955,0.2429,0.19,0.1576
"327",0.163,0.2237,0.1574,0.2634,0.0988,0.0936
"328",0.2586,0.1905,0.1363,0.1538,0,0.2608
"329",0.3104,0.1684,0.1981,0.1903,0,0.1328
"330",0.2406,0,0.3006,0.2378,0,0.2209
"331",0,0.5816,0.0904,0.0442,0.1072,0.1766
"332",0.0741,0.2256,0.2534,0.3005,0,0.1465
"333",0,0.3408,0.3701,0.1431,0.1368,0.0092
"334",5e-04,0.2916,0.2966,0.2155,0.1127,0.0831
"335",0,0.3532,0.4057,0.2355,0,0.0056
"336",0.2676,0.1012,0.1437,0.2443,0.0698,0.1733
"337",0.0542,0.3429,0.2972,0.2332,0.0629,0.0097
"338",0,0.2874,0.227,0.2311,0,0.2545
"339",0.1822,0.3336,0.1558,0.3284,0,0
"340",0.2954,0.2628,0.1684,0.0814,0.0503,0.1417
"341",0.1038,0.2685,0.0605,0.0499,0.348,0.1693
"342",0.1211,0.2088,0.1227,0.2566,0.0223,0.2685
"343",0.2105,0.0577,0.2641,0.1973,0,0.2704
"344",0.1826,0.1024,0.2362,0.2855,0,0.1933
"345",0.1233,0.1977,0.3004,0.2012,0,0.1774
"346",0.2397,0.2676,0.1143,0.2953,0.0081,0.075
"347",0.2326,0.2201,0.2716,0.1999,0.0107,0.0651
"348",0.2799,0.3727,0.1068,0.1984,0,0.0422
"349",0.3049,0.2074,0.2077,0.0812,0,0.1988
"350",0.0863,0.0779,0.3039,0.2271,0.1414,0.1633
"351",0.0635,0.3671,0.0323,0.0098,0.324,0.2033
"352",0.1378,0.2635,0.0871,0.14,0.1426,0.2291
"353",0.0946,0.3288,0.1893,0.1318,0,0.2556
"354",0,0.4593,0.0977,0.299,0.1319,0.0121
"355",0.0993,0.2457,0.2169,0.265,0,0.1731
"356",0.418,0,0.2133,0,0,0.3687
"357",0.4314,0,0.1755,0,0.1416,0.2515
"358",0.0694,0.3042,0.1266,0.2593,0.192,0.0485
"359",0,0.6323,0,0.2479,0,0.1198
"360",0,0.2495,0.212,0.2752,0.0341,0.2292
"361",0.4284,0,0.1087,0.4628,0,0
"362",0.2384,0.1176,0.0577,0.2262,0.2319,0.1283
"363",0.1529,0.2286,0.2159,0.1579,0.1383,0.1065
"364",0.3511,0.1106,0.1748,0.1496,0,0.2139
"365",0.1216,0.1746,0.2648,0.2313,0,0.2077
"366",0,0.2861,0,0,0.5915,0.1224
"367",0.3478,0.1762,0.0752,0.3596,0,0.0412
"368",0.0332,0.1672,0.2833,0.3178,0,0.1985
"369",0.3511,0.078,0.0078,0.137,0.0484,0.3776
"370",0.247,0.2774,0.2224,0.1265,0.0168,0.1099
"371",0.2748,0.2925,0.198,0.1464,0.0383,0.05
"372",0.1648,0.2913,0.0642,0.1324,0.3473,0
"373",0.3624,0,0.0855,0.1867,0,0.3654
"374",0.1631,0.1263,0.1715,0.3222,0.2119,0.005
"375",0.3279,0.044,0.1179,0.3197,0.0755,0.1149
"376",0.3201,0.1592,0.1424,0.3322,0.0461,0
"377",0.2231,0.1442,0.3607,0.1909,0.0062,0.0749
"378",0.411,0.0255,0.0277,0.1758,0.2028,0.1573
"379",0.2005,0.0571,0.1953,0.1928,0.0714,0.2829
"380",0.231,0.0635,0.2234,0.1233,0.2002,0.1586
"381",0.4011,0.1802,0,0,0.3264,0.0922
"382",0.238,0.2391,0.0683,0.0426,0.2344,0.1777
"383",0.3041,0.1092,0,0,0.2233,0.3634
"384",0.0127,0.2499,0.0586,0.2161,0.2768,0.1859
"385",0.0703,0.2353,0.3237,0.1263,0,0.2444
"386",0,0.0632,0.2178,0.6178,0.0531,0.0481
"387",0.2161,0.1834,0.0908,0.3265,0.1833,0
"388",0.3301,0.2599,0.0904,0.0585,0.0079,0.2531
"389",0.0599,0.3587,0.1626,0.1293,0.1517,0.1378
"390",0.2497,0.12,0.2345,0.0635,0.1038,0.2286
"391",0,0.3091,0.0436,0.3183,0.0989,0.2301
"392",0.1472,0.1538,0.0668,0.2194,0.0841,0.3288
"393",0.1865,0.1623,0.045,0.2306,0.1631,0.2125
"394",0.2815,0.1223,0.13,0.0111,0.2934,0.1618
"395",0.0059,0.0061,0.0535,0.1819,0.5243,0.2283
"396",0.2035,0.2172,0.2122,0.2152,0.0413,0.1107
"397",0.198,0.2522,0.1499,0.1185,0.1567,0.1247
"398",0.009,0.1998,0.1114,0.2265,0.2474,0.206
"399",0.174,0.1676,0.1608,0.2566,0.0432,0.1978
"400",0.401,0.1157,0.0468,0.0079,0,0.4285
"401",0.2005,0.2631,0.1213,0.2464,0.1085,0.0603
"402",0.0508,0.4648,0.0735,0.0853,0,0.3256
"403",0.0908,0.1237,0.1483,0.1607,0.2103,0.2663
"404",0,0.204,0.2862,0.0861,0.1439,0.2798
"405",0,0.5121,0,0.2532,0.1266,0.1081
"406",0.0224,0.0234,0.2757,0.2812,0.2409,0.1565
"407",0.2312,0.0262,0.2692,0.2091,0.0909,0.1733
"408",0.0866,0.2389,0.2443,0.1181,0.1522,0.1599
"409",0.0073,0.2668,0.2568,0.2699,0,0.1992
"410",0.036,0.3507,0.1824,0.3987,0,0.0321
"411",0.2274,0.0775,0.2278,0.2787,0.1236,0.065
"412",0.0752,0.2705,0.2699,0.173,0.154,0.0574
"413",0.1625,0,0.1974,0.2858,0.2082,0.146
"414",0.2464,0.1814,0.1667,0.1448,0.0381,0.2227
"415",0.285,0.2352,0,0,0.1373,0.3425
"416",0.2002,0.229,0.2037,0.2257,0.0647,0.0767
"417",0.2234,0.152,0.1901,0.1247,0.1815,0.1283
"418",0.1997,0.1609,0.1921,0.3058,0.065,0.0765
"419",0.3782,0.0869,0.1091,0.2181,0,0.2078
"420",0.1125,0.1582,0.2848,0.1098,0.3347,0
"421",0.3571,0,0.1998,0.1139,0.1169,0.2123
"422",0.2083,0,0.3001,0.1008,0.1432,0.2475
"423",0.1745,0.3618,0,0,0.1202,0.3435
"424",0.0204,0.0135,0.2295,0.3422,0.2463,0.1481
"425",0.2076,0.129,0.2533,0.1237,0.1511,0.1352
"426",0.0851,0.0015,0.1813,0.2415,0.1298,0.3608
"427",0.1237,0.1934,0.2671,0.4137,0,0.002
"428",0,0.3231,0.0518,0.255,0.3668,0.0034
"429",0.1724,0.0203,0.3013,0.2561,0.0165,0.2334
"430",0.182,0.3403,0.0711,0.2494,0,0.1572
"431",0.2296,0.0414,0.1858,0.2063,0.1713,0.1658
"432",0.2134,0.1411,0.1935,0.1669,0.0913,0.1938
"433",0.1354,0.2848,0.1498,0.0924,0.1678,0.1697
"434",0,0.1714,0.2599,0.1021,0.3204,0.1461
"435",0.0422,0.0803,0.2805,0.2015,0.0869,0.3086
"436",0.1004,0.3242,0.0236,0.21,0,0.3418
"437",0,0.0593,2e-04,0,0.489,0.4516
"438",0.2658,0.1811,0.0506,0.2655,0,0.237
"439",3e-04,0.3681,0.1943,0.2483,0.1216,0.0673
"440",0.2085,0.0547,0.1008,0.268,0.243,0.125
"441",0.2038,0.1477,0,0.0434,0.2587,0.3464
"442",0.2355,0.0634,0.1423,0.3079,0,0.2509
"443",0.1054,0.0348,0.1296,0.3329,0.1455,0.2517
"444",0.0163,0.1368,0.4542,0.2637,0,0.129
"445",0.0819,0.0938,0.2318,0.2135,0.1689,0.2101
"446",0,0.3132,0.1465,0.1751,0.0776,0.2876
"447",0.1933,0.2305,0.1414,0.1014,0.1162,0.2171
"448",0.1974,0.0299,0.2833,0.3053,0.1754,0.0087
"449",0.0972,0.398,0.1655,0.3257,0.0137,0
"450",0.0475,0.1507,0.5057,0.1971,0,0.0989
"451",0.0385,0.3348,0,0.126,0.2558,0.2449
"452",0,0.1902,0.2492,0.1947,0.1925,0.1734
"453",0.0077,0.2478,0.1849,0.2929,0,0.2667
"454",0.1293,0,0.2726,0.2217,0.1542,0.2222
"455",0.3182,0.287,0.1035,0.0316,0.0632,0.1964
"456",0.2237,0,0.2911,0.0149,0.028,0.4423
"457",0.1524,0.2065,0.2793,0.249,0,0.1128
"458",0.1242,0.0395,0.3037,0.2567,0,0.2759
"459",0.4325,0.0583,0.2555,0.1141,0.0319,0.1078
"460",0.1727,0.2909,0.0463,0.26,0,0.23
"461",0.2217,0.0732,0.2691,0.1113,0.2188,0.1059
"462",0.2496,0,0.2409,0.1827,0,0.3268
"463",0.1832,0,0.2982,0.0454,0.1352,0.3381
"464",0.252,0.0024,0.235,0.1635,0.088,0.2591
"465",0.3144,0.1082,0.2679,0.2904,0.019,0
"466",0.3145,0.2018,0.01,0.1868,0.0251,0.2618
"467",0.1159,0.1905,0.0927,0.1911,0.1567,0.2531
"468",0.429,0.0271,0.4046,0.1394,0,0
"469",0.0425,0.0689,0.3655,0.1826,0,0.3406
"470",0.3144,0,0.1901,0.272,0.1713,0.0523
"471",0.2643,0.1618,0.2373,0.097,0,0.2396
"472",0.0907,0.2448,0.17,0.219,0.0113,0.2642
"473",0.1374,0.2366,0.152,0.1553,0,0.3187
"474",0.1904,0.2579,0.0842,0.2133,0.052,0.2022
"475",0.117,0.1553,0.2757,0.1358,0.2299,0.0865
"476",0.4225,0,0.0118,0.1801,0.3545,0.0311
"477",0.1058,0.126,0.3478,0.1392,0.1644,0.1167
"478",0.1456,0.0496,0.3201,0.2147,0.1147,0.1553
"479",0.5005,0,0.0161,0.0981,0.3532,0.032
"480",0.1045,0.3429,0,0.0413,0.3222,0.1892
"481",0.1604,0.1022,0.2886,0.3166,0.0608,0.0714
"482",0.0419,0.2633,0.3614,0.1301,0,0.2033
"483",0.1201,0.2174,0.2002,0.1074,0.1306,0.2243
"484",0.1175,0.1051,0.1971,0.3279,0.0155,0.2369
"485",0.34,0.0447,0.3396,0.1319,0,0.1438
"486",0,0.0283,0.3241,0.1467,0.2109,0.29
"487",0.0038,0.0199,0.3181,0.2791,0.0488,0.3304
"488",0,0.0139,0.3462,0.2367,0.0886,0.3145
"489",0.2978,0.0819,0.1491,0.0994,0.1109,0.261
"490",0.1228,0.3395,0.0195,0.063,0.2917,0.1635
"491",0.2332,0.2361,0.0954,0.0829,0.1293,0.223
"492",0.1038,0.2307,0.1757,0.2054,0.0685,0.2159
"493",9e-04,0.435,0.2737,0.2735,0.0101,0.0067
"494",0.2657,0.0875,0.1483,0.0613,0.0924,0.3448
"495",0.1227,0.267,0.1181,0.2899,1e-04,0.2021
"496",0.0501,0.1937,0.2812,0.171,0.1788,0.1252
"497",0.2267,0.23,0.0558,0.2418,0.2049,0.0407
"498",0.2438,0.0251,0.2462,0.3613,0,0.1236
"499",0.3122,0.0698,0.2067,0.173,0.1064,0.132
"500",0.1592,0.0982,0.1848,0.3998,0.0095,0.1486
"501",0.0557,0.3969,0.1622,0.3289,0.0563,0
"502",0.1511,0.1206,0.2048,0.1371,0.2125,0.1738
"503",0.0014,0.3328,0.1763,0.1382,0.1418,0.2095
"504",0.2627,0.208,0.3447,0.1678,0,0.0168
"505",0.091,0.0301,0.3117,0.3097,0,0.2575
"506",0.2674,0.1836,0.1376,0.1379,0.1678,0.1057
"507",0.2989,0.3125,0.0395,0.1211,0.0779,0.1502
"508",0,0.3059,0.0064,0.1895,0,0.4982
"509",0.2624,0.1638,0.1864,0.1895,0.047,0.151
"510",0.0875,0.2206,0.059,0.2847,0,0.3482
"511",0.1078,0.0644,0.1888,0.2739,0.2333,0.1318
"512",0.1507,0.1419,0.1862,0.197,0.1278,0.1965
"513",0,0.0545,0.3616,0.356,0.0134,0.2144
"514",0.191,0,0.2546,0.2446,0.0762,0.2336
"515",0.0492,0.3045,0.065,0.3089,0.0325,0.24
"516",0.2425,0.285,0.23,0.0899,0.0183,0.1343
"517",5e-04,0.1546,0.1227,0.2642,0.1658,0.2922
"518",0.2246,0.2149,0.1131,0.1946,0.1269,0.1258
"519",0,0.4235,0.307,0.145,0.1244,0
"520",0.0946,0.1881,0.1581,0.2282,0.0939,0.2371
"521",0.0151,0.301,0.2128,0.3704,0,0.1007
"522",0,0,0.0687,0.1566,0.7748,0
"523",0.0856,0.2182,0.2829,0.2591,0,0.1542
"524",0.2221,0.1001,0.275,0.2188,0.1732,0.0108
"525",0.1858,0.048,0.1067,0.2403,0.3944,0.0248
"526",0.1829,0.364,0.1905,0.075,0.0933,0.0943
"527",0.2672,0.2599,0.1397,0.1041,0,0.2291
"528",0.3029,0.3683,0.0712,0.0556,0,0.202
"529",0.3886,0.0667,0.0631,0.0496,0,0.4321
"530",0.1723,0.197,0.2425,0.2661,0.0904,0.0317
"531",0.2397,0.1943,0.1919,0.2736,0,0.1006
"532",0.2922,0,0.228,0.2317,0,0.2481
"533",0.2689,0.0295,0.0623,0.2107,0.3811,0.0475
"534",0.3209,0.2921,0.1373,0.0948,0.0889,0.0659
"535",0.4972,0.1409,0.0299,0.2375,0.0516,0.043
"536",0.3773,0,0.1283,0.1216,0.2914,0.0813
"537",0.0819,0.0706,0.1629,0.3043,0.118,0.2623
"538",0.2404,0,0.3112,0.0258,0.413,0.0097
"539",0.0994,0.3331,0.0825,0.2331,0,0.2519
"540",0.2664,0.2238,0.0271,0.2318,0.2477,0.0032
"541",0.0409,0.219,0.1651,0.1886,0,0.3864
"542",0.1887,0.1117,0.1962,0.1719,0.1167,0.2148
"543",0.1191,0.1443,0.1028,0.3509,0.0403,0.2426
"544",0.1116,0.3361,0.2049,0.2466,0.0013,0.0994
"545",0.4865,0.2179,0.011,0.1083,0.1763,0
"546",0.3077,0.1594,0.129,0.0157,0.1364,0.2517
"547",0,0.1473,0,0,0.4917,0.361
"548",0.4049,0.0521,0.1431,0.023,0,0.3768
"549",0,0.1675,0.2356,0.2695,0,0.3274
"550",0,0.0942,0.3289,0.2753,0,0.3016
"551",0.1776,0.2088,0.1792,0.0946,0.1574,0.1824
"552",0.1156,0.2024,0.2484,0.2013,0,0.2323
"553",0.1032,0.4175,0.0674,0.2001,0,0.2119
"554",0.1506,0.0384,0.2394,0,0.0408,0.5308
"555",0.3713,0.0696,0.1107,0.0552,0.2654,0.1279
"556",0.0781,0.3,0.1807,0.1845,0.1091,0.1475
"557",0.1885,0.0051,0.2555,0.119,0.1573,0.2746
"558",0.0336,0.1033,0.3542,0.2771,0,0.2319
"559",0.1719,0.255,0.1847,0.2275,0,0.1609
"560",0.1476,0.219,0,0.0515,0.2502,0.3317
"561",0.2745,0.0776,0.1326,0.2495,0.1378,0.1281
"562",0.1762,0.2154,0.1779,0.2267,0.1276,0.0762
"563",0.1563,0,0.2179,0.0881,0.2509,0.2869
"564",0,0.2134,0.2797,0.305,0.1577,0.0442
"565",0.1478,0.3072,0.0595,0.2781,0.1889,0.0184
"566",0.2814,0.0696,0.2395,0.2715,0,0.138
"567",0.2017,0.1969,0.2439,0.2841,0.0734,0
"568",0.1357,0.1876,0.181,0.1928,0.1186,0.1845
"569",0.2662,0.1155,0.3177,0.0735,0.0718,0.1552
"570",0,0.3249,0.0348,0.245,0.2766,0.1187
"571",0,0.1719,0.3726,0.3691,0.0201,0.0663
"572",0.4568,0.1741,0.0156,0,0,0.3535
"573",0.1296,0.059,0.2524,0.1826,0.1335,0.2429
"574",0.1463,0.1105,0.2577,0.2555,0.1191,0.111
"575",0,0.4499,0.2086,0.3415,0,0
"576",0.1415,0.2211,0.1492,0.2612,0,0.227
"577",0.2532,0.4199,0.0673,0.1801,0,0.0795
"578",0.1927,0.0545,0.2087,0.2666,0,0.2776
"579",0.1608,0.1513,0.2216,0.2835,0.1519,0.031
"580",0.0781,0.1325,0.3982,0.2336,0.1576,0
"581",0.2287,0.1285,0.3148,0.1786,0.0142,0.1351
"582",0.1274,0.2418,0.143,0.1575,0.1054,0.2249
"583",0.2383,0.1551,0.2725,0.143,0,0.1911
"584",0,0.1464,0.4054,0.1205,0.3256,0.0021
"585",0.0835,0.2234,0,0,0.2715,0.4216
"586",0.1197,0.2919,0.0897,0.2194,0.1082,0.1711
"587",0.1807,0.206,0.1517,0.2347,0.1174,0.1095
"588",0.1316,0.1754,0.2278,0.1534,0.0376,0.2742
"589",0.2425,0.2274,0.1637,0.1698,0.1519,0.0446
"590",0.2354,0.1482,0.2542,0.1271,0.2138,0.0212
"591",0.0837,0.3606,0.038,0.2361,0,0.2816
"592",0.2069,0,0.0295,0,0.3031,0.4605
"593",0.0321,0.4206,0.0981,0.042,0,0.4071
"594",0.2551,0.172,0.3073,0.1891,0,0.0766
"595",0.1145,0.4425,0.0073,0.1791,0.2565,0
"596",0.0488,0.1618,0.0635,0.2471,0.2003,0.2785
"597",0.2742,0.3379,0.1287,0.1758,0,0.0834
"598",0.2384,0.0099,0.2518,0.1889,0.1253,0.1857
"599",0.2026,0.2729,0.171,0.0947,0.0098,0.2491
"600",0.2944,0.1964,0.2866,0.1706,0.0356,0.0164
"601",0.7087,0.0647,0.0931,0.0683,0,0.0651
"602",0,0.2832,0.0994,0.2655,0.3187,0.0331
"603",0.1534,0.032,0.1066,0.3038,0,0.4042
"604",0.3281,0.1988,0.0255,0.2881,0.1595,0
"605",0.165,0.2029,0.1652,0.1178,0.1431,0.206
"606",0.1866,0.3138,0.2351,0.0903,0.0182,0.1561
"607",0.093,0.0907,0.2647,0.1675,0.1127,0.2713
"608",0.0235,0.2804,0.3056,0.2263,0.013,0.1511
"609",0,0.2772,0.1878,0.1315,0.1693,0.2342
"610",0.211,0.3073,0.1037,0.2536,0,0.1244
"611",0.1807,0.1339,0.1302,0.1971,0.1417,0.2165
"612",0.0881,0,0.2905,0.1415,0.2433,0.2365
"613",0.2691,0.0913,0.1821,0.0513,0.0337,0.3724
"614",0.263,0.0675,0.1805,0.1373,0.1256,0.226
"615",0.0829,0.2435,0.2998,0.3472,0,0.0267
"616",0.2458,0.3904,0.0452,0.083,0.1621,0.0735
"617",0.1126,0.1152,0.2857,0.3654,0,0.1211
"618",0.2006,0.0961,0.2245,0.1755,0,0.3033
"619",0,0.1407,0.3168,0.1432,0.1413,0.258
"620",0.0145,0.0236,0.2002,0.5004,0,0.2613
"621",0.3925,0.1347,0,0,0.2235,0.2494
"622",0.222,0.2102,0.0693,0.1113,0.3872,0
"623",0.2035,0,0.0696,0.1369,0.2597,0.3304
"624",0.1348,0.2146,0.2286,0.129,0.1396,0.1534
"625",0.3272,0.0997,0.1077,0.118,0,0.3474
"626",0.1064,0.1645,0.2467,0.2492,0,0.2331
"627",0.0138,0.0306,0.3147,0.2621,0,0.3788
"628",0.065,0.3613,0.0626,0.3264,0.1508,0.0339
"629",0.001,0.2004,0.3552,0.3097,0,0.1337
"630",0,0.1352,0.2612,0.1873,0.1813,0.2351
"631",0,0,0.4518,0.4355,0,0.1127
"632",0.0389,0.2995,0.2194,0.2449,0.1972,0
"633",0.1725,0.2089,0.2811,0.2057,0,0.1317
"634",0.1089,0.2334,0.2963,0.2873,0.05,0.0241
"635",0.1731,0,0.3167,0.1598,0.222,0.1284
"636",0.3477,0.1158,0.0636,0.1643,0.0316,0.2769
"637",0,0.1632,0.1786,0.232,0.4004,0.0257
"638",0.1027,0.057,0.3359,0.3564,0,0.148
"639",0.0865,0.122,0.2859,0.1238,0.2364,0.1455
"640",0.3894,0.1694,0.0873,0.0843,0.0682,0.2014
"641",0.1735,0.2163,0.1385,0.1746,0.1294,0.1677
"642",0,0.0995,0.3283,0.1898,0.1771,0.2053
"643",0.3493,0.1074,0.1827,0.0919,0.1477,0.1209
"644",0.0239,0.423,0.1054,0.0788,0.3274,0.0415
"645",0.0432,0,0.3039,0.2433,0.1145,0.2952
"646",0,0.1585,0.1457,0.088,0.4398,0.168
"647",0.2347,0.1423,0.1951,0.1161,0.2449,0.0669
"648",0.036,0.26,0.21,0.2478,0.2172,0.0292
"649",0.1463,0.1954,0.1575,0.2964,0,0.2044
"650",0.3197,0.0331,0.2562,0.2426,0.1073,0.0411
"651",0.1075,0.2516,0,0.0017,0.6392,0
"652",0,0.3261,0.1296,0.2758,0,0.2685
"653",0.3952,0.4209,0,0.0726,0.0146,0.0967
"654",0.0587,0.2525,0.2155,0.2308,0.1174,0.125
"655",0.4079,0.1273,0.2147,0.2241,0,0.026
"656",0.1438,0.2238,0.0597,0.1932,0.1276,0.252
"657",0.2328,0.204,0.1081,0.2964,0.0244,0.1342
"658",0.0028,0,0.3354,0.2251,0.2209,0.2158
"659",0.1445,0,0.2498,0.1705,0.2138,0.2215
"660",0,0.5394,0.0888,0.1665,0.059,0.1464
"661",0.1102,0.2824,0.2147,0.1916,0.0101,0.191
"662",0.0117,0.0783,0.3107,0.3127,0.0439,0.2427
"663",0.2592,0.0575,0.0896,0.2011,0.0985,0.2941
"664",0,0.099,0.209,0.2143,0.2194,0.2583
"665",0.2172,0.3293,0.0375,0.1564,0,0.2596
"666",0.0375,0.253,0.2488,0.2615,0.1531,0.0461
"667",0.2943,0.09,0.1488,0.1078,0.1251,0.234
"668",0.0695,0.1625,0.1082,0.3251,0.0295,0.3052
"669",0.0216,0.206,0.2516,0.2503,0,0.2705
"670",0.1507,0.1781,0.1876,0.2102,0.1213,0.1521
"671",0.1069,0.2222,0.2827,0.2776,0,0.1106
"672",0.1784,0.2984,0.1564,0.3018,0.065,0
"673",0.1349,0.027,0.2341,0.2549,0.0889,0.2601
"674",0.2833,0,0.021,0.0685,0.4286,0.1986
"675",0.195,0.323,0.2197,0.1449,2e-04,0.1171
"676",0.2427,0.1874,0.1283,0.2176,0.122,0.1021
"677",0.1585,0.2748,0.1337,0.2196,0,0.2134
"678",0.2526,0.2107,0.1315,0.3585,0.0419,0.0047
"679",0,0.1711,0.2694,0.1201,0.2584,0.1811
"680",0,0.3808,0.0659,0.2415,0.2775,0.0342
"681",0.2494,0.3087,0.1468,0.2557,0,0.0394
"682",0.0608,0.0474,0.3957,0.2633,0.1701,0.0627
"683",0.144,0.2587,0.0914,0.0453,0.2136,0.247
"684",0.1408,0.199,0.1605,0.2324,0.0706,0.1966
"685",0.077,0.0802,0.1951,0.3227,0,0.3249
"686",0.1672,0.284,0.2383,0.1828,0.0207,0.107
"687",0.3751,0.169,0,0,0.3065,0.1494
"688",0.3256,0.1251,0.1533,0.2693,0,0.1267
"689",0.0076,0.3142,0,0,0.3597,0.3185
"690",0.2666,0.1626,0.0979,0.249,0.0726,0.1512
"691",0.1366,0.15,0.2028,0.1861,0.1819,0.1427
"692",0.11,0.246,0.181,0.1977,0.0908,0.1743
"693",0.1697,0.1968,0.1987,0.2196,0.1057,0.1096
"694",0.2037,0.2521,0.2594,0.0993,0.0869,0.0987
"695",0,0.3912,0.0035,0.2012,0,0.4041
"696",0.2872,0.1138,0.2519,0.2454,0,0.1017
"697",0.1454,0.1447,0.1804,0.2544,0.1554,0.1195
"698",0.0792,0.146,0.3908,0.2091,0.1748,0
"699",0.2974,0.2408,0.2688,0.1476,0,0.0454
"700",0.28,0.1767,0.1316,0.3028,0.0557,0.0532
"701",0.0734,0.1802,0.0444,0.0454,0.3138,0.3428
"702",0.1325,0.2924,0.1805,0.0728,0.0327,0.2889
"703",0.1371,0,0.3083,0.1212,0.3444,0.089
"704",0.0783,0.1816,0.1962,0.164,0.1686,0.2114
"705",0.0061,0.326,0.1148,0.0738,0.16,0.3193
"706",0.0959,0.1877,0.1298,0.0909,0.1294,0.3662
"707",0,0,0.2724,0.3023,0.0956,0.3296
"708",0,0.1662,0.1871,0.2393,0.1273,0.2801
"709",0.1301,0.29,0.0938,0.1364,0.2057,0.1441
"710",0.1701,0.2189,0.2607,0.2385,0,0.1119
"711",0.1968,0.1793,0.1832,0.0564,0.1307,0.2535
"712",0.0211,0.2285,0.1968,0.2906,0.0187,0.2443
"713",0.2014,0.2143,0.2337,0.2317,0.0534,0.0654
"714",0.0705,0.1347,0.2139,0.2652,0.1211,0.1946
"715",0,0.3885,0.3484,0.2631,0,0
"716",0.2119,0.2192,0.2206,0.2509,0.0533,0.044
"717",0,0.2477,0.1911,0.2675,0.0552,0.2385
"718",0,0.0966,0.1057,0.3091,0.1855,0.3031
"719",0.2076,0.2365,0.2545,0.2283,0,0.073
"720",0.2591,0.2873,0.1063,0.1502,0.0718,0.1254
"721",0.1745,0,0.1841,0,0.3459,0.2955
"722",0.1533,0.1871,0.2913,0.1092,0,0.2591
"723",0.2273,0.0291,0.1776,0.2296,0.1539,0.1826
"724",0,0.4816,0.2698,0.2092,0,0.0394
"725",0.1211,0.4233,0.0991,0.1956,0.0886,0.0723
"726",0.1203,0.0518,0.2136,0.2909,0,0.3234
"727",0.1269,0.2126,0.2308,0.2777,0,0.152
"728",0.295,0.2349,0.1453,0.2565,0,0.0683
"729",0.336,0.0939,0.1679,0.2458,0.1457,0.0107
"730",0.1655,0.1762,0.3151,0.2101,0,0.1331
"731",0.0628,0.0326,0.1683,0.1839,0,0.5524
"732",0.3945,0,0.2015,0.0782,0.3258,0
"733",0,0.3452,0.2465,0.3872,0,0.0211
"734",0.2707,0,0.3908,0.3255,0,0.013
"735",0.2586,0.2117,0.1221,0.0322,0.3729,0.0026
"736",0.2695,0.3289,0.1502,0.0972,0,0.1541
"737",0.2431,0.1506,0.123,0.2362,0,0.2471
"738",0.0503,0.3605,0.1318,0.2906,0,0.1668
"739",0.0239,0.0816,0.3101,0.0755,0.1322,0.3767
"740",0.0927,0.1344,0.2283,0.2431,0.1202,0.1814
"741",0,0.2479,0.1443,0.2124,0.2372,0.1581
"742",0.014,0.4325,0.0649,0.3289,0.1129,0.0468
"743",0,0.2889,0.1076,0.3327,0,0.2708
"744",0.2117,0.0689,0.2918,0.2336,0.1495,0.0445
"745",0.2005,0.3293,0,0.0686,0.2503,0.1513
"746",0.2386,0.2646,0.0288,0.2037,0.0469,0.2174
"747",0.0621,0.2954,0.0996,0.1199,0,0.423
"748",0.115,0.3001,0.0949,0.1017,0.1701,0.2182
"749",0.235,0.0991,0.0915,0.1642,0.1841,0.226
"750",0.0314,0.2691,0.3133,0.3079,0,0.0783
"751",0.2573,0.1414,0.0789,0.093,0.1422,0.2872
"752",0.2117,0.0867,0.3399,0.3191,0,0.0426
"753",0.3104,0.2406,0.0549,0.2857,0,0.1085
"754",0.1341,0.3042,0.0941,0.2613,0.0317,0.1745
"755",0.3573,0.1139,0.0055,0.0889,0,0.4344
"756",0.2807,0.214,0.0309,0.2138,0,0.2606
"757",0.2341,0.2016,0.2184,0.2805,0,0.0654
"758",0.4833,0,0.0317,0,0.3881,0.097
"759",0.1433,0.1283,0.2418,0.2242,0.0292,0.2332
"760",0.0397,0.2577,0.2769,0.3669,0,0.0588
"761",0.1698,0.1727,0.2029,0.1434,0.0934,0.2179
"762",0.0263,0.3743,0.1491,0.1449,0.3055,0
"763",0.1344,0.0708,0.2332,0.5068,0.0195,0.0354
"764",0.1291,0.2023,0.1799,0.183,0.1187,0.1871
"765",0.2842,0.0666,0.1113,0.3378,0.1472,0.0529
"766",0.2725,0.1918,0,0.0606,0.3586,0.1164
"767",0.2533,0.2743,0.2295,0.083,0,0.1599
"768",0.1243,0.186,0.1218,0.2575,0.1794,0.1311
"769",0.1613,0.2407,0.0828,0.2704,0,0.2447
"770",0.0916,0.195,0.219,0.2342,0.1876,0.0725
"771",0.0218,0.3903,0.129,0.2617,0,0.1972
"772",0.1494,0.2806,0.242,0.1167,0.1508,0.0606
"773",0.5837,0.3528,0,0,0,0.0635
"774",0.0093,0,0.398,0.0532,0.2349,0.3046
"775",0.2013,0.1999,0.1298,0.2169,0.1049,0.1472
"776",0.1514,0.0564,0.2564,0.1604,0.1938,0.1815
"777",0.1756,0.1988,0.1165,0,0.3792,0.1298
"778",0,0,0.1399,0.3425,0.4613,0.0563
"779",0,0.2151,0.2867,0.2902,0.0558,0.1522
"780",0,0.081,0.2029,0.1865,0.2335,0.2961
"781",0.0766,0.2514,0.0951,0.2969,0,0.2801
"782",0.0408,0.0603,0.2874,0.3164,0.2409,0.0542
"783",0.3627,0.1843,0.3345,0.1186,0,0
"784",0.0496,0.2737,0.2363,0.0806,0.1525,0.2073
"785",0.2691,0.0323,0.1629,0.1572,0.221,0.1575
"786",0.0752,0.12,0.2339,0.1231,0.2639,0.1839
"787",0.3602,0,0.1363,0.32,0.1335,0.0499
"788",0.173,0.2354,0.2134,0.2755,0,0.1026
"789",0.2454,0.1231,0.2236,0.0547,0.1282,0.225
"790",0.1814,0,0.2852,0.2398,0,0.2935
"791",0.1717,0.1038,0.2201,0.2099,0.1056,0.1889
"792",0.2729,0.1318,0.1881,0.1087,0.0839,0.2146
"793",0,0,0.2542,0.307,0.1426,0.2962
"794",0.2955,0,0,0,0.5396,0.1648
"795",0.2332,0.0992,0.2452,0.2041,0,0.2182
"796",0,0.2398,0.4115,0.2656,0.0658,0.0173
"797",0.0804,0.2503,0.1723,0.2848,0.2123,0
"798",0,0.2758,0.0488,0.2925,0.1934,0.1895
"799",0.1084,0.0059,0.2968,0.589,0,0
"800",0.0296,0.2724,0.1758,0.232,0,0.2901
"801",0.2408,0.2157,0,0.0364,0.0383,0.4687
"802",0.1188,0.2216,0.283,0.2269,0,0.1497
"803",0.1586,0.1856,0.2432,0.2586,0,0.1539
"804",0.0302,0.1032,0.2274,0.2928,0.0757,0.2706
"805",0,0.2446,0.1973,0.3321,0,0.226
"806",0,0.4778,0.1774,0.3287,0,0.016
"807",0.2392,0.1908,0.1468,0.0853,0.058,0.28
"808",0.1446,0.2421,0.1448,0.116,0,0.3525
"809",0.1108,0.2943,0.0191,0.1873,0.1586,0.2298
"810",0.2198,0.1179,0.2136,0.3135,0.1351,0
"811",0.0926,0.2229,0.1962,0.2936,0.1256,0.0691
"812",0.2059,0.235,0.2283,0.075,0,0.256
"813",0,0.1414,0.186,0.186,0.2149,0.2718
"814",0.2546,0.3324,0.1931,0.2005,0,0.0194
"815",0.4212,0.1315,0,0.063,0.2162,0.1681
"816",0.1219,0.1663,0.3482,0.2151,0.1484,0
"817",0.3129,0,0.167,0.0293,0.2532,0.2375
"818",0.0625,0,0.4197,0.406,0,0.1119
"819",0,0.337,0.036,0.1781,0.0981,0.3508
"820",0,0.0569,0.3072,0.1947,0.2106,0.2306
"821",0.4025,0.4896,0.0142,0.0937,0,0
"822",0.1665,0,0.356,0.1533,0.3241,0
"823",0.4427,0.0257,0.0975,0.1817,0,0.2524
"824",0.1866,0.1811,0.0782,0.1092,0.1542,0.2906
"825",0.2401,0.1372,0.0852,0.2289,0.1114,0.1971
"826",0.3377,0.2528,0,0,0.223,0.1865
"827",0.0219,0.1945,0.2212,0.2247,0.146,0.1918
"828",0,0.1769,0.4069,0.3334,0.0739,0.0088
"829",0.1984,0.1467,0.1935,0.076,0.2824,0.1029
"830",0.1336,0,0.1646,0.1846,0.1805,0.3367
"831",0.0045,0.3002,0.1239,0.0594,0.2715,0.2404
"832",0.2234,0.21,0.194,0.0556,0.1659,0.151
"833",0.2441,0.2852,0.2313,0.2375,0,0.0019
"834",0.2951,0.2518,0.0907,0.266,0,0.0965
"835",0.1721,0.2181,0.1156,0.2028,0.1037,0.1877
"836",0.2291,0.276,0.1601,0.179,0,0.1558
"837",0.1126,0.1844,0.1126,0.257,0.1808,0.1526
"838",0.1581,0.2396,0.0334,0.2547,0,0.3141
"839",0.2057,0.2258,0.2439,0.2685,0,0.056
"840",0.2338,0.0835,0.2427,0.1698,0.1907,0.0794
"841",0,0.2994,0.1906,0.238,0,0.272
"842",7e-04,0,0.3785,0.3881,0.2327,0
"843",0.1052,0.0204,0.2116,0.2784,0.1135,0.2709
"844",0.1792,0.2261,0.0347,0.1739,0.1996,0.1866
"845",0.2315,0.0402,0.2761,0.0637,0.2221,0.1664
"846",0.035,0.336,0.1536,0.2467,0,0.2288
"847",0,0.2462,0.1266,0.293,0.3006,0.0337
"848",0.1463,0,0.6057,0.2176,0,0.0304
"849",0.3641,0,0.3385,0.2974,0,0
"850",0.4386,0.2004,0,0.1092,0,0.2518
"851",0.0955,0.0608,0.2113,0.1151,0.0587,0.4586
"852",0,0.2427,0.1862,0.272,0.1793,0.1198
"853",0.2013,0.3339,0.0795,0.2291,0,0.1562
"854",0.1239,0.4867,0.0058,0.2368,0.0519,0.0949
"855",0.1533,0.2064,0.1147,0.1175,0.1674,0.2407
"856",0,0.2187,0.2246,0.2653,0.1306,0.1609
"857",0.1996,0.1627,0.281,0.1744,0.138,0.0442
"858",0.221,0.3593,0.083,0.0653,0,0.2714
"859",0.2289,0,0.1763,0.2235,0.1949,0.1763
"860",0,0.2153,0.2378,0.238,0.1209,0.188
"861",0.0524,0.3631,0.0542,0.2772,0.0231,0.2301
"862",0,0.378,0.0199,0.1731,0.1675,0.2614
"863",0.1169,0.1264,0.1052,0.1252,0,0.5264
"864",0.1133,0.2738,0.0959,0.2785,0,0.2384
"865",0,0.1833,0.2729,0.0584,0.0799,0.4055
"866",0,0.1053,0.339,0.4924,0,0.0634
"867",0.4344,0.1189,0.1195,0.036,0.1636,0.1276
"868",0.0883,0.073,0.2616,0.2509,0.1952,0.1311
"869",0.0261,0.1318,0.2737,0.2051,0.2172,0.1462
"870",0.0701,0.0979,0.3005,0.2677,0.1727,0.0912
"871",0.1962,0.2437,0.1876,0.1066,0.1298,0.1362
"872",0.2412,0.1262,0.2398,0.2175,0.0721,0.1032
"873",0.0872,0.2455,0.2367,0.2759,0.0178,0.1369
"874",0.2172,0.0917,0.2166,0.0906,0.2207,0.1631
"875",0.3996,0.2094,0,0,0.312,0.0789
"876",0.2129,0.0265,0.3618,0.1698,0.0604,0.1686
"877",0,0.4099,0,0,0.1239,0.4661
"878",0.3276,0.0043,0.2408,0.102,0.1505,0.1747
"879",0.323,0.3612,0.083,0.1956,0,0.0372
"880",0,0.2883,0.2911,0.0935,0.1325,0.1946
"881",0.0471,0.2028,0.2236,0.255,0.072,0.1995
"882",0.189,0.3284,0.2873,0.1953,0,0
"883",0.1761,0.1256,0.2033,0.1784,0,0.3166
"884",0,0,0.1128,0.2858,0,0.6015
"885",0.3583,0,0.2091,0.2566,0.1527,0.0233
"886",0.1695,9e-04,0.2318,0.1739,0.1535,0.2704
"887",0.0057,0.3318,0,0,0.1753,0.4873
"888",0.2465,0.2791,0.2131,0.2054,0,0.056
"889",0,0.2923,0.2399,0.2047,0,0.2631
"890",0.2427,0.0531,0.1423,0.2261,0.139,0.1967
"891",0.1155,0.1742,0.2131,0.1715,0.1408,0.1848
"892",0.0124,0.0859,0.257,0.3061,0.3386,0
"893",0,0.298,0.1546,0.2628,0,0.2846
"894",0.1382,0.3266,0.0298,0.1995,0.1007,0.2053
"895",0.2179,0.1695,0.2469,0.0891,0.0222,0.2543
"896",0.1061,0.2394,0.3965,0.1774,0,0.0806
"897",0,0,0.1565,0.1814,0.2978,0.3643
"898",0.1248,0.2185,0.0629,0.1059,0.3677,0.1202
"899",0.0325,0.3287,0.123,0.2792,0.2366,0
"900",0.2113,0.0595,0.2581,0.0954,0.2346,0.1411
"901",0.1047,0.1799,0.257,0.3135,0,0.1448
"902",0.1324,0.2222,0.1049,0.0613,0.2014,0.2779
"903",0.1609,0.2932,0.1332,0.0748,0,0.3379
"904",0,0.2,0.1996,0.241,0.3593,0
"905",0.1855,0.1424,0.257,0.3352,0,0.0799
"906",0.2998,0.0224,0.3513,0.258,0.0139,0.0545
"907",0.1382,0.1401,0.2353,0.1717,0.1693,0.1454
"908",0,0.2899,0.0859,0.2903,0,0.3339
"909",0.1947,0.1163,0.2403,0.2192,0.0941,0.1353
"910",0.2014,0.2755,0.0525,0.1891,0.1692,0.1122
