"","neu","NK","CD4","CD8","B","mono"
"0",0.0791,0.3748,0.0884,0.3304,0,0.1272
"1",0.1999,0.0133,0.0828,0.2395,0.1984,0.2659
"2",0.1932,0.1232,0.2997,0.3158,0,0.0681
"3",0.0098,0.0281,0.2153,0.0071,0.2482,0.4914
"4",0.1618,0.06,0.0603,0.2806,0.1256,0.3116
"5",0.2284,0.2147,0.2119,0.0768,0.0915,0.1767
"6",0.0856,0,0.224,0.2675,0.3204,0.1024
"7",0.2237,0.063,0.0752,0.2436,0.1238,0.2707
"8",0.2363,0.2288,0.1631,0.2438,0,0.1281
"9",0,0.1845,0.3355,0.3378,0,0.1422
"10",0.1101,0.2949,0.0814,0.2313,0.2155,0.0667
"11",0,0.3813,0.174,0.0967,0.1692,0.1788
"12",0.4159,0.2242,0.0243,0.0488,0.0504,0.2364
"13",0.3228,0,0.1524,0.0148,0.1336,0.3764
"14",0.2759,0.0381,0.1673,0.2274,0.0181,0.2731
"15",0,0.2266,0.2848,0.1884,0.1297,0.1706
"16",0.0174,0.0719,0.1666,0.1666,0.0935,0.484
"17",0.042,0.3248,0.2596,0.3351,0,0.0384
"18",0.2856,0.1538,0.189,0.1349,0.2195,0.0172
"19",0.0114,0.2236,0.3636,0.1197,0.2163,0.0653
"20",0.0667,0.2395,0.277,0.1754,0.0027,0.2386
"21",0.0673,0.16,0.2596,0.2682,0,0.2449
"22",0.1325,0.0551,0.4025,0.1645,0.1374,0.108
"23",0.0044,0.18,0.4079,0.1779,0,0.2298
"24",0.2681,0,0.2882,0.2915,0.1216,0.0306
"25",0,0.2901,0.0512,0.2554,0.1166,0.2866
"26",0.267,0.1277,0.234,0.2139,0,0.1574
"27",0,0.3033,0.1159,0.2451,0.1118,0.2239
"28",0.3057,0.1083,0.1782,0.4078,0,0
"29",0.042,0.2046,0.1232,0.3023,0.0313,0.2966
"30",0.0757,0.1884,0.1747,0.0758,0.1862,0.2992
"31",0.2334,0.0928,0.1895,0.2323,0.139,0.1129
"32",0.0749,0.2506,0.1115,0.4321,0,0.131
"33",0.0943,0.0142,0.2031,0.2986,0.1548,0.235
"34",0.0223,0.27,0.0718,0.174,0.2146,0.2473
"35",0.3254,0.0084,0.173,0.0771,0.0811,0.335
"36",0.0358,0.0245,0.2922,0.5216,0.0365,0.0893
"37",0.3399,0.0636,0.1916,0.0996,0,0.3053
"38",0.3489,0,0.1216,0.303,0,0.2265
"39",3e-04,0.0737,0.1471,0.2948,0.2,0.284
"40",0.172,0.3298,0.02,0.1567,0,0.3214
"41",0.0459,0.099,0.2756,0.2645,0.093,0.222
"42",0.0272,0,0.2811,0.1923,0.2376,0.2619
"43",0.1035,0.2222,0.2295,0.3775,0.0673,0
"44",0.1982,0.2563,0.1266,0.1035,0,0.3153
"45",0.4345,0.014,0.0351,0.1726,0,0.3437
"46",0,0.218,0.2594,0.3128,0,0.2098
"47",0.1016,0.2204,0.2031,0.2106,0.0577,0.2067
"48",0.2483,0.1584,0.2359,0.153,0.0218,0.1826
"49",0.1895,0.1075,0.1974,0.262,0,0.2436
"50",0.0407,0.2155,0.0829,0.2752,0.1289,0.2569
"51",0.2494,0.1352,0.1834,0.2813,0.1507,0
"52",0.336,0.227,0.1046,0.2612,0.0711,0
"53",0.1915,0.2359,0.1946,0.2034,0,0.1746
"54",0.029,0.4085,0.0509,0.1232,0.0788,0.3095
"55",0.2779,0.2521,0.0764,0.0983,0.267,0.0283
"56",0.1541,0.1839,0.1531,0.2605,0.0292,0.2192
"57",0.2385,0.0967,0.2992,0.2412,0,0.1245
"58",0.0189,0.2202,0.1954,0.2876,0,0.2779
"59",0.1839,0.1796,0.219,0.1892,0.0594,0.1689
"60",0.0325,0.2989,0.0913,0.1845,0.1702,0.2227
"61",0,0.274,0.194,0.2719,0.1833,0.0768
"62",0.1618,0.1217,0.2177,0.1627,0.1444,0.1916
"63",0.1994,0,0.3101,0.1515,0.0117,0.3273
"64",0.3344,0,0.2591,0.0662,0,0.3402
"65",0.2599,0.3669,0.1946,0.1001,0,0.0785
"66",0.0691,0.2164,0.2637,0.3361,0,0.1147
"67",0.2286,0.0765,0.2291,0.2567,0.0275,0.1816
"68",0.2256,0.1548,0.1011,0.1737,0.1816,0.1632
"69",0,0.4878,0.1009,0.3902,0,0.0212
"70",0,0.1665,0.1746,0.3307,0,0.3282
"71",0.1886,0.0943,0.1783,0.1443,0.2404,0.1542
"72",0.0581,0.2931,0.3007,0.2286,0.1125,0.0071
"73",0.5896,0,0.0456,0.1337,0,0.231
"74",0.1632,0.2798,0.1158,0.133,0.0175,0.2908
"75",0,0.1526,0.306,0.2938,0,0.2475
"76",0,0.036,0.1277,0.3674,0,0.469
"77",0.278,0.4376,0,0.0142,0.2179,0.0523
"78",0.3268,0.0623,0.1286,0.2392,0.1012,0.1419
"79",0.0884,0.3048,0.3041,0.3027,0,0
"80",0,0.0063,0.3985,0.4172,0.146,0.032
"81",0.2932,0.1903,0.1763,0.1498,0,0.1905
"82",0,0.2784,0.2214,0.2389,0.1096,0.1517
"83",5e-04,0.3746,0.2976,0.3272,0,0
"84",0.197,0.2217,0.1942,0.0999,0.1291,0.1581
"85",0,0.134,0.1945,0.1695,0.2678,0.2342
"86",0.2433,0.1345,0.138,0.2499,0.1341,0.1002
"87",0.2576,0,0.3122,0.0196,0.4106,0
"88",0.2669,0.1303,0.0931,0.3421,0,0.1677
"89",0.0207,0.2277,0.2809,0.2904,0,0.1803
"90",0.2623,0.2182,0.0485,0.2537,0.1651,0.0522
"91",0,0.1924,0.3648,0.1215,0.2137,0.1076
"92",0.298,0,0.1955,0.2289,0.0407,0.2369
"93",0.2419,0.1942,0.1525,0.1076,0,0.3037
"94",0.1352,0.0569,0.2994,0.3945,0,0.114
"95",0.1942,0.2871,0.0268,0.1978,0.0323,0.2617
"96",0.1142,0.0755,0.1889,0.2007,0.1939,0.2268
"97",0.0421,0.2391,0.2952,0.251,0.0092,0.1634
"98",0.0242,0.189,0.2267,0.1029,0.1714,0.2859
"99",0.1064,0.2275,0.2826,0.2811,0.0323,0.07
"100",0.241,0.278,0.0971,0.0617,0.111,0.2112
"101",0.185,0.1243,0.2644,0.2128,0.2136,0
"102",0.0015,0.049,0.2402,0.0861,0.1309,0.4923
"103",0.0766,0.2638,0.238,0.1215,0.1034,0.1967
"104",0.3789,0.2965,0,0,0.0936,0.2311
"105",0.1883,0.3896,0.0148,0.002,0.2547,0.1505
"106",0,0.3224,0,0.0915,0,0.5861
"107",0.1228,0.2961,0.0379,0.2502,0.2481,0.0449
"108",0,0.1721,0.1096,0.1789,0.3217,0.2177
"109",0.1557,0.2605,0.1283,0.2606,0.0241,0.1707
"110",0.1392,0.2435,0.2234,0.1787,0,0.2152
"111",0.2863,0,0.1622,0.1151,0,0.4363
"112",0.4069,0.3868,0.0778,0.0514,0,0.077
"113",0,0.1704,0.229,0.3141,0.0434,0.2431
"114",0.2616,0.0049,0.2865,0.2357,0,0.2113
"115",0,0.0344,0.3707,0.246,0.1136,0.2352
"116",0.1655,0.1831,0.2069,0.1119,0.1176,0.215
"117",0.2224,0.1644,0.274,0.1445,0,0.1946
"118",0.1814,0.1777,0.207,0.248,0.0956,0.0902
"119",0.2699,0.4034,0,0.0056,0.1238,0.1972
"120",0.0609,0.2546,0.2811,0.2679,0.005,0.1305
"121",0.1499,0.1781,0.2079,0.2313,0.1675,0.0652
"122",0.1153,0.1952,0.2302,0.2025,0.042,0.2149
"123",0.0139,0.0166,0.3582,0.1892,0.2132,0.2089
"124",0.0573,0.0415,0.2904,0.3167,0.0929,0.2011
"125",0.1542,0.3189,0.1867,0.1998,0,0.1404
"126",0.0572,0.1606,0.0922,0.186,0.3476,0.1564
"127",0.0079,0.195,0.2178,0.2655,0.1297,0.1841
"128",0.0103,0.2707,0.2039,0.263,0.0767,0.1754
"129",0,0.3519,0.0542,0.355,0.19,0.0489
"130",0.0772,0.3749,0.2368,0.3111,0,0
"131",0.1054,0.1802,0.2201,0.224,0.0848,0.1855
"132",0.293,0.2473,0.096,0.2515,0,0.1123
"133",0.281,0.3825,0.004,0.2182,0.0969,0.0174
"134",0,0.0381,0,0.0132,0.4699,0.4788
"135",0.2975,0.3061,0.1538,0.2057,0,0.0369
"136",0.1212,0.218,0.1726,0.2285,0.0151,0.2447
"137",0.137,0.1977,0.1702,0.2413,0,0.2538
"138",0,0.3475,0.0178,0.1943,0.2684,0.172
"139",0.0568,0.3038,0.1666,0.3161,0,0.1568
"140",0.2722,0.286,0.078,0.3109,0.0392,0.0137
"141",0.4021,0,0.2687,0.2595,0,0.0697
"142",0.4128,0,0.1227,0.0251,0.2564,0.183
"143",0,0.2221,0.2447,0.2382,0.0701,0.2249
"144",0.0578,0.2664,0.2959,0.3769,0,0.0031
"145",0.0654,0.2448,0.2528,0.2759,0.139,0.0221
"146",0.2407,0.0204,0.2619,0.1846,0.152,0.1404
"147",0.0569,0.0911,0.2607,0.2948,0,0.2966
"148",0.1777,0.2581,0.1953,0.2722,6e-04,0.0961
"149",0,0.0264,0.3646,0.2425,0.1014,0.2652
"150",0.1761,0.1721,0.2096,0.0568,0.2099,0.1755
"151",0.1427,0.1918,0.2015,0.0943,0.1438,0.2259
"152",0.3755,0,0.0263,0.2905,0.3077,0
"153",0.2303,9e-04,0.2766,0.2326,0,0.2596
"154",0.2788,0.026,0.2136,0.1698,0,0.3118
"155",0.3128,0.0572,0.2035,0.2405,0,0.186
"156",0.1628,0.0734,0.1512,0.2273,0.2369,0.1484
"157",0.0135,0.3127,0.178,0.1563,0.0195,0.32
"158",0.0216,0.2395,0.2135,0.3085,0.1279,0.0891
"159",0.1078,0.0447,0.2398,0.1413,0.1426,0.3239
"160",0.0663,0.1019,0.1866,0.3778,0.064,0.2033
"161",0.1499,0,0.0482,0.0498,0.7522,0
"162",0.3076,0.0876,0.0075,0.1883,0,0.4089
"163",0.1674,0.1162,0.2135,0.2032,0,0.2997
"164",0,0.1346,0.2466,0.25,0.2711,0.0976
"165",0.1029,0.2395,0.2642,0.1869,0.0338,0.1727
"166",0.0491,0.3196,0.121,0.1389,0,0.3713
"167",0.0531,0.0513,0.1486,0.3377,0.085,0.3243
"168",0.1138,0.147,0.1279,0.3464,0.2648,0
"169",0.0058,0.0757,0.3478,0.2828,0.1899,0.098
"170",0.2319,0.1162,0.183,0.2046,0,0.2643
"171",0.1939,0.0961,0.0787,0.2297,0.1831,0.2184
"172",0.0173,0,0.194,0.1221,0.3423,0.3242
"173",0.039,0.429,0,0.0901,0.2614,0.1805
"174",0.2883,0.2028,0.0988,0.2909,0,0.1191
"175",0.1067,0.0124,0.0883,0.1645,0.2679,0.3601
"176",0.2577,0.1082,0.256,0.0814,0.1026,0.1942
"177",0.2632,0.1376,0.086,0.187,0,0.3261
"178",0,0.7179,0.1005,0.1816,0,0
"179",0.2079,0,0.2625,0.143,0.1684,0.2183
"180",0.2055,0.1699,0.2308,0.2422,0,0.1515
"181",0.0112,0.3559,0.0588,0.2707,0.3034,0
"182",0.17,0.248,0.1142,0.0861,0.1151,0.2667
"183",0,0.2503,0.2779,0.288,0.0193,0.1644
"184",0.2853,0.0171,0.0486,0.262,0,0.387
"185",0.2315,0.1433,0.215,0.2226,0,0.1875
"186",0.0659,0.2405,0.1671,0.0559,0.2009,0.2698
"187",0.0789,0.3484,0.1074,0.1061,0.1543,0.2049
"188",0.1641,0.077,0.2247,0.0868,0,0.4475
"189",0.1148,0.2744,0.1422,0.2057,0,0.2629
"190",0.0248,0,0.2555,0.1025,0.4066,0.2106
"191",0.3274,0.0297,0.212,0.2198,0,0.2111
"192",0.2728,0.2525,0.168,0.1464,0.0682,0.0922
"193",0.039,0.0505,0.1777,0.2504,0.1262,0.3562
"194",0,0.2941,0.1974,0.1668,0.186,0.1557
"195",0.3663,0.1186,0.2943,0.1186,0,0.1022
"196",0,0.1659,0.2683,0.1875,0.3598,0.0186
"197",0.2698,0.1853,0.2289,0.1408,0.134,0.0413
"198",0.1746,0,0.4869,0.2109,0,0.1276
"199",0.2787,0.2687,0.0927,0.1405,0.0419,0.1774
"200",0.4367,0.1907,0,0.0144,0,0.3581
"201",0.1542,0.1799,0.3067,0.2811,0.0172,0.0609
"202",0.1167,0.1524,0.1462,0.1892,0.1556,0.2398
"203",0,0.0172,0.2671,0.2115,0.1449,0.3593
"204",0.1716,0.2488,0.1685,0.2281,0.0638,0.1193
"205",0.1476,0.1977,0.3004,0.1722,0.175,0.0071
"206",0.3415,0.3577,0.0083,0.1243,0.0299,0.1383
"207",0.3774,0,0.2531,0.2116,0,0.158
"208",0.2919,0.055,0.2286,0.1248,0.1268,0.1729
"209",0.0912,0.0035,0.1257,0.214,0.2464,0.3192
"210",0.1326,0.3318,0.1987,0.1495,0.1469,0.0405
"211",0.2985,0.0386,0.0137,0.0507,0.3548,0.2439
"212",0,0.3619,0.0384,0.2791,0,0.3205
"213",0.1902,0.2204,0.0516,0.1256,0,0.4122
"214",0.2829,0.1212,0.2029,0.1395,0.0411,0.2123
"215",0.3192,0.2091,0.0097,0.0053,0.2364,0.2204
"216",0.1325,0.5375,0.1817,0.0657,0.0826,0
"217",0.1789,0.0292,0.2189,0.2036,0.1973,0.1722
"218",0.1317,0.195,0.2679,0.218,0.0681,0.1193
"219",0.1564,0.0909,0.2615,0.2153,0.166,0.1099
"220",0,0.2137,0.2737,0.3009,0.2117,0
"221",0.1522,0.2172,0.2141,0.2225,0.1641,0.03
"222",0.25,0.3478,0.2447,0.1576,0,0
"223",0.1647,0.1551,0.2429,0.155,0.0821,0.2002
"224",0,0.2433,0.1593,0.3124,0,0.285
"225",0.1139,0.2855,0.2128,0.2143,0,0.1736
"226",0.2644,0.2287,0.1279,0.0221,0.1273,0.2295
"227",0.2044,0,0.2698,0.0999,0,0.4259
"228",0.2228,0.2412,0.2045,0.1098,0,0.2217
"229",0.2887,0.0573,0.2767,0.1065,0.0426,0.2283
"230",0.0374,0.1576,0.2424,0.2786,0.1699,0.1141
"231",0.0492,0.236,0.2805,0.2699,0.043,0.1213
"232",0,0.487,0.2526,0.1836,0.0203,0.0564
"233",0.1423,0.316,0.1491,0.0736,0,0.319
"234",0.4062,0.0847,0.0964,0.1855,0.2272,0
"235",0.2624,0.0338,0.242,0.2774,0.0707,0.1136
"236",0.4461,0.1707,0.1742,0.2089,0,0
"237",0.4112,0,0.3743,0.0882,0.0625,0.0637
"238",0,0.299,0.0835,0.1889,0.1718,0.2568
"239",0.231,0.3471,0.056,0.1353,0.1605,0.0701
"240",0.2118,0,0.1428,0.0243,0.2499,0.3711
"241",0.1334,0.2796,0.1283,0.241,0.0333,0.1845
"242",0.2182,0.1709,0.0627,0.048,0.4679,0.0323
"243",0.2214,0.2322,0.1881,0.1915,0,0.1669
"244",0.0119,0.339,0.3196,0.265,0.0645,0
"245",0.1524,0.1585,0.2351,0.2074,0,0.2465
"246",0.0914,0.0092,0.2747,0.0124,0.402,0.2103
"247",0.1531,0.2149,0,0,0.2382,0.3937
"248",0.3948,0,0,0,0.183,0.4223
"249",0.1453,0.1955,0.1906,0.1552,0.3081,0.0053
"250",0.0371,0.1389,0.2367,0.095,0.241,0.2512
"251",0.2047,0.2514,0.2649,0.1474,0,0.1316
"252",0.2515,0.0018,0.2255,0.0225,0.1909,0.3078
"253",0.2294,0.2088,0.3036,0.1197,0.0152,0.1233
"254",0.1038,0.144,0.1828,0.1038,0.318,0.1477
"255",0.0377,0.3624,0.158,0.2325,0.1911,0.0183
"256",0.2359,0.2739,0.1486,0.2885,0,0.0531
"257",0.1257,0.2763,0.0191,0.2199,0.1882,0.1709
"258",0.2277,0.0965,0.2617,0.0814,0.1683,0.1644
"259",0.3507,0.1883,0.0277,0.2351,0.0148,0.1834
"260",0.0937,0.263,0.199,0.1559,0.0423,0.2462
"261",0.1601,0.1886,0.0654,0.1495,0.124,0.3124
"262",0.2194,0.1731,0.0793,0.062,0.1689,0.2973
"263",0,0.2059,0.1549,0.3212,0.2859,0.032
"264",0.5284,0,0.0849,0.0261,0.3606,0
"265",0.151,0.3837,0.0305,0.0704,0.285,0.0793
"266",0.0354,0.2208,0.2365,0.3148,0.0636,0.129
"267",0.4552,0.1506,0.2717,0.0981,0.0244,0
"268",0,0.2491,0.2614,0.0974,0.1579,0.2342
"269",0.0551,0.2784,0.2389,0.1341,0.041,0.2524
"270",0.1642,0.0795,0.2955,0.1893,0.0388,0.2327
"271",0.2232,0.0744,0.252,0.1742,0.0415,0.2348
"272",0,0.2685,0.2808,0.3115,0,0.1392
"273",0.2048,0.1986,0.1173,0.0884,0.0984,0.2926
"274",0.1429,0.3678,0.0379,0.0129,0.4385,0
"275",0.089,0.2098,0.198,0.3005,0,0.2027
"276",0.1672,0.5603,0.0349,0.2068,0.0308,0
"277",0.151,0.1018,0.309,0.167,0.2567,0.0144
"278",0.2028,0.1468,0.1149,0.0212,0.229,0.2853
"279",0.0309,0.1063,0.3194,0.2391,0.3043,0
"280",0.2653,0.3431,0.0067,0.1204,0,0.2646
"281",0.2788,0.037,0.1305,0.2189,0.1275,0.2073
"282",0.061,0.2354,0.0243,0.1714,0.1982,0.3096
"283",0,0.2711,0.41,0.146,0.0093,0.1637
"284",0.1774,0,0.079,0.0541,0.311,0.3785
"285",0.1646,0.2749,0.302,0.2395,0.0189,0
"286",0.1829,0.2424,0.2447,0.2388,0.0733,0.0179
"287",0.0355,0.2037,0.278,0.2566,0,0.2262
"288",0.3071,0.089,0.2786,0.2184,0.077,0.0299
"289",0,0.2435,0.2773,0.1932,0.2136,0.0724
"290",0.1528,0.2389,0.1689,0.1828,0.0116,0.2451
"291",0.1513,0.3474,0.1476,0.0647,0.2068,0.0822
"292",0,0.4483,0.114,0.2729,0.0814,0.0834
"293",0.3551,0.0768,0.1698,0.1437,0.1183,0.1363
"294",0.0167,0.2741,0.1547,0.2524,0.0411,0.2609
"295",0,0.2858,0.1519,0.1755,0.0852,0.3015
"296",0.1367,0.0127,0.1602,0.2402,0.1554,0.2949
"297",0.0114,0.2663,0.2577,0.3148,0.0137,0.136
"298",0.1628,0.0724,0.105,0.147,0.2155,0.2972
"299",0.1429,0.1932,0.251,0.3397,0,0.0732
"300",0.1464,0.1652,0.322,0.3054,0.061,0
"301",0.145,0.1444,0.2906,0.2951,0,0.1249
"302",0.1902,0.158,0.2675,0.2495,0,0.1347
"303",0.2785,0.1757,0.1424,0.0859,0,0.3175
"304",0.0754,0.3342,0.0254,0.1038,0.316,0.1452
"305",0.2323,0.2089,0.193,0.0598,0.093,0.213
"306",0,0.3245,0.2772,0.1536,0.1696,0.0751
"307",0,0.1126,0.1392,0.3907,0.1466,0.2109
"308",0.3205,0.2204,0.2673,0.1462,0,0.0456
"309",0.1666,0.2228,0.1612,0.2336,0,0.2159
"310",0.1055,0.2423,0.1997,0.2828,0,0.1697
"311",0.1604,0.0182,0.2799,0.1023,0.2006,0.2386
"312",0.1185,0.1934,0.2824,0.2361,0.1292,0.0403
"313",0,0.1906,0.2473,0.2735,0.0952,0.1934
"314",0.1422,0.1429,0.043,0.2044,0.1965,0.271
"315",0.2768,0.2029,0.115,0.27,0.1195,0.0157
"316",0.1991,0.0941,0.1865,0.2292,0.1544,0.1367
"317",0.1448,0.1279,0.0697,0.1705,0.2134,0.2737
"318",0.1593,0.0399,0.2244,0.3063,0,0.2701
"319",0.2491,0.1175,0.0545,0.2328,0.3461,0
"320",0.324,0.048,0.211,0.1858,0.2046,0.0266
"321",0,0.0808,0.2962,0.2837,0.2437,0.0956
"322",0.2928,0.2151,0.097,0.086,0,0.309
"323",0.1374,0.2688,0.2179,0.2089,0.1336,0.0335
"324",0.2657,0.2109,0.152,0.1403,0.2003,0.0308
"325",0.0182,0,0.6077,0.1518,0.1856,0.0368
"326",0,0.2595,0.1239,0.2511,0.1676,0.1979
"327",0.0969,0.1673,0.0215,0.1574,0.4216,0.1353
"328",0,0.1371,0.3086,0.3188,0,0.2355
"329",0.1346,0.1034,0.2516,0.1844,0.0151,0.3109
"330",0.1875,0.0204,0.1754,0.2961,0,0.3206
"331",0.161,0.0037,0.1704,0.306,0,0.3589
"332",0.1985,0.1917,0.2554,0.1055,0.2417,0.0073
"333",0.1882,0.1184,0.0954,0.3648,0.232,0.0012
"334",0.2287,0.3001,0.2486,0.0937,0.0297,0.0992
"335",0,0.1209,0.2737,0.0913,0.2811,0.2329
"336",0.0453,0.0986,0.2444,0.2872,0.0953,0.2291
"337",0.0863,0.1455,0.2842,0.2176,0.1296,0.1368
"338",0.3341,0.0896,0.2011,0.2,0,0.1753
"339",0.0396,0.2909,0.1372,0.2792,0.1414,0.1117
"340",0.2488,0.3625,0.1683,0.2021,0,0.0183
"341",0.3015,0.1801,0.1015,0.2082,0.1797,0.029
"342",0.1043,0.1323,0.262,0.1846,0.0892,0.2277
"343",0,0.1971,0.0522,0.0245,0.4476,0.2787
"344",0.2012,0.2249,0.1174,0.2632,0.1503,0.043
"345",0.0126,0.1258,0.4117,0.4499,0,0
"346",0.1794,0.0668,0.2517,0.1663,0.1427,0.1931
"347",0.1476,0,0,0,0.3694,0.483
"348",0.1201,0.3095,0.1311,0.2268,0,0.2126
"349",0,0.4911,0.1328,0.2487,0.1274,0
"350",0.1541,0.0899,0.2248,0.1196,0.3605,0.0511
"351",0.1503,0.273,0.1839,0.2719,0,0.121
"352",0.2914,0.0653,0.2989,0.2196,0,0.1249
"353",0.144,0.0528,0.1844,0.3429,0.0551,0.2209
"354",0.0192,0.1302,0.2346,0.2303,0.1573,0.2285
"355",0.0377,0.165,0.2964,0.3443,0.1379,0.0187
"356",0.0354,0.0997,0.1287,0.2074,0.1878,0.3409
"357",0.1978,0.0235,0.2979,0.1783,0.1419,0.1606
"358",0.2942,0.1663,0.1598,0.2576,0,0.1222
"359",0.1252,0.2098,0.1882,0.1915,0.2137,0.0716
"360",0.2601,0.2686,0.0082,0.1041,0.1156,0.2433
"361",0.0837,0.2745,0.2596,0.2472,9e-04,0.1341
"362",0.018,0.2132,0.1032,0.1835,0.1538,0.3283
"363",0.3345,0.2053,0,0.1016,0.0371,0.3215
"364",0.0716,0.3479,0.1665,0.3648,0.0493,0
"365",0.1537,0.2173,0.1908,0.0683,0.1728,0.197
"366",0.0923,0.2403,0.2009,0.2088,0,0.2578
"367",0.1811,0.0421,0.0966,0.3088,0.1544,0.217
"368",0,0.0204,0.3702,0.2666,0.2773,0.0655
"369",0.156,0.18,0.1418,0.2622,0.1706,0.0894
"370",0.2743,0.2219,0.2459,0.1829,0,0.0751
"371",0.0435,0.1233,0.2414,0.2012,0.1702,0.2204
"372",0.0521,0.2359,0.2161,0.2794,0.151,0.0656
"373",0.1855,0.1427,0.2012,0.1882,0.0924,0.19
"374",0.2886,0.1837,0.2368,0.1153,0,0.1756
"375",0.304,0,0.2593,0.2511,0,0.1856
"376",0.3407,0.0279,0.1715,0.1122,0.1344,0.2134
"377",0.1596,0.2919,0.119,0.1647,0,0.2648
"378",0,0.3125,0.2025,0.1803,0.0708,0.2338
"379",0.0852,0.1963,0.2151,0.3306,0,0.1727
"380",0.0088,0.2164,0.2792,0.3004,0,0.1952
"381",0.1738,0.066,0.2773,0.4126,0,0.0703
"382",0,0.2637,0.317,0.2475,0,0.1718
"383",0.2064,0.0778,0.1396,0.1844,0.1831,0.2087
"384",0.1714,0.2066,0.1187,0.2049,0,0.2985
"385",0.0909,0.3592,0.0264,0.1237,0.0863,0.3135
"386",0,0.2431,0.1712,0.2154,0.2293,0.1411
"387",0.1448,0.3993,0.2212,0.1365,0.0872,0.0111
"388",0.1243,0.2263,0.262,0.131,0,0.2563
"389",0.2059,0.1209,0.1886,0.0369,0.1264,0.3212
"390",0.3957,0,0.1538,0.1301,0,0.3204
"391",0.1519,0.1483,0.1073,0.2719,0.2601,0.0605
"392",0.1907,0.2649,0.0592,0.2327,0.0261,0.2265
"393",0.2594,0.2324,0.07,0.2804,0,0.1578
"394",0.3554,0.1793,0.2129,0.1407,0,0.1117
"395",0.2136,0.2471,0.1051,0.2107,0,0.2234
"396",0.3197,0.2682,0.1908,0.0456,0.0863,0.0895
"397",0.0877,0.245,0.0418,0.2121,0.14,0.2735
"398",0.2737,0.1782,0.2317,0.1011,0.1493,0.0659
"399",0.1583,0.1491,0.3137,0.3156,0.0593,0.004
"400",0.1438,0.078,0.2786,0.2088,0.1921,0.0988
"401",0.1026,0.2133,0.0577,0.1819,0.2249,0.2196
"402",0.0626,0.2506,0.1414,0.3291,0,0.2163
"403",0.1075,0.2229,0.2,0.2454,0.1175,0.1067
"404",0.2405,0.147,0.1964,0.0643,0.1651,0.1867
"405",0.4166,0.12,0.1685,0.0909,0,0.204
"406",0.1444,0.2237,0.1951,0.2097,0.2232,0.0039
"407",0.1627,0.3469,0.1028,0.3412,0,0.0464
"408",0.2343,0.1118,0.2447,0.1209,0.0525,0.2359
"409",0.1587,0.0164,0.1811,0.2815,0.1433,0.2191
"410",0.1999,0.102,0.0658,0.2602,0.1913,0.1809
"411",0.2181,0.2056,0.0726,0.2627,0,0.241
"412",0.2134,0.1496,0.2132,0.1055,0.1317,0.1866
"413",0.1405,0.2724,0.1689,0.2093,0.1378,0.0711
"414",0.5955,0,0.2561,0,0,0.1484
"415",0.0692,0.4414,0.1492,0.2238,0,0.1164
"416",0.031,0.3455,0.2147,0.2571,0.0924,0.0593
"417",0.1474,0.1113,0.2323,0.2657,0,0.2432
"418",0.0277,0.2606,0.2996,0.1199,0.2904,0.0017
"419",0.1437,0.2537,0.0587,0.1133,0.185,0.2456
"420",0.3866,0.2375,0.0418,0.0824,0.1612,0.0905
"421",0,0.2838,0.2272,0.2249,0.137,0.1271
"422",0,0.4014,0.0591,0.2358,0.252,0.0516
"423",0.0675,0.1646,0.1376,0.27,0.046,0.3143
"424",0.17,0.2274,0.1123,0.2274,0.129,0.1339
"425",0,0.2186,0.2503,0.2957,0.1055,0.1299
"426",0.1907,0.0787,0.2725,0.2538,0,0.2043
"427",0.1625,0.2123,0.1642,0.2469,0,0.2141
"428",0.1596,0.1796,0.1211,0.3648,0,0.1749
"429",0.1951,0.2496,0.1182,0.1994,0,0.2377
"430",0.4435,0,0.1221,0.3123,0,0.1222
"431",0.1751,0.2371,0.2509,0.1475,0,0.1893
"432",0.015,0.1113,0.3116,0.3315,0,0.2305
"433",0.2099,0.1303,0.2508,0.1875,0.031,0.1904
"434",0.2698,0.0334,0.429,0.0906,0.1607,0.0165
"435",0.0316,0.3503,0.1069,0.1079,0.1279,0.2754
"436",0.0532,0.239,0.1704,0.2995,0.0814,0.1565
"437",0.039,0.1953,0.2722,0.2727,0.1876,0.0333
"438",0.2501,0.0713,0.1909,0.1823,0.0333,0.2721
"439",0.1839,0.3458,0.3003,0.158,0,0.0121
"440",0.095,0.3283,0.0698,0.0266,0.2569,0.2234
"441",0.032,0.3379,0.2441,0.3236,0,0.0624
"442",0.1429,0.1959,0.2416,0.2414,0,0.1781
"443",0.1018,0.1616,0.167,0.2633,0.1222,0.1842
"444",0.0922,0.2537,0.1699,0.098,0.134,0.2522
"445",0.4038,0.0767,0.1463,0.1507,0,0.2226
"446",0.1747,0.0063,0.3109,0.121,0.1273,0.2597
"447",0.043,0,0.216,0.1424,0.309,0.2896
"448",0.1831,0.0557,0.2521,0.213,0.1515,0.1446
"449",0.0639,0.1815,0.2381,0.097,0.2089,0.2105
"450",0.1004,0.2889,0.1066,0.1168,0.1138,0.2735
"451",0.2779,0,0.2449,0.2618,0,0.2153
"452",0.1812,0.0619,0.3418,0.2584,0.0481,0.1086
"453",0.1846,0.1825,0.1668,0.2048,0.1056,0.1556
"454",0.2585,0,0.1177,0.2715,0,0.3523
"455",0.0957,0.2225,0.0398,0.1967,0.0684,0.377
"456",0.2285,0.0941,0.2202,0.241,0.0023,0.2138
"457",0.1223,0.0113,0.2617,0.0754,0.2185,0.3107
"458",0.2464,0.1802,0.0744,0.0629,0.2545,0.1815
"459",0.5186,0.1254,0.0658,0,0.2454,0.0447
"460",0.0144,0.3638,0.1361,0.253,0.0277,0.205
"461",0.2132,0.1933,0.2803,0.1935,0,0.1196
"462",0.0278,0.2071,0.09,0.2283,0.1725,0.2742
"463",0.1786,0.217,0.0651,0.1625,0.1579,0.2189
"464",0.2168,0.2164,0.0964,0.2558,0.1259,0.0887
"465",0.2244,0.1848,0.2164,0.2908,0,0.0836
"466",0,0.0067,0.3534,0.2097,0.2189,0.2113
"467",0.0068,0.2091,0.1212,0.1621,0.2137,0.2871
"468",0.0554,0.3482,0.1029,0.2074,0.0543,0.2317
"469",0.0423,0.1981,0.1107,0.3696,0.0105,0.2689
"470",0.2436,0.2233,0.0733,0,0,0.4598
"471",0.2639,0.2557,0.0924,0.3407,0,0.0473
"472",0.2956,0.1642,0.074,0.0512,0.0976,0.3174
"473",0.3009,0.3153,0.142,0.197,0,0.0448
"474",0.2874,0.233,0,0.0094,0.121,0.3492
"475",0.2809,0.2768,0.1217,0.234,0.0825,0.0042
"476",0.2959,0.123,0.1785,0.2348,0,0.1678
"477",0,0.2996,0.2452,0.2663,0.1415,0.0474
"478",0.0064,0.1519,0.3275,0.1787,0.3355,0
"479",0.2613,0.0755,0.2315,0.3021,0.0064,0.1232
"480",0,0.2671,0.1535,0.1382,0.1453,0.2959
"481",0.1498,0.0898,0.1951,0.3077,0.2289,0.0287
"482",0,0.6484,0.0135,0.3381,0,0
"483",0.1639,0.1473,0.237,0.171,0.069,0.2118
"484",0.2725,0.0869,0.1465,0.1864,0.1525,0.1553
"485",0.2825,0.0963,0.2526,0.2176,0.1207,0.0302
"486",0.3907,0.1139,0.1225,0.0175,0.1704,0.185
"487",0.3871,0.0255,0.1951,0.0997,0.2262,0.0663
"488",0,0.205,0.2448,0.2905,0.0076,0.252
"489",0.2743,0.0787,0.1689,0.1436,0.1531,0.1814
"490",0.5251,0.2708,0,0,0.0748,0.1293
"491",0.2927,0.3165,0,0.0436,0.1933,0.1539
"492",0.0855,0.2794,0.1026,0.2327,0.2198,0.08
"493",0.1687,0.1355,0.1806,0.2385,0.0395,0.2373
"494",0.2935,0.3331,0.0744,0.0802,0,0.2187
"495",0.0864,0.2448,0.2566,0.3008,0.0986,0.0129
"496",0.0484,0.3774,0.0939,0.2793,0,0.201
"497",0.3005,0.1825,0.1999,0.1541,0.1478,0.0152
"498",0.2025,0.131,0.1238,0.2194,0,0.3233
"499",0.0401,0.0976,0.2341,0.172,0.1574,0.2987
"500",0.2967,0.0459,0.3255,0.1983,0,0.1335
"501",0.3182,0.0281,0.0493,0.1512,0.3771,0.0762
"502",0.2284,0.1798,0.1541,0.1512,0,0.2864
"503",0.0321,0.1494,0.2441,0.2188,0.1316,0.224
"504",0.1173,0.2031,0.2473,0.1075,0.1223,0.2026
"505",0.2238,0.0156,0.2633,0.278,0.0504,0.1689
"506",0.0881,0.0355,0.2409,0.2699,0.2339,0.1317
"507",0.1486,0.1863,0.2068,0.4366,0.0218,0
"508",0.1175,0.0925,0.0827,0.2238,0.4261,0.0574
"509",0.4982,0.0555,0.0804,0.3658,0,0
"510",0.0122,0.2442,0.0549,0.2251,0.214,0.2495
"511",0.2456,0.1918,0.159,0.1318,0.0623,0.2094
"512",0.2588,0.2684,0.1436,0.1345,0.1517,0.043
"513",0.0537,0.2059,0.2452,0.1604,0.0162,0.3186
"514",0.4145,0.1213,0.0946,0,0.2925,0.0772
"515",0.0607,0.0331,0.1056,0.1843,0.1056,0.5107
"516",0.0455,0.0093,0.3993,0.2028,0.2894,0.0538
"517",0.1405,0.3383,0.1401,0.3185,0,0.0626
"518",0.0508,0.3634,0.1452,0.0299,0.3526,0.0582
"519",0.2648,0,0.1883,0.194,0,0.353
"520",0.1274,0.1256,0.2381,0.1919,0.1052,0.2118
"521",0.1134,0.4125,0,0.1081,0.1829,0.1832
"522",0.0766,0.1189,0.2929,0.3639,0.0945,0.0532
"523",0.0354,0.2799,0.1749,0.1012,0.1973,0.2112
"524",0.0295,0.2203,0.1629,0.1993,0.1832,0.2048
"525",0.2145,0.2301,0.166,0.1312,0.0779,0.1804
"526",0.0577,0.265,0.2515,0.2797,0.146,0
"527",0.0733,0.2005,0.183,0.3676,0.1111,0.0645
"528",0.123,0.3792,0.0124,0.2011,0.0084,0.2759
"529",0,0.1447,0.2566,0.2676,0.1792,0.1519
"530",0.2651,0.2611,0.1432,0.1062,0.0284,0.196
"531",0,0.1052,0.1738,0.2053,0.3162,0.1995
"532",0.3359,0.3843,0.0203,0.1013,0.0428,0.1154
"533",0,0.266,0.2199,0.1775,0.0997,0.2369
"534",0.157,0.3199,0.0864,0.2263,0.0813,0.129
"535",0.1612,0.1129,0.2868,0.2199,0.2127,0.0064
"536",0,0.9489,0,0,0.0292,0.0219
"537",0,0.2622,0.3182,0.2987,0.059,0.0619
"538",0.2503,0,0.3375,0.2195,0,0.1926
"539",0.0524,0.2894,0.1757,0.1538,0,0.3287
"540",0.2426,0.3273,0.1109,0.2488,0,0.0703
"541",0.0378,0,0.1608,0.2817,0.3275,0.1922
"542",0.2684,0.328,0.2911,0.1125,0,0
"543",0.3373,0.0755,0.1731,0.0992,0,0.3149
"544",0,0.2869,0.1718,0.0615,0.3958,0.084
"545",0.1186,0.2371,0.0476,0.0905,0.2157,0.2905
"546",0.056,0.1573,0.2698,0.25,0.0799,0.187
"547",0,0.2436,0.2297,0.0519,0.3976,0.0771
"548",0.1937,0.0909,0.2088,0.2276,0.0391,0.2399
"549",0.1243,0.2788,0.1517,0.2613,0.1182,0.0657
"550",0.2065,0,0.159,0.0357,0.2916,0.3072
"551",0.0038,0.6846,0.0219,0.2897,0,0
"552",0.1849,0.199,0.1541,0.2309,0.068,0.1632
"553",0.2287,0,0.0162,0.0818,0.3013,0.3719
"554",0.29,0.6242,0,0.0858,0,0
"555",1e-04,0.1222,0.2016,0.1655,0.2503,0.2603
"556",0.1892,0.1768,0.1873,0.1795,0.1784,0.0888
"557",0.1438,0.2673,0.2541,0.1382,0.0248,0.1718
"558",0.034,0.3133,0.2042,0.0841,0.1231,0.2412
"559",0.0444,0.3233,0.2002,0.1794,0.0464,0.2063
"560",0,0.2191,0.4092,0.3717,0,0
"561",0,0.2654,0.2912,0.3405,0.0137,0.0893
"562",0.0166,0.3162,0.1385,0.1256,0.359,0.0441
"563",0.1776,0.2134,0.1403,0.2166,0,0.2522
"564",0.1207,0.3605,0.1787,0.0873,0.1895,0.0632
"565",0,0.3884,0.0747,0.3483,0.1886,0
"566",0.1063,0.0337,0.3726,0.1459,0.3254,0.0161
"567",0,0.0792,0.6608,0.26,0,0
"568",0.0689,0.3541,0.1927,0.1594,0.028,0.1969
"569",0.1202,0.3148,0.2485,0.0918,0.2054,0.0192
"570",0.1729,0.2232,0.057,0.1776,0.208,0.1613
"571",0.0182,0.04,0.1278,0,0.814,0
"572",0.225,0.2693,0.149,0.0999,0,0.2568
"573",0,0,0.4141,0.1339,0.4391,0.0129
"574",0,0.0775,0.2891,0.1716,0.196,0.2658
"575",0.0397,0.1632,0.1143,0.1593,0.3151,0.2083
"576",0.1078,0,0.0838,0.3433,0.3098,0.1553
"577",0.143,0.0642,0.2921,0.2007,0.2491,0.0509
"578",0,0.5036,0.0828,0.3774,0,0.0361
"579",0.0561,0.2982,0.1479,0.1733,0.1526,0.1719
"580",0.0294,0.3651,0.153,0.1245,0.0808,0.2473
"581",0.2068,0.3337,0.013,0,0,0.4465
"582",0.2625,0.3444,0.1409,0.1685,0,0.0838
"583",0.1032,0.2669,0.1165,0.234,0.1752,0.1043
"584",0.2148,0.0871,0.0776,0.1816,0.3355,0.1033
"585",0.0773,0,0.089,0.2033,0.2655,0.3649
"586",0.2655,0.0961,0.1645,0.1581,0.087,0.2288
"587",0.2815,0.1881,0.1494,0.0473,0.0996,0.2341
"588",0.0505,0.2607,0.147,0.1058,0.2121,0.2239
"589",0.2454,0.2054,0.2082,0.2716,0,0.0695
"590",0.2382,0.0205,0.2905,0.1873,0.1121,0.1514
"591",0,0.2982,0.3352,0.3666,0,0
"592",0.2848,0.0973,0.2661,0.0771,0.1069,0.1678
"593",0.1759,0.2578,0.1192,0.2083,0.1513,0.0875
"594",0,0.2793,0.1578,0.2724,0.1716,0.1189
"595",0.2094,0.1908,0.0852,0.2568,0.1313,0.1265
"596",0.1809,0.263,0.0188,0.2027,0.116,0.2186
"597",0.035,0.5616,0.0539,0.3495,0,0
"598",0,0.2304,0.2776,0.3486,0,0.1435
"599",0.1761,0.2224,0.2509,0.2328,0.0309,0.0869
"600",0.0751,0.2819,0.0673,0.3156,0.1497,0.1103
"601",0.1148,0.1582,0.2861,0.1681,0.1422,0.1307
"602",0.0213,0.1444,0.296,0.1789,0.1434,0.2159
"603",0.0432,0.0797,0.4472,0.4212,0,0.0087
"604",0.1839,0.2517,0.1902,0.1673,0.0504,0.1565
"605",0,0.302,0.1997,0.3328,0.0424,0.1232
"606",0.1954,0.0421,0.2199,0.2317,0.1654,0.1455
"607",0.3172,0,0.3483,0.2436,0.018,0.0729
"608",0.1808,0.3755,0.0915,0.3523,0,0
"609",0.0691,0.2401,0.3536,0.3372,0,0
"610",0.2252,0.2563,0.1216,0.1959,0.0116,0.1893
"611",0.1133,0.1496,0.2102,0.2659,0.0808,0.1802
"612",0.2097,0.2302,0.0827,0.149,0.277,0.0514
"613",0,0.1744,0.3058,0.199,0.2436,0.0772
"614",0.1257,0.2238,0.1516,0.1544,0.169,0.1755
"615",0.1493,0.2166,0.1468,0.0922,0.3718,0.0233
"616",0.2461,0.292,0.1304,0.192,0.0046,0.1349
"617",0.0428,0.1829,0.187,0.2428,0.1187,0.2259
"618",0.1556,0.1155,0.2287,0.1132,0.1701,0.2168
"619",0.1193,0.2768,0.104,0.1941,0.1648,0.141
"620",0,0.2818,0.2787,0.2561,0.1835,0
"621",0.1027,0.3424,0.0904,0.0974,0.2114,0.1556
"622",0.1707,0.1357,0.2619,0.2652,0,0.1665
"623",0.1347,0.2609,0.2594,0.2677,0,0.0772
"624",0.254,0.1529,0.2333,0.2819,0,0.0779
"625",0,0.1128,0.2993,0.2213,0.1452,0.2213
"626",0,0.3686,0.3097,0.2516,0,0.0701
"627",0.2453,0.1708,0.0541,0.0927,0.1608,0.2762
"628",0,0.3857,0.4015,0.1706,0,0.0422
"629",0.2148,0.2012,0.2357,0.2902,0,0.0582
"630",0.1866,0.0246,0.0838,0.3193,0.3006,0.0852
"631",0.0493,0.2418,0.2515,0.228,0.2194,0.01
"632",0.0378,0.1007,0.2865,0.2972,0.1655,0.1122
"633",0.0288,0,0.2842,0.291,0.0553,0.3408
"634",0.3608,0.3326,0.0538,0.0943,0.0406,0.118
"635",0.0258,0.1492,0.2915,0.1117,0.1683,0.2535
"636",0.0438,0.0563,0.295,0.3139,0.2119,0.079
"637",0.3197,0.0296,0.3459,0.0678,0.237,0
"638",0.1782,0.2852,0.1021,0.2023,0,0.2323
"639",0.1814,0.2528,0.1278,0.1598,0.1786,0.0995
"640",0,0.1388,0.1892,0.3369,0.3351,0
"641",0.4864,0,0.0106,0,0.0731,0.4299
"642",0.0759,0.1225,0.0357,0.2394,0.1705,0.356
"643",0.2942,0.0227,0.1857,0.146,0,0.3514
"644",0.2985,0.2168,0.118,0.269,0.0224,0.0753
"645",0,0.0575,0.1618,0.035,0.4193,0.3265
"646",0.2718,0.1744,0.1363,0.1818,0.2057,0.0301
"647",0,0.7761,0,0.0417,0.1823,0
"648",0.3056,0.0783,0.116,0.3456,0,0.1544
"649",0.2295,0.2187,0.1659,0.161,0,0.2249
"650",0.334,0,0.29,0.1152,0.0593,0.2016
"651",0.2278,0.2046,0.1903,0.1261,0.2053,0.0459
"652",0,0.1311,0.2393,0.2105,0.1393,0.2798
"653",0.1276,0.3046,0.0957,0.2931,0,0.179
"654",0.1749,0.1747,0.2447,0.1735,0.0459,0.1862
"655",0.0462,0.1076,0.296,0.3019,0,0.2484
"656",0.3991,0.0771,0.082,0.2794,0.1133,0.049
"657",0.294,0.2831,0.0367,0.0605,0.1415,0.1842
"658",0.4225,0,0.0426,0.2947,0.1526,0.0875
"659",0,0.2749,0.0751,0.3348,0.3152,0
"660",0.3137,0.1317,0.1535,0.1288,0,0.2723
"661",0.1207,0.3216,0.2782,0.1551,0.1062,0.0182
"662",0.0399,0.142,0.2735,0.3643,0,0.1803
"663",0,0.1438,0.445,0.2598,0.0529,0.0984
"664",0.1063,0.2318,0.1971,0.1297,0.1024,0.2327
"665",0,0.3499,0.0693,0.2499,0.0842,0.2466
"666",0.2439,0.073,0.2358,0.1864,0.2292,0.0317
"667",0.3144,0.2045,0.1541,0.2218,0.0783,0.0268
"668",0.2036,0.2292,0.088,0.0292,0.1558,0.2942
"669",0.4319,0.022,0.1866,0.0635,0,0.296
"670",0.0775,0.0427,0.3104,0.1542,0.2061,0.2092
"671",0.4278,0.3025,0,0.1871,0,0.0826
"672",0.1069,0.0204,0.3579,0.396,0.1187,0
"673",0,0,0,0.081,0.3604,0.5586
"674",0.3096,0.0213,0.378,0.2911,0,0
"675",0.0981,0.1988,0.2212,0.2629,0,0.2189
"676",0.1392,0.1366,0.2111,0.2608,0.0577,0.1946
"677",0.2355,0.1093,0.1985,0.0486,0.1819,0.2263
"678",0.1229,0.1692,0.3093,0.1755,0.2099,0.0132
"679",0.2236,0.2331,0.1707,0.1709,0.2018,0
"680",0,0.3202,0.0263,0.2489,0.2414,0.1631
"681",0.1926,0.2762,0.2532,0.1699,0.1081,0
"682",0.145,0.2849,0.07,0.18,0,0.3202
"683",0.0566,0.246,0.0745,0.2846,0.2024,0.1359
"684",0,0.528,0.0748,0.2945,0,0.1027
"685",0.1889,0.1234,0.29,0.1859,0.1805,0.0313
"686",0.1917,0.4134,0.1439,0.2509,0,0
"687",0.1443,0.1353,0.2307,0.3272,0.0269,0.1356
"688",0.2866,0,0.1399,0.0184,0.2246,0.3306
"689",0.4581,0.0781,0.3009,0.1475,0,0.0154
"690",0.1764,0,0.3246,0.2519,0.2302,0.0169
"691",0.0503,0.0941,0.2483,0.0677,0.2493,0.2903
"692",0.2374,0.2077,0.2133,0.1318,0,0.2098
"693",0.0143,0.2161,0.1493,0.2548,0.0913,0.2741
"694",0.3104,0.2631,0,0.1292,0.0835,0.2137
"695",0.021,0.3455,0.0781,0.4187,0.0237,0.113
"696",0.0576,0.3906,0.1155,0.1389,0,0.2974
"697",0,0.2253,0.2314,0.3041,0.126,0.1131
"698",0.1421,0.2656,0.1806,0.289,0,0.1227
"699",0.3671,0.3319,0.0233,0.065,0,0.2127
"700",0.1629,0.2652,0.2572,0.3147,0,0
"701",0.1386,0.1767,0.2316,0.2254,0.14,0.0877
"702",0.0683,0.1027,0.1889,0.1981,0,0.4421
"703",0.0351,0.2211,0.3158,0.2534,0.0885,0.0862
"704",0.0685,0.158,0.2484,0.1934,0.0221,0.3096
"705",0.0728,0.159,0.2342,0.1998,0.2175,0.1166
"706",0.1249,0.2776,0.1149,0.3755,0,0.1071
"707",0.0329,0.2034,0.1792,0.0566,0.2472,0.2808
"708",0.0896,0.2569,0.0885,0.2488,0,0.3162
"709",0.0953,0.3724,0.017,0.2122,0,0.3031
"710",0.0907,0.2962,0.2096,0.1093,0,0.2942
"711",0.1351,0.2062,0.2925,0.1577,0.079,0.1294
"712",0.0906,0.1313,0.2156,0.2263,0.1181,0.218
"713",0.1302,0.157,0.1761,0.2883,0.1651,0.0833
"714",0.1816,0.2172,0.1326,0.1491,0.0768,0.2426
"715",0.2396,0,0.3289,0.1292,0.1395,0.1628
"716",0,0.4046,0.2683,0.1685,0,0.1587
"717",0,0.085,0.2424,0.2743,0.2496,0.1487
"718",0.387,0,0.2672,0.0857,0.1842,0.0759
"719",0.1764,0.1404,0.1888,0.0474,0.447,0
"720",0,0.3947,0.1909,0.2178,0.0237,0.1729
"721",0,0.1451,0.2513,0.2427,0.1434,0.2174
"722",0.4529,0.0206,0.0879,0.18,0.1943,0.0642
"723",0.2612,0.2512,0.242,0.0934,0.0474,0.1048
"724",4e-04,0.1269,0.0177,0.1978,0.2948,0.3623
"725",0.1998,0.0974,0.3753,0.1712,0,0.1563
"726",0.1512,0.2189,0.2775,0.2514,0,0.101
"727",0.3345,0.0134,0.1842,0.3674,0.075,0.0256
"728",0.1332,0.246,0.2295,0.267,0.1231,0.0011
"729",0.005,0.1418,0.1323,0.3681,0.0501,0.3027
"730",0.2881,0.2147,0.1423,0.331,0,0.0239
"731",0.2031,0.2754,0.1495,0.1707,0.1648,0.0365
"732",0,0,0.3229,0.0913,0.2957,0.2901
"733",0.1764,0.341,0.0397,0.2456,0.0141,0.1832
"734",0.148,0.067,0.0771,0.223,0.2117,0.2732
"735",0,0.096,0.2326,0.2264,0.1906,0.2543
"736",0.2038,0.0801,0.2437,0.4645,0.0079,0
"737",0.1465,0,0.3231,0.0618,0.2876,0.1811
"738",0,0.2115,0.2141,0.2465,0.1293,0.1986
"739",0.2928,0,0.2002,0.102,0.2001,0.2049
"740",0.0202,0.3114,0.085,0.1769,0.0051,0.4013
"741",0.1966,0.1607,0.044,0.2066,0.0958,0.2962
"742",0.158,0.1959,0.0829,0.2837,0.1146,0.1649
"743",0.2303,0.2312,0.0109,0.1111,0.1169,0.2996
"744",0.101,0.2623,0.1192,0.2478,0.1777,0.0921
"745",0.2981,0.3644,0.0541,0.0881,0,0.1954
"746",0.2524,0.1873,0.2141,0.1231,0,0.2231
"747",0.4118,0.011,0.0268,0.1607,0,0.3896
"748",0.0468,0.371,0.0703,0.1779,0,0.334
"749",0.4163,0,0.0572,0.2694,0,0.2571
"750",0.2081,0.2627,0.0819,0.1664,0.1662,0.1146
"751",0.1781,0.2447,0.146,0.1737,0.0114,0.246
"752",0.1119,0.0794,0.3015,0.2703,0.1007,0.1363
"753",0,0,0.3147,0.1055,0.5798,0
"754",0.4412,0,0.0105,0,0.2755,0.2728
"755",0.2071,0.1974,0.1344,0.0742,0.1865,0.2003
"756",0.2075,0.236,0.1978,0.106,0.0119,0.2408
"757",0.0216,0.2094,0.286,0.2449,0.032,0.206
"758",0.1393,0.0754,0.2567,0.1644,0.3089,0.0554
"759",0,0.3804,0.1423,0.1768,0.3006,0
"760",0.3154,0.0707,0.1842,0.0664,0.2681,0.0952
"761",0.2219,0.0221,0.2466,0.2479,0.1023,0.1593
"762",0.2321,0,0.3403,0.3314,0.0962,0
"763",0.2167,0,0.2433,0.1184,0.1693,0.2524
"764",0,0.05,0.2544,0.2983,0.2313,0.166
"765",0.1467,0.2537,0.1707,0.1959,0.0896,0.1432
"766",0.2789,0.1738,0.1574,0.3292,0.0607,0
"767",0.174,0.3941,0.0173,0.0527,0.1856,0.1763
"768",0.0706,0.1867,0.2652,0.1297,0.1734,0.1745
"769",0.0172,0.1465,0.2946,0.2974,0.0806,0.1637
"770",0.1477,0.249,0.0867,0.0349,0.172,0.3095
"771",0.0417,0.5501,0,0.1845,0,0.2236
"772",0.2108,0.2862,0.0772,0.1916,0.0606,0.1735
"773",0.4896,0.1376,0.018,0,0.324,0.0308
"774",0.2476,0.4257,0.0036,0.0976,0,0.2254
"775",0,0.3311,0,8e-04,0.6681,0
"776",0.1591,0.0298,0.368,0.278,0,0.1651
"777",0.1503,0.1616,0.0541,0.2357,0.2261,0.1721
"778",0.1811,0.103,0.3003,0.1333,0,0.2822
"779",0.0789,0.0046,0.2742,0.3078,0.1708,0.1637
"780",0.1709,0.2912,0.146,0.3919,0,0
"781",0.1432,0.2044,0.2194,0.3215,0,0.1116
"782",0.2232,0.1961,0.0527,0.13,0.1573,0.2407
"783",0.0685,0.0658,0.1988,0.2959,0.1148,0.2561
"784",0.077,0.1344,0.2333,0.2134,0.1919,0.1499
"785",0.1997,0.2261,0.1074,0.2605,0,0.2062
"786",0.1505,0,0.1778,0.1998,0.0769,0.3949
"787",0.13,0.0262,0.2105,0.2873,0.1057,0.2402
"788",0,0,0.2459,0.2494,0.1891,0.3157
"789",0.0905,0.1852,0.0837,0.0968,0.2419,0.3019
"790",0.2197,0.008,0.217,0.1547,0.1682,0.2325
"791",0,0.123,0.3252,0.2203,0,0.3315
"792",0.0896,0.341,0.3247,0.2125,0,0.0323
"793",0.1817,0.2013,0.2104,0.2244,0.1499,0.0323
"794",0.2676,0.238,0.0867,0.1778,0,0.2299
"795",0.6125,0.0598,0.0157,0.064,0.248,0
"796",0.2418,0.0036,0.2414,0.1786,0.1027,0.2319
"797",0.4411,0.244,0.0554,0,0.0327,0.2269
"798",0.0182,0.1001,0.1246,0.1432,0.2364,0.3775
"799",0.2697,0,0.0797,0,0.0396,0.611
"800",0,0.2744,0.1312,0.2417,0.195,0.1577
"801",0,0.3628,0.2614,0.2757,0.013,0.0871
"802",0.0826,0.0725,0.2838,0.2917,0.1964,0.073
"803",0.1778,0.0762,0.2134,0.1577,0.1934,0.1815
"804",0.4429,0.1146,0,0,0.4099,0.0325
"805",0,0.4294,0.2335,0.2655,0,0.0716
"806",0.1325,0.2094,0.1405,0.2262,0.0072,0.2841
"807",0,0.0655,0.3918,0.3564,0.1193,0.067
"808",0.0462,0.4041,0.0518,0.1742,0.2681,0.0556
"809",0.2557,0,0.1644,0.0545,0.2258,0.2997
"810",0,0.0667,0.2905,0.2839,0.1194,0.2394
"811",0.1191,0.1025,0.212,0.2479,0.1208,0.1976
"812",0,0.1551,0.1673,0.3312,0.217,0.1294
"813",0.2765,0.0113,0.1783,0.2376,0.083,0.2133
"814",0.0717,0.3299,0.0505,0.2676,0.161,0.1192
"815",0.2594,0.1052,0.2154,0.1482,0.2176,0.0542
"816",0.174,0.2611,0.2685,0.1842,0,0.1122
"817",0.2437,0.0422,0.1857,0.1544,0.1408,0.2331
"818",0,0.0107,0.1885,0.2278,0.4226,0.1504
"819",0.2489,0.0238,0.2837,0.2761,0.0211,0.1463
"820",0.2766,0,0.2443,0.1874,0,0.2918
"821",0.4296,0.0504,0.1375,0.3826,0,0
"822",0.4395,0.1366,0,0.0033,0.0014,0.4192
"823",0.2403,0.2623,0.1748,0.1285,0.022,0.172
"824",0.0185,0.1493,0.278,0.1787,0.1587,0.2167
"825",0.1411,0.1609,0.2794,0.1287,0.2148,0.0751
"826",0.0322,0.2313,0.1164,0.0677,0.2893,0.2633
"827",0.2585,0,0.309,0.1313,0.0162,0.2851
"828",0,0.443,0.2117,0.1884,0.0684,0.0886
"829",0.188,0.2345,0.2171,0.2046,0.1249,0.0309
"830",0,0.2341,0.2491,0.221,0.1046,0.1913
"831",0.0341,0.1455,0.2193,0.1508,0.251,0.1993
"832",0.3457,0.1283,0.2164,0.1673,0,0.1423
"833",0.1351,0.3338,0.0524,0.2391,0,0.2396
"834",0.2665,0.007,0.1735,0.0435,0.201,0.3085
"835",0.056,0.1991,0.1893,0.306,0.1798,0.0699
"836",0.1379,0.1115,0.0671,0.313,0,0.3704
"837",0.2864,0.2963,0.0144,0.209,0,0.1939
"838",0.1919,0.2605,0.2023,0.196,0,0.1492
"839",0.1873,0.1232,0.1786,0.2482,0,0.2627
"840",0.1925,0.2241,0.1098,0.1639,0.2452,0.0645
"841",0.0018,0.3031,0.312,0.1442,0,0.2388
"842",0.1515,0,0,0.0336,0.3727,0.4422
"843",0,0.2352,0.2604,0.2801,0.0455,0.1788
"844",0.2595,0.2815,0.0134,0.1883,0.0098,0.2475
"845",0.0489,0.2799,0.2336,0.3649,0,0.0727
"846",0.2617,0.2227,0.0678,0.1836,0,0.2642
"847",0.0245,0.1953,0.1941,0.1414,0.1448,0.2999
"848",0.0161,0,0.022,0.1541,0.4977,0.3101
"849",0.2402,0.1583,0.2671,0.1888,0,0.1455
"850",0.2088,0.1461,0.2238,0.2384,0.0058,0.1771
"851",0.3306,0.1572,0,0.0189,0.2445,0.2489
"852",0.1037,0.2564,0.1762,0.2281,0.1533,0.0822
"853",0.1804,0.201,0.163,0.1123,0.0881,0.2551
"854",0.1664,0.1704,0.222,0.3091,0.0687,0.0634
"855",0.0162,0.0597,0.129,0.3217,0.2954,0.178
"856",0,0.3329,0.2053,0.214,0.2478,0
"857",0,0.354,0.0307,0.1936,0.213,0.2087
"858",0,0.1623,0.2242,0.199,0.1552,0.2593
"859",0.2344,0,0.2501,0.1249,0.1934,0.1971
"860",0.0494,0.0628,0.1312,0.2332,0.242,0.2814
"861",0.048,0.2155,0.2591,0.3014,0.0659,0.1101
"862",0.413,0.2541,0.0124,0,0,0.3205
"863",0.2425,0,0.272,0.3239,0.1431,0.0185
"864",0.0739,0.2191,0.1837,0.2518,0.1254,0.146
"865",0.1056,0,0.2786,0.2633,0.1445,0.208
"866",0.2547,0.328,0.1973,0.1639,0,0.0561
"867",0.1309,0.1547,0.0132,0.0602,0.3461,0.295
"868",0.2385,0.0218,0.062,0.1067,0.2631,0.3079
"869",0.2545,0.4453,0.1134,0.1138,0,0.073
"870",0.0394,0.2258,0.3612,0.3151,0,0.0585
"871",0.224,0.2212,0.1994,0.0634,0.1714,0.1207
"872",0.2429,0.2008,0.1041,0.2327,0.035,0.1845
"873",0.1377,0.0495,0.1456,0.1726,0.1121,0.3826
"874",0.1931,0,0.1657,0.1057,0.2042,0.3313
"875",0.2287,0.2432,0.0994,0.0344,0.0046,0.3898
"876",0,0.0506,0.2885,0.2706,0.1609,0.2294
"877",0.0468,0.35,0.1891,0.2363,0.0627,0.115
"878",0.2004,0.229,0.1186,0.2381,0.114,0.1
"879",0,0.1093,0.239,0.2334,0.1574,0.2609
"880",0,0.3699,0.2406,0.2734,0,0.1161
"881",0.0281,0.3146,0.1369,0.232,0.229,0.0594
"882",0.2296,0.2854,0.1807,0.1447,0.1078,0.0517
"883",0.0164,0.3041,0.3153,0.2691,0,0.0951
"884",0.0563,0.1483,0.2881,0.1293,0.1191,0.2589
"885",0.26,0.0061,0.268,0.1238,0.0595,0.2826
"886",0.0821,0.1564,0.2254,0.2385,0.0807,0.2168
"887",0.0088,0.3807,0.0987,0.0607,0.3351,0.1159
"888",0.0957,0.0706,0.3245,0.2337,0.1617,0.1139
"889",0.2803,0.0739,0.3036,0.2486,0.0396,0.0541
"890",0.1474,0.0419,0.1947,0.2256,0.1456,0.2447
"891",0.0453,0.3141,0.2869,0.3384,0.004,0.0112
"892",0,0.3243,0.2916,0.2203,0,0.1638
"893",0.0645,0.0451,0.1506,0.2638,0.238,0.238
"894",0.3659,0.0394,0.135,0.2997,0,0.16
"895",0.1501,0.2907,0.1989,0.1298,0.0083,0.2222
"896",0.2555,0.1357,0.2951,0.3093,0,0.0043
"897",0.3068,0.3523,0.0237,0.0804,0.0679,0.169
"898",0.1538,0.257,0.098,0.1006,0.1961,0.1944
"899",0,0.2633,0.2902,0.2404,0,0.2061
"900",0.0453,0.135,0.236,0.2884,0,0.2953
"901",0.0302,0.0561,0.3237,0.2255,0.0762,0.2883
"902",0.0225,0.2769,2e-04,0,0.0879,0.6124
"903",0.4648,0.2998,0.1327,0.1027,0,0
"904",0.0605,0,0.3975,0.1558,0.3863,0
"905",0,0.6419,0,0.0375,0.1937,0.1269
