"","neu","NK","CD4","CD8","B","mono"
"0",0.3004,0,0.1855,0.0085,0.1179,0.3877
"1",0.262,0.1173,0.1935,0.2845,0,0.1426
"2",0.253,0.1987,0.197,0.0665,0.154,0.1308
"3",0.264,0.2617,0.043,0.2175,0,0.2139
"4",0.2913,0.0824,0.1768,0.1892,0.1069,0.1535
"5",0,0.1655,0.1896,0.2568,0.1422,0.2459
"6",0.2331,0.3136,0.0678,0.1606,0,0.2249
"7",0.2756,0,0.2522,0.1387,0.072,0.2615
"8",0.1873,0.1221,0.3726,0.2521,0.0169,0.0491
"9",0,0,0.1502,0.0216,0.2775,0.5507
"10",0.0309,0.3282,0.3333,0.2746,9e-04,0.0321
"11",0.1662,0.3383,0.2029,0.2201,0.0725,0
"12",0.1748,0.0409,0.2467,0.2623,0.1084,0.1669
"13",0,0.214,0.3409,0.1598,0,0.2853
"14",0.1084,0.2119,0.2648,0.1439,0.1712,0.0999
"15",0.0355,0.0522,0.3654,0.4013,0,0.1456
"16",0.2382,0.1329,0.1391,0.2445,0,0.2453
"17",0.0614,0.1852,0.2081,0.2619,0.1673,0.1162
"18",0.0119,0.0061,0.2954,0.2282,0.0806,0.3777
"19",0.226,0.1653,0.3054,0.148,0.0991,0.0563
"20",0.2187,0.2838,0.0405,0.2351,0.1227,0.0993
"21",0.2301,0.1816,0.1917,0.1113,0,0.2853
"22",0,0.2615,0.2226,0.3298,0,0.1861
"23",0.0055,0.2998,0.2701,0.0811,0.2815,0.062
"24",0.2706,0.1408,0.2318,0.0804,0.0592,0.2172
"25",0.1213,0,0.213,0.214,0.1965,0.2551
"26",0.0814,0.361,0.0721,0.2003,0.2236,0.0615
"27",0.2212,0.2367,0.2032,0.1765,0.016,0.1464
"28",0,0.2314,0.3345,0.3532,0.0808,0
"29",0.1312,0.1661,0.1198,0.1788,0.1318,0.2723
"30",0.2796,0.1767,0.1468,0.1183,0.1236,0.1549
"31",0.2328,0.1763,0.2215,0.1385,0,0.2309
"32",0.2605,0.0126,0.317,0.2794,0,0.1305
"33",0.0854,0.1896,0.2972,0.1525,0.1446,0.1306
"34",0.0954,0.2926,0.1603,0.192,0.2043,0.0553
"35",0.2929,0.108,0.2161,0.0837,0.0682,0.231
"36",0.2073,0.31,0.1443,0.1599,0.0688,0.1098
"37",0.1901,0,0.2772,0.2486,0.1169,0.1672
"38",0.1194,0.283,0.1427,0.2635,0.0218,0.1695
"39",0.1685,0.2312,0.1431,0.2378,0.1015,0.1179
"40",0.0552,0.1295,0.2553,0.5075,0,0.0524
"41",0.2054,0.2243,0.2131,0.2758,0.073,0.0083
"42",0.1793,0,0.1346,0.152,0.295,0.2391
"43",0.2896,0.286,0.0089,0.157,0.0409,0.2176
"44",0.4129,0,0.0138,0,0.1718,0.4015
"45",0.572,0,0.1974,0,0,0.2306
"46",0.1608,0.2167,0.2307,0.1915,0,0.2003
"47",0.1761,0.1093,0.1347,0.2752,0.0027,0.3021
"48",0.2929,0.0758,0.2336,0.1552,0.2241,0.0183
"49",0,0.3034,0.1651,0.1621,0.2501,0.1193
"50",0.2076,0.2673,0.1252,0.2114,0.1885,0
"51",0.1448,0.2095,0.0594,0.1576,0.1972,0.2316
"52",0.1014,0.0489,0.3125,0.2999,0.2,0.0373
"53",0.0905,0.0528,0.3071,0.2215,0.1542,0.1738
"54",0.0986,0.1406,0.139,0.3111,0.152,0.1586
"55",0.3167,0.3098,0.0579,0.0522,0,0.2633
"56",0.1404,0.2428,0.1349,0.1335,0.1198,0.2287
"57",0.2299,0,0.3751,0.2557,0,0.1393
"58",0.0261,0.1964,0.1627,0.1833,0.1442,0.2872
"59",0.179,0.2001,0.2361,0.2211,0.1058,0.0578
"60",0.1669,0,0.2428,0.3341,0.08,0.1762
"61",0.4086,0.2714,0.0834,0.2366,0,0
"62",0.0929,0,0.2622,0.1565,0.2098,0.2786
"63",0.2133,0.2617,0.3062,0.2187,0,0
"64",0.1467,0.2583,0.0855,0.1557,0.1942,0.1596
"65",0.1387,0.2232,0.0982,0.115,0.2198,0.2051
"66",0.2299,0.0872,0.1108,0.1658,0.2381,0.1682
"67",0.1457,0.1024,0.2724,0.3222,0,0.1574
"68",0.1814,0.3018,0.1613,0.1716,0.0188,0.1651
"69",0.4063,0.3821,0,0.1909,0,0.0208
"70",0,0.3363,0,0.0395,0.4061,0.2181
"71",0.1273,0.253,0.2107,0.2608,0.0482,0.1
"72",0.2559,0.2158,0.0768,0.0542,0.1285,0.2687
"73",0.1952,0.1227,0.2655,0.124,0,0.2925
"74",0.0551,0.0609,0.2277,0.2984,0,0.3579
"75",0.1732,0.1562,0.1742,0.0647,0.3165,0.1152
"76",0.0628,0.1684,0.2241,0.247,0.1806,0.117
"77",0,0.3207,0.1198,0.0865,0.0484,0.4247
"78",0.1346,0,0.2956,0.0237,0.2284,0.3177
"79",0.2844,0.1772,0.1389,0.1546,0.2038,0.0411
"80",0.244,0.1634,0.2601,0.2697,0,0.0627
"81",0.0798,0.1959,0.1832,0.0692,0.2998,0.1722
"82",0,0.0458,0.2852,0.2251,0.2336,0.2103
"83",0.1357,0.1401,0.2426,0.2961,0.1591,0.0264
"84",0.1023,0.3267,0.1159,0.2592,0.0933,0.1025
"85",0,0.0144,0.3405,0.3848,0.2603,0
"86",0.6753,0.1505,0.027,0,0,0.1472
"87",0.2697,0.352,0.0163,0.1777,0.0736,0.1107
"88",0.1877,0.0015,0.2146,0.1903,0.2798,0.1262
"89",0.3498,0.0744,0.0534,0.2351,0,0.2874
"90",0.4376,0.0924,0.1053,0.1447,0.0967,0.1233
"91",0.0169,0.1656,0.1371,0.108,0,0.5723
"92",0.2074,0.0049,0.2474,0.4642,0,0.0761
"93",0,0.4294,0.0503,0.1321,0.2932,0.0951
"94",0.148,0.0675,0.3798,0.4047,0,0
"95",0,0.313,0.2362,0.292,0.1196,0.0392
"96",0,0.2527,0.3158,0.2817,0.1017,0.0481
"97",0.1606,0.156,0.2111,0.2651,0.0458,0.1615
"98",0.1943,0.2392,0.1369,0.1791,0.0118,0.2387
"99",0.2592,0.222,0.1262,0.0982,0.1272,0.1672
"100",0,0.2581,0.1709,0.1401,0.1894,0.2415
"101",0.0666,0.0116,0.1929,0.275,0.1416,0.3123
"102",0.1574,0.2209,0.2198,0.1579,0.1447,0.0993
"103",0.0015,0.1123,0.3165,0.256,0.1503,0.1633
"104",0.1711,0.2968,0.1411,0.0369,0.0579,0.2963
"105",0.0522,0.2547,0.0797,0.3091,0.0048,0.2994
"106",0,0.0959,0.4056,0.3714,0.1014,0.0258
"107",0.3904,0.0017,0.3708,0.1451,0,0.092
"108",0.057,0.3496,0.2886,0.3047,0,0
"109",0.1833,0.284,0.0531,0.0392,0.3552,0.0851
"110",0,0.3711,0.2467,0.2351,0.0258,0.1214
"111",0.2663,0.2106,0.1322,0.0709,0,0.32
"112",0.2222,0.1324,0.0991,0.3094,0.1131,0.1237
"113",0.0445,0.2789,0.0943,0.2308,0.1685,0.183
"114",0.0551,0.2989,0.2203,0.1877,0.0704,0.1676
"115",0.0659,0.0738,0.3015,0.3297,0.0403,0.1888
"116",0,0.1228,0.2931,0.377,0,0.207
"117",0.0192,0.1799,0.2299,0.2681,0,0.3029
"118",0.1023,0.0058,0.2781,0.256,0.1817,0.176
"119",0.0658,0.4038,0.1194,0.2271,0.103,0.0809
"120",0.1057,0.2193,0.2003,0.3174,0.1573,0
"121",0.324,0.2335,0.0314,0.2256,0,0.1856
"122",0.1273,0.157,0.2754,0.2463,0.0221,0.172
"123",0.345,0.1455,0.2485,0.101,0,0.1601
"124",0.103,0,0.4185,0.2982,0,0.1804
"125",0.2406,0.2857,0.2889,0.1178,0.0671,0
"126",0.3529,0,0.396,0.2064,0.0422,0.0025
"127",0.2377,0.1304,0.1704,0.2597,0,0.2018
"128",0.1283,0.198,0.1016,0.2188,0.1291,0.2242
"129",0.2751,0.0381,0.2078,0.2647,0,0.2144
"130",0.2029,0.0212,0.3894,0.3013,0,0.0852
"131",0.4527,0.0236,0.0741,0,0,0.4497
"132",0.1607,0.0177,0.2949,0.1875,0.2048,0.1345
"133",0.256,0.1458,0.1876,0.0754,0.142,0.1933
"134",0.3686,0.1673,0.0857,0.2471,0,0.1314
"135",0.0522,0.2404,0,0,0.2474,0.46
"136",0.1844,0.2159,0.1571,0.1735,0.1441,0.1251
"137",0.1788,0.2643,0.0633,0.1643,0.257,0.0723
"138",0.3981,0.044,0.3709,0.121,0,0.066
"139",0.3337,0.4007,0.1119,0.1537,0,0
"140",0.6385,0,0.0297,0.0759,0,0.2559
"141",0.3584,0.0683,0.0205,0.0339,0.2567,0.2621
"142",0.189,0.0238,0.3334,0.2493,0.2002,0.0043
"143",0.2967,0.2531,0.1039,0.2919,0,0.0545
"144",0.3703,0.3323,0,0.0306,0,0.2668
"145",0.2008,0.0699,0.1139,0.308,0.1286,0.1787
"146",0.1408,0.3043,0.0335,0.0404,0.2158,0.2652
"147",0.2115,0.1764,0.2338,0.1442,0,0.2341
"148",0.3264,0.1122,0.1051,0.2164,0.1207,0.1191
"149",0.0805,0.0262,0.2863,0.1262,0.1729,0.3078
"150",0.1618,0.2231,0.1953,0.3474,0,0.0723
"151",0.0248,0.3049,0.1705,0.3298,0.0981,0.072
"152",0.177,0.1727,0.1593,0.1686,0.117,0.2053
"153",0.1409,0.1591,0.0743,0.3101,0.219,0.0966
"154",0.1486,0.1641,0.0829,0.3003,0.27,0.0341
"155",0.1703,0.1115,0.0273,0.1812,0.2561,0.2535
"156",0.0595,0.1098,0.2776,0.3021,0.1376,0.1134
"157",0.1673,0.0701,0.322,0.2647,0.0479,0.128
"158",0.1334,0.235,0.2065,0.2283,0,0.1967
"159",0.2576,0.2529,0.2445,0.1249,0.1201,0
"160",0.0391,0.1483,0.2391,0.2946,0.2789,0
"161",0,0.2592,0.1303,0.3325,0.278,0
"162",0,0.4274,0,0.0354,0.3717,0.1656
"163",0.5693,0.1735,0.0899,0.0343,0,0.1329
"164",0.1249,0.1924,0.3154,0.2696,0.0379,0.0598
"165",0.0685,0.0876,0.2364,0.2061,0.1551,0.2463
"166",0.3079,0.3232,0,0.0179,0.1059,0.2451
"167",0.011,0.0935,0.4501,0.175,0.1513,0.1191
"168",0.3532,0.252,0.2046,0.1031,0,0.087
"169",0.2121,0,0.318,0.1317,0.0446,0.2937
"170",0.0479,0.0376,0.2464,0.2971,0.2321,0.1389
"171",0.0878,0.1248,0.2471,0.1763,0,0.364
"172",0,0.117,0.0869,0.2982,0.2754,0.2225
"173",0.2637,0.1652,0.0937,0.0486,0.1112,0.3177
"174",0.0582,0.2657,0,0.0871,0.221,0.368
"175",0.1704,0.0894,0.2788,0.2963,0,0.1651
"176",0.1424,0.2102,0.1421,0.2492,0.0461,0.21
"177",0,0.2024,0.0985,0.1103,0.481,0.1079
"178",0.2496,0,0.274,0.1311,0.3076,0.0378
"179",0,0.2976,0.0398,0.1202,0.2142,0.3282
"180",0.1387,0.1748,0.2803,0.2958,0,0.1105
"181",0.1828,0.2714,0.1883,0.0734,0.0064,0.2777
"182",0.0948,0.1124,0.2697,0.2672,0.1937,0.0621
"183",0.0025,0.3067,0.236,0.1738,0.0115,0.2695
"184",0.5653,0.0552,0.007,0.1253,0,0.2472
"185",0.2031,0,0.2467,0.1622,0.1924,0.1956
"186",0.05,0.4447,0.1722,0.2963,0.0368,0
"187",0.2749,0.0513,0.3251,0.2275,0,0.1212
"188",0.1468,0,0.1743,0.2149,0.1685,0.2954
"189",0.1044,0.2896,0.0816,0.2803,0,0.2441
"190",0.0081,0,0.3371,0.3306,0,0.3242
"191",0.0665,0.2751,0.1194,0.2661,0,0.273
"192",0.0904,0.1219,0.2135,0.2401,0.1156,0.2184
"193",0.263,0,0.2727,0.1767,0.2208,0.0668
"194",0.2466,0.1685,0.1419,0.1005,0.1024,0.24
"195",0.7463,0.164,0,0,0.06,0.0297
"196",0,0.2975,0.125,0.1025,0.1533,0.3218
"197",0.2689,0,0.1283,0.122,0.2436,0.2372
"198",0.1209,0.1697,0.032,0.0517,0.2514,0.3744
"199",0.4282,0.1799,0,0.1142,0.1425,0.1352
"200",0,0.2691,0.2715,0.2797,0.085,0.0947
"201",0.0064,0.145,0.3243,0.3168,0.1235,0.0839
"202",0.015,0.2994,0.0052,0.1653,0.3563,0.1588
"203",0.1403,0.1386,0.3178,0.1358,0,0.2676
"204",0.1938,0.2148,0.07,0.2028,0.0912,0.2273
"205",0.1452,0.3214,0.028,0.2419,0.2489,0.0146
"206",0.0578,0.3582,0.2188,0.1901,0.0661,0.1091
"207",0.2706,0.0234,0.3174,0.2561,0.0297,0.1027
"208",0.2998,0,0.2923,0.0856,0,0.3223
"209",0.2194,0.3291,0,0,0.2712,0.1803
"210",0.0645,0.1671,0.1687,0.2217,0.2678,0.1101
"211",0.0291,0.1994,0.2937,0.2786,0.0568,0.1424
"212",0.0638,0.1476,0.2874,0.3076,0.1485,0.0452
"213",0.3159,0.1052,0.198,0.2699,0.0082,0.1029
"214",0.169,0.0593,0.1842,0.071,0.3441,0.1724
"215",0.3427,0.1438,0.1725,0.0752,0.2658,0
"216",0.2209,0.2753,0.323,0.1124,0.0418,0.0266
"217",0.2484,0,0.3955,0.1586,0,0.1975
"218",0.2715,0.0314,0.2018,0.1889,0.1508,0.1556
"219",0.1127,0.1637,0.1846,0.2634,0.1447,0.1308
"220",0.1893,0.208,0.0792,0.1491,0.142,0.2325
"221",0.1935,0.0232,0.227,0.1723,0.2211,0.1629
"222",0.2186,0.0358,0.2042,0.194,0.1968,0.1506
"223",0.3537,0.1073,0.065,0.2117,0,0.2623
"224",0,0.1812,0.2703,0.1808,0.1171,0.2506
"225",0,0.6039,0,0.0677,0.3284,0
"226",0.3175,0.1292,0.1429,0.0678,0.1945,0.1481
"227",0.2262,0.027,0.1854,0.3051,0.2254,0.0309
"228",0.0875,0,0,0.1149,0.5752,0.2224
"229",0.0438,0.1283,0.2594,0.2624,0.1063,0.1997
"230",0.0793,0.1757,0.238,0.2272,0.0973,0.1826
"231",0.1939,0.0416,0.3804,0.3617,0,0.0224
"232",0.0416,0.0378,0.3402,0.3863,0,0.1941
"233",0.0781,0.2263,0.117,0.1353,0.175,0.2684
"234",0.0535,0,0,0.0657,0.5016,0.3793
"235",0.0774,0.3315,0.0916,0.2009,0.2897,0.009
"236",0.1119,0.0809,0.2406,0.1435,0.0195,0.4036
"237",0.1717,0.0363,0.2147,0.1825,0.1592,0.2356
"238",0.2712,0.2709,0.1836,0.1187,0.1556,0
"239",0,0.0711,0.191,0.3186,0.2203,0.1992
"240",0.2095,0.1274,0.1195,0.1283,0.0872,0.328
"241",0.1887,0,0.2409,0.0955,0.2694,0.2055
"242",0.0102,0.2486,0.1523,0.2877,0.139,0.1622
"243",0.1754,0.179,0.2307,0.2764,0.1152,0.0232
"244",0.2633,0.1766,0.019,0.1106,0,0.4305
"245",0.0774,0,0.2263,0.1262,0.2778,0.2922
"246",0.3253,0.0362,0.3543,0.2285,0,0.0557
"247",0.1632,0.231,0.2267,0.1699,0.2017,0.0075
"248",0,0,0.1817,0.3956,0.4068,0.0158
"249",0.2062,0.0744,0.2114,0.1967,0.0615,0.2499
"250",0.1194,0.1111,0.2612,0.2135,0.0511,0.2437
"251",0.0799,0.1047,0.0742,0.2609,0.3765,0.1037
"252",0.1248,0.2054,0.2412,0.2559,0.0344,0.1382
"253",0,0.222,0.315,0.1053,0.3577,0
"254",0,0.1475,0.2096,0.3834,0.0394,0.2202
"255",0.2684,0,0.2389,0.0892,0.214,0.1895
"256",0.3953,0,0.1219,0.0866,0,0.3963
"257",0.1707,0.2535,0.2812,0.2947,0,0
"258",0.2907,0,0.2553,0.0501,0.1742,0.2297
"259",0.0422,0.1567,0.17,0.2488,0.179,0.2033
"260",0.0581,0.1934,0.2342,0.2168,0.2169,0.0806
"261",0.1974,0.2482,0.2579,0.2307,0.0018,0.064
"262",0.2911,0.4906,0,0.2183,0,0
"263",0.0372,0.2163,0.3273,0.2929,0.0164,0.11
"264",0.2135,0,0.2085,0.1167,0,0.4613
"265",0.2352,0,0.2855,0.2602,0.2114,0.0077
"266",0,0.5251,0.1279,0.347,0,0
"267",0.2581,0.036,0.1039,0.0704,0.3428,0.1888
"268",0.3945,0.0328,0.154,0.119,0.0688,0.2309
"269",0.1719,0.2657,0.09,0.2356,0.0726,0.1641
"270",0.0389,0,0.3213,0.167,0,0.4728
"271",0.1961,0.2863,0.2628,0.1741,0.055,0.0256
"272",0.2144,0.3475,0.049,0.1778,0,0.2113
"273",0.0125,0.2415,0.248,0.3607,0,0.1372
"274",0,0.3161,0.2254,0.3308,0.0064,0.1213
"275",0.0459,0.1691,0.2553,0.251,0.0573,0.2214
"276",0.1419,0.2861,0.1815,0.3433,0.0399,0.0074
"277",0.1029,0.1872,0.315,0.3288,0,0.0662
"278",0,0.2336,0.2024,0.3069,0.0336,0.2234
"279",0.4129,0.2162,0,0.0627,0.2349,0.0733
"280",0.1979,0.1192,0.2584,0.0529,0.2318,0.1397
"281",0.2496,0.3062,0.0837,0.1315,0.191,0.038
"282",0.0037,0.2375,0.2309,0.1254,0.1669,0.2356
"283",0.4086,0.3251,0,0.1158,0.0908,0.0597
"284",0,0.125,0.3112,0.2598,0.1834,0.1207
"285",0.2665,0.0772,0.0989,0.2677,0.018,0.2716
"286",0.1479,0.3093,0.1803,0.1943,0,0.1682
"287",0.1998,0.1956,0.1869,0.0447,0.2096,0.1633
"288",0.209,0.2367,0.1067,0.0983,0.1165,0.2327
"289",0.1518,0.0837,0.2316,0.1579,0.1704,0.2046
"290",0.2236,0,0.2787,0.1113,0,0.3864
"291",0.0557,0.2114,0.3748,0.2221,0,0.1361
"292",0.3187,0,0.1117,0.249,0.136,0.1847
"293",0.1246,0.0456,0.346,0.2668,0,0.217
"294",0.2168,0.2634,0.1653,0.2695,0,0.0849
"295",0.0204,0.3271,0.2166,0.3459,0,0.0901
"296",0.1636,0.2134,0.0728,0.3346,0.1764,0.0392
"297",0.198,0.1223,0.1745,0.2195,0.1291,0.1566
"298",0,0.2465,0.295,0.1272,0.1177,0.2136
"299",0.1432,0.1571,0.1452,0.2938,0.0295,0.2311
"300",0,0,0.4372,0.3819,0.0206,0.1603
"301",0.1374,0.0999,0.1176,0.2439,0,0.4013
"302",0.192,0.1983,0.0314,0.1054,0.1729,0.3
"303",0.0321,0.2802,0.2331,0.2332,0.2052,0.0162
"304",0.0453,0.4743,0.0675,0.3146,0,0.0983
"305",0,0,0.3215,0.3021,0.3095,0.0668
"306",0.1513,0.4242,0.0176,0.1374,0.21,0.0595
"307",0,0.2733,0.2382,0.2439,0.1931,0.0515
"308",0.0233,0.2217,0.2747,0.2468,0,0.2334
"309",0.199,0.3812,0.1,0.2352,0,0.0846
"310",0.0978,0.194,0.0671,0.2471,0,0.394
"311",0.1276,0.2554,0.1144,0.1808,0,0.3218
"312",0.1767,0.3938,0,0.1856,0.2439,0
"313",0.1078,0.1889,0.216,0.2883,0.0934,0.1056
"314",0.0806,0.1746,0.2071,0.2182,0.1349,0.1846
"315",0.2614,0.0327,0.1603,0.3593,0.1575,0.0288
"316",0.3398,0,0.2655,0.2736,0.072,0.049
"317",0,0.3709,0.0326,0.298,0.1482,0.1503
"318",0.0965,0.0805,0.2522,0.1974,0.1843,0.189
"319",0.3513,0.441,0,0,0,0.2077
"320",0,0.4571,0.0558,0.0672,0.4199,0
"321",0.2293,0.1592,0.1135,0.1798,0.0875,0.2306
"322",0.1141,0.1663,0.148,0.3067,0.1037,0.1612
"323",0.1767,0.2408,0.1501,0.2432,0.1374,0.0518
"324",0,0.1544,0.3097,0.3665,0.026,0.1433
"325",0.037,0,0.2894,0.0412,0.4299,0.2024
"326",0.0755,0.0015,0.5719,0.193,0.048,0.1101
"327",0,0.5184,0,0.0093,0,0.4723
"328",0.0755,0.4326,0.2953,0.1352,0,0.0613
"329",0.2369,0.0068,0.0846,0.1481,0.301,0.2226
"330",0.2538,0.1239,0.2922,0.1564,0,0.1737
"331",0,0.1423,0.17,0.2162,0.2221,0.2494
"332",0.0577,0.1435,0.317,0.1668,0.0523,0.2627
"333",0.3087,0.0504,0.2649,0.1651,0,0.2108
"334",0,0.1545,0.1702,0.3322,0.2592,0.084
"335",0.137,0.1052,0.144,0.3264,0.1015,0.186
"336",0.1481,0.1595,0.078,0.2136,0.2336,0.1673
"337",0.1305,0.2226,0.2237,0.1702,0.0448,0.2083
"338",0.3777,0.0994,0.0329,0.2191,0.1066,0.1644
"339",0.3257,0.0715,0.0597,0.1432,0.0802,0.3196
"340",0.0343,0.0958,0.2729,0.278,0.0685,0.2506
"341",0.0836,0.1939,0.3554,0.1116,0.0045,0.251
"342",0.2112,0.1187,0.2442,0.1677,0.066,0.1923
"343",0.2766,0.2974,0.0977,0.3041,0,0.0242
"344",0.5012,0.2313,0,0.167,0.1004,0
"345",0.0419,0,0.1182,0.3355,0.5044,0
"346",0.2385,0.1478,0.2127,0.0663,0,0.3347
"347",0.3715,0.2991,0.0382,0.1118,0,0.1794
"348",0.0129,0.1091,0.2912,0.0746,0.232,0.2802
"349",0.1884,0.1882,0.0398,0.2612,0.3224,0
"350",0.1731,0.3267,0.0404,0.1982,0.2301,0.0316
"351",0.556,0,0,0,0,0.444
"352",0.195,0.0258,0.3081,0.1563,0.2485,0.0663
"353",0.3545,0.2712,0.0053,0,0.1805,0.1886
"354",0.0743,0.1545,0.2332,0.2767,0.128,0.1333
"355",0.2283,0.0557,0.1291,0.2798,0,0.3071
"356",0.0283,0.3156,0.1671,0.1941,0,0.2949
"357",0.0458,0,0.1651,0.3244,0.4648,0
"358",0.1994,0.2914,0.1555,0.1533,0.0203,0.1801
"359",0.1173,0.1417,0.2964,0.2984,0.1462,0
"360",0.1165,0.2338,0.0367,0.1286,0.2586,0.2257
"361",0,0.479,0.3751,0.146,0,0
"362",0.1764,0.0929,0.2455,0.2415,0.166,0.0776
"363",0.1164,0.0611,0.2367,0.3246,0.2612,0
"364",0.2225,0.2325,0.091,0.254,0,0.1999
"365",0.1548,0.0824,0.0023,0,0.3618,0.3987
"366",0.3409,0.0854,0.0296,0.0511,0.2156,0.2773
"367",0.1686,0.114,0.1451,0.099,0.1974,0.2759
"368",0,0.1695,0.1748,0.3677,0.0511,0.2368
"369",0,0.3529,0.2411,0.2789,0.1265,6e-04
"370",0,0.429,0.0574,0.1156,0.0216,0.3764
"371",0.0245,0.0072,0.339,0.3499,0,0.2793
"372",0.3782,0.2596,0.1343,0.1638,0.0641,0
"373",0.0998,0.3096,0.2641,0.2227,0.005,0.0988
"374",0,0.326,0.2032,0.2758,0.195,0
"375",0.1106,0.2258,0.1538,0.2294,0,0.2804
"376",0.289,0.1616,0.0927,0.3062,0,0.1505
"377",0.0996,0.0639,0.1913,0.1447,0.2662,0.2344
"378",0.2867,0.1347,0.2691,0.0747,0.2312,0.0037
"379",0.0302,0.013,0.2979,0.4292,0.1103,0.1194
"380",0.0764,0.2138,0.2567,0.2655,0.1387,0.0488
"381",0.0832,0.3505,0.1038,0.3012,0,0.1613
"382",0.1958,0.1153,0.2183,0.2884,0.0181,0.164
"383",0.2145,0,0.2143,0.2344,0.1653,0.1715
"384",0.3059,0.0284,0.4321,0.2331,0,4e-04
"385",0.268,0.2778,0.0434,0.1777,0.0321,0.2009
"386",0.0676,0.2045,0.2961,0.3274,0.1044,0
"387",0,0.171,0.1643,0.1326,0.2731,0.259
"388",0.1888,0.1302,0.2078,0.166,0.3012,0.006
"389",0.2458,0.2064,0.2339,0.179,0.1349,0
"390",0.1827,0.2035,0.0496,0.2537,0.0462,0.2643
"391",0.2669,0.0244,0.3024,0.0768,0.2353,0.0942
"392",0.1865,0.1759,0.1525,0.282,0.0078,0.1953
"393",0.3227,0,0.2403,0.2107,0,0.2264
"394",0.1308,0.1618,0.2689,0.1161,0.2142,0.1083
"395",0.2215,0.1909,0.1351,0.0377,0.2121,0.2027
"396",0.9316,0,0.0684,0,0,0
"397",0.1214,0.3763,0.0494,0.2139,0.1921,0.0469
"398",0,0.3479,0.1803,0.3748,0.0712,0.0258
"399",0.2054,0,0.2198,0.3039,0.1365,0.1344
"400",0.1919,0.1515,0.324,0.2334,0,0.0992
"401",0.0086,0.2518,0.3024,0.1599,0.0566,0.2207
"402",0.1018,0.0773,0.3766,0.3211,0,0.1232
"403",0.0987,0.2551,0.2365,0.1174,0.1055,0.1868
"404",0,0.1293,0.3097,0.0782,0.3852,0.0976
"405",0,0.3829,0.1248,0.3639,0,0.1284
"406",0.2001,0.0153,0.1263,0.2519,0.2656,0.1408
"407",0.1781,0.2293,0.2201,0.2179,0,0.1546
"408",0.2871,0.0697,0.2258,0.0679,0.3494,0
"409",0.0223,0.2281,0.2094,0.3918,0,0.1484
"410",0.0826,0.3671,0.3602,0.1901,0,0
"411",0.0251,0.3158,0.0658,0.2017,0.1054,0.2863
"412",0.1645,0.0439,0.3348,0.1833,0.1866,0.0869
"413",0,0.0478,0.2389,0.2198,0.2509,0.2426
"414",0.2333,0.011,0.1048,0.3031,0.1164,0.2313
"415",0.23,0.1693,0.2056,0.2529,0,0.1422
"416",0.1777,0.067,0.0912,0.2095,0.1595,0.2952
"417",0.2388,0.0413,0.3119,0.2479,0.1518,0.0081
"418",0,0.0013,0.3492,0.3369,0,0.3126
"419",0.2469,0.0498,0.2418,0.1362,0.0889,0.2364
"420",0.1984,0.3271,0.0438,0.0458,0.2705,0.1145
"421",0.3202,0.4246,0.171,0.062,0.0222,0
"422",0,0.0108,0.0302,0.1462,0.5745,0.2383
"423",0.3202,0.0726,0.2577,0.0481,0.2476,0.0538
"424",0,0.385,0.2386,0.1112,0.0764,0.1888
"425",0.26,0.1765,0.2346,0.1503,0.0302,0.1483
"426",0.1711,0.1278,0.2049,0.1677,0.1797,0.1488
"427",0.1358,0.0313,0.5805,0.1704,0,0.0819
"428",0.1248,0.2337,0.2589,0.2967,0.0496,0.0363
"429",0.1053,0.2663,0.0398,0.2438,0.0464,0.2984
"430",0.3211,0.2498,0.2495,0.0779,0,0.1017
"431",0.2021,0.0773,0.1543,0.1103,0.2142,0.2417
"432",0.2044,0.1149,0.1109,0.2448,0.1175,0.2075
"433",0,0.108,0.3206,0.3131,0.1459,0.1124
"434",0,0.3552,0.069,0.3123,0.1954,0.0682
"435",0.1431,0.28,0.0568,0.2566,0,0.2635
"436",0,0.3144,0.2149,0.1831,0.2876,0
"437",0.2752,0.6597,0,0.0651,0,0
"438",0.2532,0.156,0.0598,0.0957,0.2019,0.2334
"439",0.2799,0.0569,0.1407,0.1818,0.0078,0.3328
"440",0,0.2801,0.0907,0.2807,0.0925,0.256
"441",0.2422,0.0656,0.2308,0.2206,0.0234,0.2174
"442",0.299,0.0253,0.3841,0.1883,0.0249,0.0784
"443",0.1801,0.1553,0.0422,0.2284,0.1711,0.223
"444",0.0139,0.18,0.3203,0.3141,0.0309,0.1407
"445",0.1474,0.1644,0.2623,0.1726,0.1318,0.1215
"446",0.0493,0.439,0.1514,0.337,0,0.0234
"447",0.0292,0.2314,0.283,0.2505,0.1633,0.0426
"448",0.3083,0.2593,0.1604,0.1303,0.0501,0.0916
"449",0.1768,0.0668,0.253,0.2033,0,0.3
"450",0.1139,0.0272,0.0481,0.2819,0.0946,0.4343
"451",0.0052,0.3134,0.1251,0.3181,0.1798,0.0584
"452",0.5499,0.0665,0,0,0.1987,0.1849
"453",0.3478,0,0.0063,0.0466,0.233,0.3662
"454",0.2004,0,0,0,0.5395,0.2601
"455",0.2692,0.0601,0.2767,0.1172,0.1119,0.165
"456",0.1432,0.255,0.1147,0.1311,0.129,0.227
"457",0.3387,0.2231,0.2607,0.0775,0.0867,0.0133
"458",0.0659,0.2696,0.3058,0.2339,0,0.1249
"459",0.0943,0.1693,0.3592,0.2557,0.1215,0
"460",0.2508,0.1755,0.0272,0.0829,0.2428,0.2209
"461",0.1607,0,0.2354,0,0.2833,0.3206
"462",0.2142,0.0011,0.3333,0.1279,0.1956,0.1279
"463",0.1734,0,0.1983,0.1178,0.2226,0.2878
"464",0.3012,0.0841,0,0,0.3057,0.3091
"465",0,0.2406,0.208,0.124,0.2336,0.1937
"466",0,0.288,0.1198,0.2865,0.0913,0.2143
"467",0.3622,0,0,0,0.3943,0.2435
"468",0.2919,0.1386,0.1502,0.2893,0.1286,0.0014
"469",0.2336,0.059,0.1287,0.2541,0.0861,0.2385
"470",0.0462,0.1626,0.2489,0.2649,0.0567,0.2207
"471",0.3023,0.205,0.0028,0.0746,0.1269,0.2884
"472",0.1099,0.2156,0.2415,0.2349,0.0699,0.1281
"473",0.2096,0.1103,0.2035,0.201,0,0.2755
"474",0.0221,0.2654,0.21,0.1999,0.1439,0.1588
"475",0.2158,0.2611,0.0963,0.2255,0,0.2012
"476",0.2494,0,0.2303,0.0907,0.2172,0.2124
"477",0.1219,0.1174,0.4228,0.1853,0.1085,0.044
"478",0.2024,0.2775,0.0469,0.2636,0,0.2095
"479",0.0123,0.1909,0.2305,0.1998,0.2174,0.1491
"480",0.1627,0.1757,0.1708,0.0929,0.0863,0.3116
"481",0,0.1299,0.3064,0.3065,0.2572,0
"482",0,0.0022,0.3788,0.188,0.0984,0.3326
"483",0.0175,0.2487,0.2464,0.2978,0,0.1896
"484",0.1101,0.4463,0.1209,0.1179,0,0.2048
"485",0.1539,0.1904,0.2085,0.146,0.0639,0.2373
"486",0.1975,0.2135,0.0788,0.1674,0.0879,0.2549
"487",0.037,0.2939,0.0866,0.1597,0.1601,0.2627
"488",0.2497,0.1917,0.1668,0.2715,0,0.1204
"489",0.0647,0.1882,0.1433,0.1544,0.1851,0.2643
"490",0.1224,0,0.2648,0.2442,0.0843,0.2844
"491",0,0.2096,0.2383,0.3143,0.1825,0.0553
"492",0,0.2177,0.1067,0.2618,0.2063,0.2075
"493",0.416,0.1086,0.0735,0.2017,0.2003,0
"494",0.1238,0.1,0.3072,0.3033,0.0066,0.1591
"495",0.3733,0.2221,0,0,0.0974,0.3072
"496",0.206,0.1411,0.2178,0.1136,0.0905,0.2309
"497",0.0583,0.2846,0.298,0.3459,0,0.0132
"498",0,0.1096,0.2934,0.1401,0.1936,0.2633
"499",0,0.2822,0.3377,0.1886,0.1915,0
"500",0.2305,0,0.353,0.2223,0.1668,0.0273
"501",0.3198,0,0.3862,0.2599,0,0.034
"502",0,0.2529,0.2506,0.327,0.0512,0.1183
"503",0.1978,0.0624,0.2988,0.3933,0,0.0477
"504",0.3396,0.0912,0.1996,0.2066,0,0.163
"505",0.2091,0.2556,0.1544,0.15,0.0744,0.1565
"506",0.0903,0.058,0.3025,0.2501,0.105,0.1941
"507",0.0676,0.2,0.1313,0.2331,0.3333,0.0348
"508",0,0.3396,0.1344,0.3546,0.0911,0.0803
"509",0.1543,0.1536,0.1897,0.0386,0.2278,0.236
"510",0.0167,0,0.5188,0.2193,0.1682,0.0769
"511",0.0965,0.1757,0.2995,0.2884,0.0174,0.1225
"512",0.1321,0.2486,0.1972,0.2207,0.0514,0.1501
"513",0,0.2433,0.1434,0.2322,0.1883,0.1928
"514",0.032,0.1291,0.2447,0.2498,0.166,0.1785
"515",0.4268,0.1176,0.1793,0.2594,0,0.0168
"516",0.0498,0.3162,0.0974,0.1903,0.0886,0.2577
"517",0.2137,0.0074,0.2478,0.2866,0.0533,0.1912
"518",0,0.0958,0.2239,0.3944,0.1215,0.1645
"519",0.1191,0.1673,0.2568,0.202,0.0139,0.2409
"520",0,0.2153,0.2658,0.2161,0.1197,0.1832
"521",0.2509,0.1519,0.2197,0.235,0,0.1425
"522",0.1259,0.2584,0.1298,0.2501,0.1519,0.0839
"523",0,0.4282,0.2468,0.2583,0,0.0667
"524",0.3511,0.0089,0.0838,0.1434,0.1099,0.3029
"525",0.1681,0.0108,0.1928,0.2898,0.3219,0.0166
"526",0.154,0,0.3149,0.0976,0.1215,0.312
"527",0.4155,0.1918,0.0788,0,0.279,0.0349
"528",0.1032,0,0.4403,0.1084,0.1119,0.2362
"529",0,0.2747,0.1477,0.1866,0.0585,0.3325
"530",0.2658,0.1017,0.2336,0.0991,1e-04,0.2997
"531",0.1441,0.0291,0.0457,0.2078,0.1375,0.4359
"532",0,0.1085,0.2601,0.1472,0.2304,0.2538
"533",0.3578,0,0.3044,0.1773,0.0094,0.1511
"534",0.2981,0.5663,0.0188,0.0095,0,0.1073
"535",0.1907,0.2346,0.235,0.1593,0.0905,0.09
"536",0.3245,0,0.1786,0.3138,0.1832,0
"537",0.0555,0.283,0.2516,0.3184,0.0913,0
"538",0.1812,0.1714,0.3455,0.1168,0.0619,0.1231
"539",0.1529,0.2235,0.2364,0.1159,0.218,0.0533
"540",0.1899,0,0.0666,0.2654,0.1377,0.3404
"541",0,0.3382,0.1089,0.1851,0.0864,0.2815
"542",0.4524,0,0.291,0.0279,0.2105,0.0182
"543",0.5174,0.1433,0.1242,0.1009,0,0.1142
"544",0,0.0833,0.2973,0.2503,0.0603,0.3088
"545",0.1235,0.1139,0.263,0.1395,0.028,0.3322
"546",0,0.1333,0.2279,0.2209,0.1802,0.2377
"547",0,0.2954,0.2305,0.0905,0.2441,0.1396
"548",0.1007,0.1533,0.239,0.0773,0,0.4296
"549",0.2375,0.5068,0,0,0.2557,0
"550",0.1233,0.2943,0.0268,0.0942,0.2271,0.2342
"551",0.2845,0,0.2421,0.3566,0,0.1168
"552",0.1653,0.0943,0.2326,0.2115,0.0891,0.2072
"553",0.3042,0,0.1919,0.3408,0,0.1632
"554",0.0954,0.141,0.3202,0.3294,0.0028,0.1111
"555",0.2568,0.2775,0.07,0.1646,0,0.2311
"556",0,0,0.3858,0.26,0.1571,0.1971
"557",0.2414,0.2094,0.1977,0.0694,0,0.2822
"558",0.0612,0.3711,0.329,0.2387,0,0
"559",0.1616,0,0.3446,0.1603,0.1774,0.1561
"560",0,0.2889,0.1007,0.274,0.232,0.1043
"561",0.3629,0,0.0374,0.1307,0.2894,0.1796
"562",0.2273,0.3202,0.1444,0.0752,0.0145,0.2183
"563",0.1578,0.1763,0.1778,0.0727,0.1831,0.2322
"564",0.6885,0.0054,0,0,0,0.3061
"565",0.1326,0.0152,0,0,0.8522,0
"566",0.0421,0.0145,0.2554,0.2552,0.1876,0.2453
"567",0.3439,0.0322,0.405,0.1339,0.0835,0.0015
"568",0.2267,0,0.1292,0.3926,0.226,0.0255
"569",0.1886,0.2062,0.12,0.0907,0.1183,0.2762
"570",0.1743,0.3053,0.2082,0.2994,0,0.0129
"571",0.2328,0.2449,0.0431,0.1499,0.0127,0.3166
"572",0.2914,0.0823,0.1537,0.1745,0.1125,0.1858
"573",0,0.2836,0.2046,0.1962,0.2134,0.1021
"574",0.0539,0.0434,0.1363,0.356,0.1289,0.2815
"575",0.2141,0.1432,0.2452,0.2114,0,0.1862
"576",0.0789,0.2241,0.1087,0.1478,0.3503,0.0903
"577",0.1174,0.3011,3e-04,0.0155,0.2663,0.2994
"578",0.2637,0.139,0.0749,0.3001,0,0.2223
"579",0.1125,0.2832,0.153,0.0549,0.1424,0.2541
"580",0,0.1829,0.2776,0.3338,0.1838,0.0218
"581",0.1704,0.201,0.1682,0.0499,0.1392,0.2712
"582",0.0447,0.0148,0.2481,0.2968,0.1744,0.2212
"583",0.2963,0.021,0.3618,0.1023,0.1756,0.043
"584",0.1498,0.173,0.1511,0.2463,0.1184,0.1615
"585",0.0298,0.267,0.2781,0.2329,0.1922,0
"586",0.0108,0,0.5145,0.1678,0.0238,0.283
"587",0.4996,0,0.0714,0.2901,0.0154,0.1236
"588",0.1629,0.2977,0.1299,0.1715,0.2046,0.0334
"589",0.0695,0.1114,0.2287,0.2503,0.1692,0.1709
"590",0.1913,0.1445,0.1742,0.2716,0.1178,0.1006
"591",0.2004,0.2493,0.14,0.1033,0.3071,0
"592",0.157,0.5613,0.0674,0.1017,0.1125,0
"593",0.1793,0.0232,0.1388,0.0896,0,0.5691
"594",0.011,0.0625,0.289,0.1101,0.231,0.2964
"595",0.1266,0.1923,0.0868,0.1783,0.1854,0.2306
"596",0.2259,0,0.2583,0.0273,0.0709,0.4176
"597",0.0763,0.1513,0.3272,0.344,0.0478,0.0533
"598",0.5873,0.0084,0.1037,0.1804,0.0945,0.0258
"599",0,0.0094,0.4737,0.3326,0.0148,0.1694
"600",0.1725,0,0.1004,0.1559,0.3004,0.2708
"601",0.1677,0.2442,0.2005,0.1819,0.0748,0.1309
"602",0.2877,0.344,0,0.024,0.0217,0.3227
"603",0.1911,0.3888,0.1169,0.0711,0.0016,0.2306
"604",0.297,0.4449,0.0937,0.1446,0,0.0199
"605",0.1262,0,0.3609,0.2208,0,0.292
"606",0.1967,0.2746,0.0712,0.1332,0.1644,0.1598
"607",0.1863,0.1843,0.3207,0.2615,0,0.0472
"608",0.2346,0.1981,0.1842,0.3339,0.0092,0.0401
"609",0.3286,0.2547,0.0555,0.0945,0,0.2667
"610",0.2596,0.0429,0.2012,0.2739,0.1916,0.0309
"611",0.1638,0.2475,0.162,0.2171,0.124,0.0857
"612",0,0.2879,0.2798,0.3281,0.0679,0.0364
"613",0,0,0.2063,0.3917,0.1681,0.2339
"614",0,0,0.3078,0.2785,0.2152,0.1985
"615",0.2846,0.0705,0.2643,0.2096,0.1058,0.0653
"616",0.0934,0.205,0.1578,0.1994,0.1082,0.2361
"617",0.0457,0.1534,0.321,0.1385,0.2746,0.0668
"618",0.2706,0.0159,0.0804,0.1286,0.161,0.3435
"619",0.0144,0.2798,0.2353,0.3829,0,0.0876
"620",0.1909,0.2968,0.1324,0.1425,0,0.2373
"621",0.2627,0.2371,0.1482,0.1812,0,0.1708
"622",0.1558,0.2451,0.3441,0.1685,0,0.0866
"623",0.118,0.0711,0.3371,0.3028,0.1711,0
"624",0,0.2231,0.3169,0.2143,0.2457,0
"625",0.1493,0.0287,0.2218,0.2744,0.2029,0.1229
"626",0.2429,0,0.2626,0.0893,0.2057,0.1995
"627",0.2151,0.024,0.2614,0.1338,0.2487,0.1171
"628",0.2349,0.1882,0.1081,0.1441,0.2191,0.1056
"629",0,0.1278,0.2513,0.3083,0.1711,0.1416
"630",0.1507,0.1686,0.3183,0.1059,0,0.2566
"631",0.2497,0.1179,0.2047,0.1539,0.049,0.2249
"632",0.0468,0.2252,0.3329,0.2234,0.0393,0.1324
"633",0.1065,0.1317,0.2253,0.1202,0.0973,0.319
"634",0.2576,0.179,0.0366,0.2177,0,0.3091
"635",0.1377,0.414,0.1779,0.1193,0.1034,0.0478
"636",0.1626,0.0861,0.0536,0.2472,0.2906,0.1599
"637",0,0.2936,0.1135,0.2029,0.2219,0.168
"638",0.7191,0.2543,0,0.0266,0,0
"639",0.2084,0.3305,0.0169,0.167,0,0.2771
"640",0.2139,0.2387,0.2228,0.1649,0,0.1597
"641",0.5928,0,0.0481,0,0,0.3591
"642",0.2376,0.1044,0.155,0.0159,0.3025,0.1846
"643",0.1624,0.297,0.1386,0.1046,0.2352,0.0623
"644",0.0891,0.4014,0.1184,0.0704,0.023,0.2978
"645",0.0547,0.2177,0.2741,0.1035,0.0641,0.2859
"646",0.2289,0.3177,0.0341,0.2345,0.1743,0.0104
"647",0.1246,0.1023,0.3031,0.3652,0.0602,0.0446
"648",0.0895,0.3118,0.1541,0.2558,0,0.1888
"649",0.107,0.2772,0.1209,0.1939,0.0537,0.2472
"650",0.2309,0.1045,0.105,0.1763,0.1378,0.2456
"651",0.2582,0.1314,0.1393,0.0766,0.1129,0.2817
"652",0.1951,0.324,0.0937,0.1704,0,0.2169
"653",0,0.0958,0.0557,0.3144,0.2651,0.269
"654",0.1899,0.0584,0.3109,0.2452,0.028,0.1676
"655",0.259,0.2248,0.2199,0.1476,0,0.1487
"656",0.349,0,0.1635,0.3051,0.1824,0
"657",0.1786,0.1159,0.0494,0.2374,0.0921,0.3265
"658",0.4435,0.0878,0.3117,0.1324,0.0167,0.0079
"659",0.2322,0.205,0.1111,0.1747,0,0.277
"660",0.2006,0.1355,0.3254,0.3216,0,0.017
"661",0.1938,0.0516,0.3544,0.2542,0.146,0
"662",0.0972,0.1288,0.1878,0.2296,0.2358,0.1208
"663",0.2115,0.2917,0.0575,0.2634,0.1052,0.0707
"664",0.2827,0.0578,0.2675,0.1516,0,0.2404
"665",0.0089,0.0891,0.2463,0.2708,0.194,0.191
"666",0.2408,0.0887,0.3303,0.1327,0.1623,0.0452
"667",0.4557,0,0.1586,0.1437,0,0.242
"668",0.1824,0.2299,0.2376,0.1828,0.1474,0.0199
"669",0.207,0.2388,0.1807,0.1671,0,0.2064
"670",0,0.521,0.0536,0.3421,0.0833,0
"671",0.1993,0.0168,0.1604,0.173,0.2139,0.2365
"672",0.3355,0.012,0.0702,0.2439,0,0.3384
"673",0.3,0,0.1498,0.0843,0.4259,0.04
"674",0,0.2686,0.2571,0.2946,0.1797,0
"675",0.1406,0.2026,0.109,0.1339,0.1837,0.2302
"676",0.3093,0.07,0.3184,0.2242,0,0.0781
"677",0.1268,0,0.3624,0.0935,0.0207,0.3966
"678",0.022,0.2149,0.2541,0.2682,0.0094,0.2315
"679",0.1188,0.1993,0.1166,0.1052,0.1577,0.3025
"680",0.0553,0.4438,0.1776,0.1911,0,0.1322
"681",0.1724,0.1606,0.2296,0.1494,0,0.2879
"682",0.2158,0.1938,0.1662,0.198,0.0031,0.223
"683",0.2131,0.1166,0.2552,0.2367,0,0.1784
"684",0.1465,0.2074,0.2254,0.1928,0.1295,0.0984
"685",0.2748,0,0.1011,0.1198,0.1991,0.3051
"686",0.3103,0.1014,0.2267,0.1464,0.2153,0
"687",0,0.3678,0.0575,0.1681,0.2315,0.1749
"688",0,0.1015,0.1257,0.261,0.186,0.3258
"689",0.1567,0.1444,0.1362,0.2664,0.1539,0.1423
"690",0.1988,0.2398,0.1728,0.2342,0,0.1544
"691",0,0.3729,0.0092,0.2111,0.1709,0.2359
"692",0.0845,0.0959,0.2805,0.1856,0.1331,0.2204
"693",0.1981,0.2365,0.2345,0.2335,0.0894,0.008
"694",0,0.1947,0.2185,0.256,0.3308,0
"695",0.2136,0.2238,0.0819,0.2484,0,0.2324
"696",0.2909,0.2026,0.2737,0.0804,0,0.1524
"697",0.1164,0.1914,0.2564,0.2299,0.0238,0.1821
"698",0.1206,0.0818,0.0903,0.1816,0.203,0.3226
"699",0,0.0623,0.1171,0.3839,0.3676,0.0692
"700",0.1719,0,0.2267,0.1027,0.0367,0.462
"701",0.9369,0.0606,0,0,0,0.0025
"702",0.0124,0.1497,0.3084,0.286,0.114,0.1296
"703",0.1238,0.2146,0.2637,0.2147,0,0.1832
"704",0.2466,0.0938,0.244,0.2145,0.0978,0.1032
"705",0.3367,0.1378,0.0887,0.0175,0.1098,0.3095
"706",0.0179,0.3638,0.0534,0.329,0,0.2359
"707",0.1321,0.1908,0.1869,0.2892,0,0.201
"708",0.189,0.3113,0.075,0.1297,0,0.295
"709",0.0288,0.1975,0.1739,0.3436,0.0667,0.1896
"710",0.017,0,0.3518,0.2325,0.303,0.0957
"711",0.2207,0.0372,0.3369,0.1729,0.1393,0.093
"712",0.2928,0.0868,0.1392,0.1539,0.0691,0.2583
"713",0.258,0.0183,0.0581,0.2629,0.0164,0.3863
"714",0.1913,0.09,0.209,0.1007,0.2552,0.1538
"715",0.2459,0.3863,0.1802,0.1584,6e-04,0.0286
"716",0.204,0.107,0.2744,0.1637,0,0.2509
"717",0.1603,0.3587,0.1457,0.2402,0,0.0951
"718",0.1246,0.221,0.0697,0.2203,0.1553,0.2092
"719",0.0017,0.1604,0.2628,0.2865,0.1622,0.1264
"720",0.3705,0.3564,0.1214,0.1438,0.0078,0
"721",0.1674,0.1698,0.2559,0.1153,0.0654,0.2261
"722",0,0.3072,0.1037,0.2367,0,0.3524
"723",0.0363,0.1283,0.2874,0.2571,0.1776,0.1133
"724",0.0677,0.084,0.2673,0.346,0,0.235
"725",0,0.3695,0.0371,0.2537,0.23,0.1097
"726",0.1777,0.2753,0.0942,0.1464,0.0773,0.2291
"727",0.2344,0.1789,0,0.0561,0.3454,0.1852
"728",0.0778,0.1631,0.2433,0.2643,0,0.2515
"729",0.2388,0.1705,0.1036,0.2007,0.1552,0.1312
"730",0.0619,0.3696,0.056,0.0413,0.0816,0.3896
"731",0.2506,0.2958,0.1644,0.2085,0.0409,0.0398
"732",0.1129,0.1805,0.0472,0.0873,0.3041,0.2679
"733",0.2135,0.1141,0.1433,0.1941,0.0606,0.2744
"734",0.3289,0,0.0667,0.1385,0.0732,0.3927
"735",0.2536,0.0273,0.2048,0.2049,0.1119,0.1976
"736",0.238,0.1523,0.1565,0.1612,0.1658,0.1262
"737",0.092,0.1289,0.2021,0.2547,0.1345,0.1877
"738",0.3565,0,0.2401,0.1292,0,0.2741
"739",0.2782,0,0.1757,0.2251,0.0576,0.2634
"740",0,0,0.2981,0.2893,0.0985,0.314
"741",0.5256,0.1506,0.2283,0.0514,0,0.0441
"742",0,0.2637,0.2566,0.1831,0.0669,0.2298
"743",0.0293,0.3059,0.2916,0.1152,0.2192,0.0388
"744",0.1522,0.2721,0.2862,0.1839,0.0124,0.0932
"745",0.2212,0.2838,0.1579,0.0656,0.0249,0.2466
"746",0.3517,0.381,0,0.0286,0.2046,0.0341
"747",0.1427,0.2057,0.1426,0.3117,0,0.1972
"748",0.1586,0.1278,0.2183,0.2448,0.1293,0.1213
"749",0.2552,0.2534,0.0227,0.1331,0,0.3356
"750",0.111,0.2848,0.3069,0.2607,0.0366,0
"751",0.065,0.2689,0.1205,0.1941,0.0877,0.2639
"752",0.2159,0.2677,0.2228,0.2162,0,0.0774
"753",0.3097,0.0173,0.255,0.1416,0.2056,0.0708
"754",0.2134,0.2046,0.0289,0.1673,0.0984,0.2873
"755",0.2302,0.2471,0.1015,0.268,0,0.1532
"756",0.146,0.1568,0.2936,0.1938,0.056,0.1538
"757",0,0.1623,0.0791,0.1454,0.3892,0.224
"758",0.2008,0.373,0,0,0.392,0.0342
"759",0,0.1533,0.3006,0.0941,0.1395,0.3126
"760",0.1385,0.2048,0.16,0.2183,0.0829,0.1955
"761",0.1637,0.327,0.1532,0.3076,0,0.0484
"762",0,0,0.0492,0.0619,0.1857,0.7032
"763",0.14,0.2576,0.2111,0.209,0.1822,0
"764",0.2134,0,0.0231,0.0965,0.4641,0.2029
"765",0,0.1914,0.4192,0.2828,0.0073,0.0994
"766",0.0241,0.0669,0.3459,0.0749,0.3166,0.1716
"767",0,0.1909,0.1856,0.2653,0.1272,0.2311
"768",0,0.1615,0.08,0.3317,0.3017,0.1252
"769",0.1834,0.2291,0.3052,0.1374,0,0.1449
"770",0.3396,0,0.2112,0.2945,0,0.1547
"771",0,0.1935,0.2798,0.2689,0.2208,0.0371
"772",0.1494,0.1172,0.0484,0.2496,0.1693,0.2661
"773",0.1345,0.0855,0.2903,0.2286,0.0037,0.2574
"774",0.0365,0.4339,0.1005,0.284,0.0281,0.1171
"775",0.0366,0.3377,0.1801,0.1579,0,0.2878
"776",0.0288,0,0.4492,0.2124,0.0437,0.2658
"777",0.1693,0.1682,0.3103,0.2033,0.0284,0.1205
"778",0.1894,0.0252,0.242,0.2425,0.1304,0.1704
"779",0.2723,0.207,0.1364,0.3174,0,0.0668
"780",0.1549,0.4315,0.0872,0.2645,0,0.0618
"781",0.1171,0.1118,0.2919,0.2411,0.1761,0.062
"782",0.0143,0.0048,0.2433,0.2969,0.3429,0.0977
"783",0.12,0.2547,0.1629,0.3223,0.0025,0.1375
"784",0.2257,0.3082,0.1372,0.0687,0.2602,0
"785",0.0637,0.1276,0.1838,0.0904,0.4173,0.1173
"786",0.1251,0,0.2269,0.1987,0.2467,0.2026
"787",0.186,0.2638,0.3324,0.1402,0.0484,0.0291
"788",0,0.3293,0.1064,0.3512,0,0.2131
"789",0.1702,0.2243,0.1778,0.2221,0.0653,0.1403
"790",0.1525,0.2313,0.2238,0.131,0.0821,0.1792
"791",0.2123,0.2325,0.0429,0.1594,0.1041,0.2488
"792",0.1947,0.2606,0.2017,0.3208,0,0.0221
"793",0.0366,0.0735,0.3011,0.3689,0.0768,0.1431
"794",0.1657,0.2476,0.0436,0.2392,0.0792,0.2247
"795",0.1016,0.182,0.2077,0.2347,0.1323,0.1417
"796",0.0295,0.1622,0.1919,0.2379,0.2428,0.1357
"797",0.263,0.101,0.217,0.112,0.307,0
"798",0.2291,0.2929,0.1091,0.27,0,0.0989
"799",0.2124,0.0986,0.2217,0.1644,0.153,0.15
"800",0,0.485,0.1687,0.1011,0.066,0.1792
"801",0.1739,0.1771,0.1537,0.1913,0.1459,0.1581
"802",0.2106,0.1978,0.244,0.232,0.0505,0.0651
"803",0,0,0.526,0.3992,0.0748,0
"804",0.0452,0.0284,0.2711,0.4168,0.0848,0.1536
"805",0.1469,0.1019,0.2141,0.2724,0.1135,0.1513
"806",0.2963,0.2726,0.2316,0.108,0.0385,0.053
"807",0.5417,0.1367,0,0.1532,0.1223,0.0462
"808",0.3864,0.1403,0.1989,0.0315,0,0.243
"809",0.1745,0.2828,0.0632,0.2476,0.0258,0.2061
"810",0,0.3218,0.2345,0.2536,0.0568,0.1333
"811",0.3481,0.1015,0.0132,0.1367,0.2479,0.1526
"812",0.119,0.3701,0.0759,0.0602,0.3502,0.0245
"813",0.1895,0.0961,0.319,0.1397,0,0.2556
"814",0.1063,0,0.1664,0.2271,0.1371,0.3632
"815",0,0.134,0.2843,0.2548,0.1829,0.1441
"816",0.0315,0.3634,0,0.0915,0.2821,0.2315
"817",0.1349,0.0805,0.1983,0.2998,0.1544,0.1322
"818",0.0562,0.3548,0.2091,0.234,0.0632,0.0827
"819",0,0.323,0.1337,0.4002,0.0164,0.1268
"820",0.0275,0.3249,0.1619,0.3612,0.0935,0.0309
"821",0.1658,0.1029,0.2517,0.1181,0.1438,0.2177
"822",0.302,0.3098,0.1032,0.0965,0.1012,0.0875
"823",0,0.2113,0.2359,0.2385,0.0917,0.2225
"824",0.1122,0.2956,0.1591,0.2093,0.0359,0.1879
"825",0.2856,0.1757,0.1215,0.0417,0.2548,0.1206
"826",0.2643,0.2506,0.0481,0.1424,0,0.2946
"827",0,0.573,0,0.1354,0,0.2917
"828",0.4473,0,0.0173,0.0645,0.3149,0.1561
"829",0,0,0.3858,0.1471,0.3483,0.1189
"830",0.3435,0.3617,0.1164,0.1489,0,0.0296
"831",0,0.2815,0.2512,0.166,0.0769,0.2244
"832",0.006,0.2619,0.3209,0.1273,0,0.2839
"833",0.2668,0,0.1191,0.2341,0.2891,0.0909
"834",0,0.3098,0.0881,0.3625,0,0.2395
"835",0,0.2344,0.2362,0.2329,0.1625,0.1341
"836",0.2991,0.2604,0.071,0.3467,0.0215,0.0013
"837",0.3453,0.1867,0.0686,0.2919,0,0.1074
"838",0.1851,0.3479,0.0562,0.0393,0,0.3714
"839",0.2028,0.1534,0.2996,0.3443,0,0
"840",0.1059,0.3656,0.1454,0.2613,0.1218,0
"841",0.128,0.1214,0.2481,0.2745,0.0854,0.1426
"842",0.2878,0.102,0.3076,0.1347,0,0.1679
"843",0.3088,0.0767,0.1758,0.1982,0.2406,0
"844",0.0691,0.0911,0.2208,0.2198,0.1265,0.2727
"845",0.176,0,0.1568,0.0901,0.1444,0.4328
"846",0.1004,0.2272,0.211,0.1658,0.116,0.1797
"847",0.0408,0,0.4277,0.4298,0,0.1017
"848",0.1194,0.0637,0.2515,0.1808,0.1461,0.2386
"849",0.2384,0.1225,0.2492,0.162,0.0894,0.1386
"850",0.0235,0.3838,0,0.0525,0.2088,0.3314
"851",0,0.0404,0.1202,0.0502,0.3622,0.4271
"852",0.099,0.1711,0.1697,0.3246,0.0663,0.1694
"853",0.1815,0.2321,0.1539,0.145,0.1648,0.1227
"854",0,0.3085,0.234,0.2343,0.0486,0.1746
"855",0.2365,0.2164,0.1012,0.2694,0,0.1765
"856",0.0425,0.2642,0.2475,0.137,0.0401,0.2686
"857",0.0408,0.3796,0.1695,0.3264,0.0194,0.0643
"858",0.0125,0.3309,0.0742,0.3099,0,0.2725
"859",0.1608,0.2981,0.1538,0.0503,0.0144,0.3226
"860",0.0477,0.2122,0.0428,0.2944,0,0.4028
"861",0.0757,0.2915,0.1718,0.1725,0,0.2884
"862",0.2955,0.1088,0.0553,0.0099,0.2959,0.2345
"863",0.235,0.2291,0.2739,0.1911,0.0496,0.0213
"864",0.1516,0.2621,0.1107,0.2093,0,0.2663
"865",0,0.3404,0.12,0.0917,0.2669,0.181
"866",0.0084,0.3969,0.4147,0.1742,0,0.0058
"867",0.173,0.2739,0.2306,0.3225,0,0
"868",0.376,0.2229,0.1181,0.0401,0,0.2429
"869",0.5381,0.3606,0,0,0.0218,0.0794
"870",0.0446,0.1762,0.2216,0.2223,0.1444,0.191
"871",0.1041,0.1908,0.1511,0.1838,0.17,0.2001
"872",0.392,0.2441,0.0181,0.0402,0.1967,0.1089
"873",0.0803,0.1999,0.2359,0.2639,0.1806,0.0393
"874",0.534,0.0663,0.0321,0,0.0732,0.2944
"875",0.2683,0.0993,0.3172,0.2922,0,0.0231
"876",0.2435,0.2491,0.1841,0.1582,0.0721,0.093
"877",0.1308,0.0706,0.2786,0.1645,0.1507,0.2048
"878",0.0103,0.4245,0.109,0.3683,0,0.0877
"879",0.1805,0.0803,0.1626,0.1607,0.1127,0.3031
"880",0.1667,0.1084,0.3292,0.2802,0,0.1155
"881",0.0162,0.2714,0.2642,0.154,0.1927,0.1015
"882",0.4013,0.1697,0.2086,0.2023,0,0.0181
"883",0.0394,0.2353,0.2,0.097,0.4283,0
"884",0.1601,0.2214,0.2975,0.2772,0,0.0439
"885",0.2485,0.1262,0.2166,0.0977,0.0609,0.2502
"886",0.1474,0.1686,0.2581,0.3283,0.0368,0.0608
"887",0.2249,0.1477,0.169,0.1673,0.1411,0.1499
"888",0.0926,0.2406,0.1653,0.3663,0.036,0.0992
"889",0.1905,0,0.1186,0.2331,0.2805,0.1773
"890",0.1788,0.2028,0.075,0.3144,0.1282,0.1008
"891",0.0706,0.4203,0.0493,0.2797,0.1558,0.0242
"892",0.0208,0,0.4839,0.3931,0.0371,0.0651
"893",0.2331,0.0527,0.2512,0.2277,0.1917,0.0437
"894",0.1452,0,0.2115,0.2822,0.055,0.306
"895",0.0805,0.2092,0.09,0.129,0.2965,0.1948
"896",0.0918,0.2245,0.2274,0.2243,0.0067,0.2252
"897",0.1273,0.2425,0.2631,0.2332,0.0407,0.0931
"898",0.234,0.0934,0.2128,0.1716,0,0.2882
"899",0,0.3021,0.1796,0.2926,0.2104,0.0154
"900",0,0.3702,0.0991,0.3749,0.0878,0.068
"901",0.2131,0.2015,0.0268,0.2177,0.1679,0.173
"902",0.0363,0.2416,0.172,0.1622,0,0.3879
"903",0.2413,0.1022,0.0987,0.246,0.1956,0.1161
"904",0.0117,0.2003,0.1074,0.251,0.388,0.0415
"905",0.1559,0.2502,0.1867,0.2561,0.0134,0.1377
"906",0.0701,0.1611,0.266,0.0791,0.3292,0.0945
"907",0.0361,0.0208,0.3343,0.3634,0.0046,0.2408
