"","neu","NK","CD4","CD8","B","mono"
"0",0.1441,0.0841,0.2022,0.3227,0.1169,0.1301
"1",0.1945,0.1439,0.1264,0.3225,0.1075,0.1052
"2",0.1129,0.1849,0.1524,0.3333,0.0832,0.1334
"3",0.1016,0.2039,0.0872,0.3331,0.098,0.1762
"4",0.1993,0.1127,0.2198,0.3044,0.0824,0.0814
"5",0.212,0.1345,0.2079,0.2901,0.0194,0.1361
"6",0.1225,0.1234,0.1311,0.3249,0.1033,0.1947
"7",0.0146,0.1191,0.268,0.368,0.1109,0.1194
"8",0.0547,0.2762,0.234,0.3179,0.0312,0.0859
"9",0.1874,0.1908,0.2039,0.3114,0.0473,0.0593
"10",0.1779,0.1812,0.0719,0.3035,0.1004,0.165
"11",0.0968,0.1804,0.1046,0.3166,0.0903,0.2114
"12",0.0247,0.1267,0.2173,0.3698,0.0713,0.1902
"13",0.0469,0.1554,0.2356,0.3814,0.0998,0.0808
"14",0.181,0.1662,0.0883,0.301,0.1262,0.1372
"15",0.0272,0.262,0.0993,0.3524,0.092,0.167
"16",0.0682,0.1559,0.101,0.3504,0.041,0.2834
"17",0.1568,0.2099,0.1314,0.3131,0.0374,0.1515
"18",0.1966,0.0723,0.2462,0.3153,0.0898,0.0799
"19",0.0077,0.2517,0.1977,0.3022,0.0866,0.1541
"20",0.0819,0.1421,0.1684,0.3341,0.1168,0.1566
"21",0.1164,0.2136,0.1523,0.3354,0.013,0.1694
"22",0.0906,0.1987,0.1593,0.293,0.114,0.1444
"23",0.1265,0.1957,0.1758,0.3735,0.0662,0.0624
"24",0.1304,0.0663,0.273,0.3919,0.0788,0.0596
"25",0.1906,0.1081,0.119,0.3249,0.1185,0.1389
"26",0.0274,0.2344,0.118,0.3648,0.0783,0.1771
"27",0.0228,0.2432,0.1624,0.3572,0.1074,0.107
"28",0.1159,0.1639,0.2307,0.3696,0.0336,0.0863
"29",0.1567,0.2404,0.1186,0.3378,0.0571,0.0895
"30",0.0719,0.1901,0.172,0.3378,0.0884,0.1398
"31",0.0882,0.1948,0.0554,0.2984,0.0629,0.3003
"32",0.0668,0.1173,0.2061,0.3161,0.0976,0.1961
"33",0.2734,0.1237,0.0939,0.2744,0.0372,0.1973
"34",0.1223,0.2403,0.1167,0.2969,0.0414,0.1825
"35",0.1919,0.0915,0.2061,0.3597,0.0027,0.1481
"36",0.174,0.0759,0.2289,0.3501,0.1188,0.0523
"37",0.1333,0.0653,0.2041,0.3397,0.0923,0.1654
"38",0.1571,0.1557,0.1493,0.3746,0.0773,0.0861
"39",0.0131,0.1458,0.1625,0.3514,0.0809,0.2464
"40",0.1492,0.156,0.1971,0.2859,0.068,0.1438
"41",0.1301,0.1377,0.1321,0.2979,0.0925,0.2098
"42",0.0739,0.2169,0.1669,0.3156,0.0166,0.2101
"43",0.1296,0.1222,0.1457,0.2993,0.1013,0.2019
"44",0.1367,0.2064,0.0792,0.2865,0.1529,0.1382
"45",0.1546,0.1583,0.1808,0.3538,0.0656,0.0869
"46",0.17,0.146,0.1343,0.3162,0.0916,0.1419
"47",0.1236,0.1041,0.2,0.293,0,0.2793
"48",0.0916,0.1513,0.1433,0.3475,0.0788,0.1876
"49",0.1503,0.1534,0.1837,0.3093,0.0104,0.1929
"50",0.0765,0.0884,0.1356,0.3131,0.164,0.2224
"51",0.1197,0.1134,0.1659,0.367,0.0836,0.1503
"52",0.1671,0.1735,0.1336,0.3279,0.0313,0.1666
"53",0.0794,0.153,0.192,0.3246,0.093,0.158
"54",0.0575,0.2107,0.163,0.335,0.0963,0.1375
"55",0.0981,0.1336,0.2497,0.3806,0.0709,0.0671
"56",0.0447,0.2124,0.1586,0.3406,0.079,0.1647
"57",0.0734,0.233,0.1217,0.3692,0.0234,0.1794
"58",0.0236,0.1506,0.2607,0.3693,0.0756,0.1203
"59",0.0535,0.1303,0.1787,0.3685,0.0991,0.1699
"60",0.0123,0.1132,0.1907,0.327,0.1153,0.2415
"61",0.1038,0.0816,0.1657,0.3265,0.2448,0.0776
"62",0.1371,0.0698,0.1728,0.344,0.1216,0.1547
"63",0.0102,0.2891,0.1244,0.3715,0.0765,0.1282
"64",0.173,0.1577,0.065,0.304,0.0651,0.2352
"65",0.0476,0.0536,0.1816,0.2957,0.108,0.3136
"66",0.0175,0.2335,0.2166,0.3537,0.0182,0.1605
"67",0.1649,0.1626,0.0807,0.3638,0.0239,0.2041
"68",0.1635,0.0601,0.158,0.2997,0.1234,0.1953
"69",0.023,0.1658,0.1833,0.3551,0.0932,0.1796
"70",0,0.3356,0.1534,0.373,0.083,0.0549
"71",0.1471,0.0985,0.1402,0.3223,0.0912,0.2005
"72",0.0215,0.2717,0.1581,0.3881,0.0394,0.1212
"73",0.2034,0.2944,0.0572,0.2853,0.1092,0.0504
"74",0.2116,0.1941,0.0511,0.2917,0.0047,0.2467
"75",0.0781,0.2165,0.131,0.3303,0.0786,0.1655
"76",0.0761,0.2137,0.1041,0.3582,0.06,0.1879
"77",0.1451,0.1865,0.0746,0.3025,0.0513,0.2399
"78",0.0023,0.2316,0.1875,0.3479,0.0974,0.1333
"79",0.0401,0.0891,0.3438,0.3072,0.0907,0.1292
"80",0.1659,0.0939,0.0779,0.2879,0.1289,0.2455
"81",0.0823,0.1993,0.0957,0.333,0.1082,0.1816
"82",0.1777,0.2039,0.0616,0.3073,0.021,0.2285
"83",0.1389,0.1819,0.1191,0.2949,0.0573,0.2078
"84",0.0969,0.1507,0.1664,0.3342,0.0727,0.1791
"85",0.0565,0.271,0.2424,0.331,0.0465,0.0526
"86",0.1988,0.2534,0.0951,0.3288,0.0552,0.0686
"87",0.045,0.1974,0.1687,0.3325,0.0926,0.1639
"88",0.1401,0.0573,0.2106,0.3239,0.114,0.1541
"89",0.141,0.1594,0.176,0.3523,0.1025,0.0688
"90",0.0811,0.1375,0.1907,0.3181,0.1771,0.0956
"91",0.1714,0.1056,0.1997,0.3749,0.0819,0.0665
"92",0.1542,0.1663,0.1356,0.3309,0.0325,0.1805
"93",0.0316,0.1725,0.1332,0.3533,0.0885,0.2209
"94",0.0276,0.2565,0.1155,0.2951,0.1292,0.1762
"95",0,0.2417,0.0727,0.282,0.01,0.3935
"96",0.0956,0.1991,0.1218,0.3606,0.0553,0.1675
"97",0.0023,0.1973,0.1529,0.3539,0.0563,0.2373
"98",0.2327,0.063,0.2288,0.2796,0.0537,0.1422
"99",0.1436,0.1902,0.1951,0.3364,0.0714,0.0632
"100",0.2366,0.0595,0.2066,0.2774,0.0846,0.1353
"101",8e-04,0.3694,0.0898,0.3126,0.1479,0.0795
"102",0.191,0.1253,0.1944,0.3731,0.0346,0.0816
"103",0.0723,0.1265,0.1687,0.3532,0.1291,0.1502
"104",0.0519,0.1784,0.0884,0.3076,0.2091,0.1647
"105",0.1423,0.0965,0.2048,0.3476,0.0169,0.192
"106",0.1391,0.0899,0.1964,0.3315,0.0409,0.2021
"107",0.2542,0.1821,0.0862,0.3297,0.057,0.0908
"108",0.0046,0.1732,0.2349,0.3592,0.027,0.2011
"109",0.1307,0.1141,0.1178,0.3355,0.0899,0.2119
"110",0.0705,0.179,0.1931,0.3447,0.012,0.2008
"111",0.1175,0.1042,0.1172,0.3315,0.1267,0.2029
"112",0.0363,0.1669,0.1797,0.3784,0.0579,0.1808
"113",0.0501,0.1846,0.215,0.3657,0.0355,0.1492
"114",0.1945,0.2585,0.0969,0.2987,0.0419,0.1095
"115",0.2203,0.0968,0.2318,0.2729,0.0088,0.1694
"116",0.2061,0.1218,0.1748,0.2858,0.0211,0.1904
"117",0.1783,0.1952,0.1531,0.2785,0.0391,0.1558
"118",0.1235,0.1626,0.1677,0.3028,0.0849,0.1586
"119",0.0191,0.249,0.122,0.3653,0.0631,0.1815
"120",0.2335,0.0523,0.0874,0.2938,0.1301,0.2029
"121",0.0814,0.1994,0.1891,0.3527,0.0281,0.1493
"122",0.0412,0.2291,0.2137,0.3,0.0631,0.1529
"123",0.0241,0.184,0.1655,0.3721,0.1754,0.0789
"124",0.075,0.0914,0.1084,0.3181,0.063,0.3441
"125",0.1954,0.2396,0.081,0.3721,0.042,0.0698
"126",0.1477,0.1674,0.0964,0.3451,0.1062,0.1373
"127",0.0606,0.213,0.1412,0.37,0.1092,0.1061
"128",0.0945,0.1684,0.1934,0.4065,0.0086,0.1287
"129",0.0623,0.1858,0.1975,0.3149,0.0732,0.1662
"130",0.1086,0.1128,0.1008,0.3404,0.0473,0.29
"131",0.0214,0.1708,0.12,0.3498,0.1422,0.1957
"132",0.054,0.2488,0.212,0.3222,0.0636,0.0994
"133",0.1282,0.1749,0.1554,0.3645,0.0765,0.1004
"134",0.0328,0.153,0.1962,0.3999,0.1148,0.1033
"135",0.1723,0.0528,0.2216,0.3159,0.0884,0.149
"136",0.0511,0.1505,0.2184,0.3385,0.1424,0.0991
"137",0.0313,0.1892,0.1354,0.3688,0.0938,0.1815
"138",0.0907,0.0379,0.2674,0.3194,0.0034,0.2811
"139",0,0.2353,0.1905,0.331,0.0397,0.2035
"140",0.176,0.1812,0.0708,0.3323,0.11,0.1296
"141",0.0412,0.2008,0.1856,0.2975,0.127,0.148
"142",0.1186,0.2088,0.2066,0.3591,0.0572,0.0497
"143",0.1552,0.2129,0.1519,0.3347,0.0197,0.1254
"144",0.0998,0.1545,0.1942,0.346,0.0613,0.1443
"145",0.1457,0.1497,0.1912,0.3667,0.0614,0.0852
"146",0.1861,0.0908,0.2474,0.3653,0.0043,0.1062
"147",0.2501,0.0621,0.1236,0.2645,0.1628,0.1368
"148",0.086,0.0602,0.2347,0.3596,0.0618,0.1977
"149",0.116,0.2037,0.2455,0.3578,0.0189,0.0581
"150",0.1124,0.189,0.1572,0.3685,0.0126,0.1603
"151",0.0497,0.1102,0.1329,0.2888,0.2686,0.1497
"152",0.1078,0.1546,0.1724,0.3157,0.116,0.1337
"153",0.1892,0.1126,0.1792,0.3425,0.0419,0.1346
"154",0.0747,0.1383,0.1548,0.3022,0.1298,0.2003
"155",0.0774,0.1337,0.142,0.338,0.0554,0.2534
"156",0.1752,0.0745,0.1719,0.3716,0.1286,0.0782
"157",0.0878,0.1477,0.2542,0.3765,0.0168,0.1171
"158",0.1986,0.0524,0.0956,0.3008,0.1031,0.2495
"159",0.0045,0.0836,0.3006,0.406,0.0862,0.1191
"160",0.1083,0.204,0.0933,0.3337,0.1069,0.1538
"161",0.1776,0.1947,0.079,0.3082,0.0775,0.1631
"162",0.1612,0.1796,0.1217,0.2827,0.061,0.1939
"163",0.0992,0.1393,0.1472,0.3471,0.1198,0.1474
"164",0.0676,0.1009,0.1911,0.3471,0.1224,0.171
"165",0.2356,0.2634,0.0572,0.3066,0.0342,0.103
"166",0.0317,0.07,0.2762,0.3739,0.1714,0.0768
"167",0.0293,0.2375,0.108,0.3712,0.0477,0.2065
"168",0.1094,0.2169,0.1232,0.3967,0.0881,0.0656
"169",0.0706,0.2216,0.2248,0.3704,0.0046,0.1079
"170",0.1465,0.2157,0.2051,0.3116,0.0577,0.0634
"171",0.1614,0.114,0.2345,0.4146,0.0106,0.0648
"172",0.0587,0.1515,0.1745,0.2813,0.12,0.214
"173",0.2096,0.1114,0.2623,0.3116,0.0479,0.0572
"174",0.1124,0.3046,0.1029,0.3666,0.0342,0.0792
"175",0.1559,0.2279,0.0555,0.3033,0.0545,0.203
"176",0.0481,0.2223,0.1901,0.362,0.0644,0.1131
"177",0.1465,0.0921,0.2137,0.3566,0.1244,0.0667
"178",0.0821,0.1292,0.2035,0.3532,0.0558,0.1762
"179",0.1415,0.1919,0.1815,0.3196,0.0971,0.0685
"180",0.0107,0.3063,0.1016,0.336,0.1413,0.1041
"181",0.1481,0.191,0.2073,0.3586,0.0398,0.0551
"182",0.1189,0.211,0.1863,0.2992,0.063,0.1217
"183",0.091,0.1085,0.1473,0.3689,0.1059,0.1785
"184",0.1697,0.103,0.1556,0.3458,0.0172,0.2088
"185",0.0288,0.189,0.2165,0.3376,0.0869,0.1411
"186",0.1246,0.1837,0.1665,0.3206,0.1088,0.0957
"187",0.0229,0.2402,0.1391,0.3366,0.0874,0.1738
"188",0.0307,0.1694,0.1729,0.3678,0.1205,0.1387
"189",0.1379,0.1894,0.1641,0.3304,0.1001,0.0781
"190",0.0169,0.1638,0.1073,0.3738,0.079,0.2593
"191",0.1597,0.2379,0.0724,0.3432,0.0407,0.1461
"192",0.2453,0.2549,0.0516,0.283,0.0708,0.0944
"193",0.0262,0.2252,0.0876,0.3781,0.1368,0.1461
"194",0.085,0.2026,0.1469,0.3356,0.0829,0.147
"195",0.1863,0.0456,0.1636,0.2924,0.1428,0.1693
"196",0.0217,0.1616,0.2277,0.3073,0.1371,0.1447
"197",0.0794,0.2656,0.1429,0.3104,0.1197,0.0821
"198",0.108,0.1184,0.213,0.3486,0.1218,0.0903
"199",0.1379,0.1354,0.224,0.3108,0.0991,0.0927
"200",0.2004,0.268,0.1064,0.2807,0,0.1445
"201",0.14,0.216,0.1009,0.3485,0.0335,0.1611
"202",0.1272,0.1344,0.1111,0.3259,0.1007,0.2006
"203",0.1547,0.214,0.1748,0.2826,0.0708,0.1032
"204",0.0819,0.1506,0.1836,0.3627,0.0466,0.1747
"205",0.0765,0.13,0.1939,0.3538,0.0826,0.1631
"206",0.0428,0.1369,0.1465,0.3734,0.1514,0.149
"207",0,0.1979,0.207,0.3751,0.0918,0.1282
"208",0.218,0.1402,0.1414,0.3395,0.0414,0.1195
"209",0.1429,0.2009,0.1978,0.2934,0.0013,0.1639
"210",0.1299,0.0913,0.2569,0.3664,0.007,0.1484
"211",0.1655,0.1955,0.1519,0.2909,0.1205,0.0757
"212",0.0823,0.2224,0.1598,0.3376,0.1267,0.0713
"213",0.0389,0.1302,0.1839,0.381,0.0365,0.2296
"214",0.227,0.054,0.1355,0.287,0.0741,0.2223
"215",0.1635,0.1257,0.0859,0.3232,0.0401,0.2618
"216",0.2039,0.1789,0.1464,0.3381,0.0152,0.1175
"217",0.1794,0.1477,0.091,0.3128,0.0976,0.1716
"218",0.0263,0.1411,0.2907,0.3226,0.1413,0.078
"219",0.1181,0.1961,0.1276,0.2826,0.0801,0.1955
"220",0.1008,0.1547,0.1776,0.339,0.0528,0.1753
"221",0.197,0.1312,0.17,0.381,0.049,0.0718
"222",0.0634,0.1853,0.1957,0.3319,0.0371,0.1865
"223",0.202,0.1209,0.0806,0.3609,0.1087,0.1269
"224",0.0428,0.1623,0.261,0.3708,0.1121,0.051
"225",0.1971,0.1413,0.1613,0.2756,0.1218,0.1029
"226",0.0961,0.2336,0.1541,0.3621,0.0464,0.1077
"227",0.1739,0.1833,0.0794,0.2908,0.0976,0.175
"228",0.2036,0.0915,0.237,0.2858,0.1262,0.0559
"229",0.0613,0.0601,0.2885,0.342,0.1224,0.1257
"230",0.1454,0.1161,0.1567,0.3381,0.0812,0.1625
"231",0.0422,0.2249,0.1501,0.3992,0.1249,0.0587
"232",0.1171,0.1246,0.1537,0.322,0.0708,0.2118
"233",0.1518,0.0804,0.124,0.3599,0.0185,0.2653
"234",0.131,0.0705,0.1245,0.4092,0.1379,0.127
"235",0.169,0.1011,0.2264,0.3554,0.0798,0.0683
"236",0.0841,0.1697,0.0994,0.3776,0.1758,0.0935
"237",0.1299,0.1701,0.1723,0.3167,0.0706,0.1405
"238",0.0981,0.1332,0.0825,0.347,0.1234,0.2157
"239",0.1696,0.1104,0.2016,0.3521,0.0112,0.1553
"240",0.1113,0.161,0.1543,0.3654,0.0972,0.1109
"241",0.1799,0.2156,0.1789,0.2905,0.0226,0.1124
"242",0.0628,0.2289,0.1023,0.3623,0.0209,0.2228
"243",0.0252,0.2946,0.1785,0.3314,0.0214,0.149
"244",0.2612,0.1202,0.033,0.2604,0.1301,0.1951
"245",0.115,0.0772,0.1241,0.3745,0.1488,0.1604
"246",0.1566,0.1205,0.1931,0.3305,0.0982,0.101
"247",0.1771,0.1019,0.2144,0.2984,0.0814,0.1269
"248",0.1129,0.1677,0.0846,0.2692,0.1413,0.2242
"249",0.1245,0.1328,0.2075,0.3382,0.069,0.128
"250",0.075,0.2493,0.1069,0.3998,0.0173,0.1518
"251",0.1534,0.2854,0.097,0.3277,0.0397,0.0968
"252",0.0293,0.2151,0.209,0.379,0.1155,0.0521
"253",0.1239,0.061,0.3247,0.3598,0.0146,0.1161
"254",0.1786,0.1919,0.1408,0.2789,0.1279,0.0819
"255",0.1168,0.1651,0.1042,0.3067,0.0796,0.2276
"256",0.1362,0.1846,0.2011,0.3372,0.0896,0.0513
"257",0.2776,0.2056,0.0609,0.3105,0.0774,0.068
"258",0.1556,0.1819,0.0539,0.2648,0.1853,0.1586
"259",0.1472,0.1922,0.1517,0.3122,0.1191,0.0777
"260",0.1269,0.1099,0.2033,0.3181,0.1054,0.1364
"261",0.123,0.1523,0.0716,0.3042,0.1485,0.2005
"262",0.0466,0.0869,0.2213,0.288,0.103,0.2542
"263",0.0488,0.2331,0.2479,0.3535,0.0428,0.0738
"264",0.0741,0.1079,0.0861,0.333,0.1802,0.2187
"265",0.1148,0.2034,0.1007,0.2846,0.1194,0.177
"266",0.0229,0.2279,0.2272,0.3221,0.0881,0.1117
"267",0.0395,0.2651,0.0961,0.3605,0.1625,0.0764
"268",0.1234,0.2547,0.0806,0.2883,0.1025,0.1505
"269",0.1139,0.1076,0.1581,0.3342,0.0882,0.198
"270",0.2111,0.1515,0.1801,0.2978,0.0262,0.1333
"271",0.1131,0.1875,0.1318,0.3324,0.0649,0.1704
"272",0.0976,0.1571,0.2236,0.3907,0.0321,0.099
"273",0.0039,0.2351,0.2485,0.3671,0.0452,0.1003
"274",0.1808,0.1392,0.1211,0.3515,0.0774,0.13
"275",0.0786,0.1378,0.1143,0.4139,0.0724,0.183
"276",0.078,0.1431,0.1513,0.3513,0.0874,0.189
"277",0.1495,0.0497,0.2129,0.3292,0.0073,0.2513
"278",0.1786,0.1717,0.0923,0.324,0.042,0.1913
"279",0.217,0.084,0.1329,0.3441,0.0265,0.1955
"280",0.0873,0.1766,0.1452,0.34,0.111,0.1401
"281",0.026,0.1453,0.1516,0.3467,0.1208,0.2096
"282",0.1086,0.063,0.2433,0.3048,0.0425,0.2379
"283",0.1012,0.3397,0.0378,0.2943,0.1645,0.0626
"284",0.0174,0.2292,0.1865,0.3199,0.0477,0.1994
"285",0.1584,0.1974,0.1163,0.2755,0.0821,0.1703
"286",0.0077,0.0944,0.081,0.3228,0.1766,0.3176
"287",0.1465,0.2292,0.171,0.2885,0.0936,0.0711
"288",0.0625,0.1861,0.2377,0.2987,0.058,0.157
"289",0.1397,0.2035,0.0996,0.3124,0.0174,0.2273
"290",0.0497,0.1873,0.1088,0.2878,0.0755,0.291
"291",0.1564,0.1112,0.1075,0.3107,0.1196,0.1946
"292",0.2336,0.0953,0.1291,0.3328,0.1325,0.0767
"293",0.0159,0.1924,0.255,0.3922,0.0766,0.0679
"294",0.0329,0.2815,0.1092,0.3282,0.0942,0.1539
"295",0.0546,0.2696,0.1293,0.3416,0.105,0.0998
"296",0.0479,0.2643,0.1026,0.4024,0.0349,0.1478
"297",0.1273,0.0636,0.1585,0.368,0.1751,0.1076
"298",0.0534,0.0704,0.2457,0.3888,0.1357,0.106
"299",0.1244,0.195,0.0862,0.2939,0.1212,0.1793
"300",0.1322,0.1061,0.1292,0.3412,0.1233,0.168
"301",0.0691,0.2114,0.1212,0.3846,0.0395,0.1742
"302",0.1689,0.0905,0.2015,0.2885,0.0801,0.1706
"303",0.1435,0.1078,0.0833,0.3376,0.0564,0.2714
"304",0.195,0.1377,0.1005,0.276,0.0486,0.2421
"305",0.1862,0.0942,0.2848,0.2884,0.0763,0.0701
"306",0.1483,0.1806,0.112,0.3357,0.0748,0.1486
"307",0.1614,0.1246,0.0815,0.3032,0.1171,0.2121
"308",0.0468,0.2501,0.1934,0.3873,0.0645,0.0579
"309",0.1591,0.1194,0.1418,0.3151,0.0988,0.1657
"310",0.0905,0.1407,0.0762,0.336,0.1354,0.2212
"311",0.0395,0.1802,0.1377,0.3709,0.1083,0.1634
"312",0.0708,0.2984,0.1705,0.4121,0.0062,0.042
"313",0.0831,0.2047,0.1109,0.3417,0.1189,0.1408
"314",0.0871,0.1211,0.2053,0.2908,0.1159,0.1798
"315",0.0343,0.1493,0.2199,0.3707,0.0341,0.1918
"316",0.0901,0.1405,0.0918,0.3409,0.1322,0.2046
"317",0.1694,0.0646,0.0974,0.3297,0.197,0.1419
"318",0.1967,0.0856,0.2392,0.3632,0.0471,0.0683
"319",0.1718,0.1681,0.0849,0.3461,0.0319,0.1972
"320",0.1808,0.1266,0.2213,0.3589,0.0048,0.1076
"321",0.1343,0.237,0.1552,0.2869,0.1284,0.0582
"322",0.0735,0.099,0.2299,0.341,0.0849,0.1717
"323",0.0023,0.2019,0.238,0.3009,0.06,0.1969
"324",0.1045,0.1063,0.1369,0.2758,0.1257,0.2509
"325",0.1469,0.085,0.2573,0.3733,0.008,0.1294
"326",0.0121,0.1967,0.2194,0.3123,0.0943,0.1652
"327",0.0962,0.0588,0.2894,0.3882,0.0792,0.0881
"328",0.0478,0.0871,0.2715,0.3529,0.0779,0.1627
"329",0.1364,0.0832,0.2629,0.2899,0.0041,0.2235
"330",0.0165,0.2071,0.152,0.3107,0.0791,0.2347
"331",0.0847,0.2202,0.092,0.2826,0.1135,0.207
"332",0.0082,0.1607,0.1837,0.3506,0.0648,0.2321
"333",0.0816,0.1178,0.1456,0.3459,0.1031,0.206
"334",0.1409,0.229,0.0605,0.3455,0.0149,0.2092
"335",0.1601,0.1654,0.0907,0.3679,0.0516,0.1644
"336",0.1674,0.1751,0.0691,0.3325,0.1041,0.1517
"337",0.0042,0.0583,0.2803,0.291,0.1489,0.2173
"338",0.0177,0.336,0.1617,0.3235,0.1201,0.041
"339",0.1149,0.117,0.1892,0.318,0.0834,0.1774
"340",0.2282,0.1924,0.1884,0.3256,0,0.0654
"341",0.1956,0.14,0.1002,0.356,0.0787,0.1295
"342",0.1717,0.0843,0.1129,0.3157,0.088,0.2274
"343",0.1225,0.2079,0.0936,0.3152,0.0837,0.177
"344",0.0318,0.1258,0.2382,0.3355,0.0761,0.1926
"345",0.0097,0.1345,0.2638,0.3516,0.0074,0.2332
"346",0.1103,0.2006,0.1357,0.299,0.094,0.1604
"347",0.166,0.0608,0.1157,0.3437,0.0854,0.2282
"348",0.1536,0.1356,0.1096,0.3379,0.0867,0.1765
"349",0.1096,0.1358,0.1564,0.3576,0.0462,0.1944
"350",0.0949,0.166,0.2372,0.3186,0.0808,0.1026
"351",0.14,0.0558,0.1886,0.345,0.0329,0.2377
"352",0.0369,0.2172,0.2598,0.3659,0.0676,0.0525
"353",0.1148,0.2027,0.159,0.3094,0.0333,0.1809
"354",0.1363,0.1753,0.1083,0.3279,0.0748,0.1774
"355",0.0157,0.2329,0.1602,0.3215,0.1292,0.1406
"356",0.0522,0.1477,0.2139,0.3369,0.08,0.1693
"357",0.09,0.246,0.1187,0.3319,0.0903,0.1232
"358",0.1136,0.1888,0.1894,0.3053,0,0.2031
"359",0.0352,0.0579,0.3091,0.3649,0.1572,0.0757
"360",0.1102,0.1485,0.1492,0.3331,0.0907,0.1683
"361",0.0996,0.1986,0.2132,0.3411,0.0977,0.0498
"362",0.1554,0.1455,0.0864,0.3407,0.0786,0.1934
"363",0.1232,0.0823,0.2324,0.3752,0.043,0.1438
"364",0.0672,0.1237,0.2348,0.3644,0.0998,0.1101
"365",0.0707,0.1856,0.1884,0.3293,0.1239,0.1021
"366",0.1852,0.1091,0.1843,0.3624,0.0446,0.1144
"367",0.0967,0.2489,0.2088,0.3615,0.0015,0.0826
"368",0.1935,0.099,0.104,0.2685,0.1133,0.2216
"369",0.0386,0.2022,0.1905,0.2919,0.0788,0.198
"370",0.0884,0.1206,0.1906,0.3333,0.0898,0.1772
"371",0.0135,0.2583,0.0949,0.3464,0.0735,0.2134
"372",0.1012,0.1753,0.114,0.3009,0.0831,0.2255
"373",0.0348,0.2682,0.0709,0.3636,0.0422,0.2203
"374",0.1198,0.1765,0.1496,0.3411,0.0834,0.1295
"375",0.1362,0.0888,0.1643,0.3633,0.0494,0.1981
"376",0.0738,0.1691,0.1779,0.354,0.0364,0.1889
"377",0.0385,0.2177,0.1323,0.4061,0.1435,0.062
"378",0.12,0.2326,0.0548,0.2799,0.0013,0.3115
"379",0.1385,0.1459,0.1933,0.3336,0.0546,0.1341
"380",0.044,0.2194,0.1596,0.3529,0.0756,0.1485
"381",0.0376,0.1361,0.29,0.3968,0.0289,0.1106
"382",0.2338,0.1228,0.0865,0.3647,0.0143,0.178
"383",0.1581,0.1794,0.0865,0.3443,0.0859,0.1458
"384",0.1812,0.2122,0.1035,0.3229,0.0015,0.1787
"385",0.035,0.0826,0.2266,0.3173,0.1127,0.2258
"386",0.1004,0.1772,0.1504,0.3284,0.157,0.0865
"387",0.1544,0.1664,0.1388,0.3336,0.0552,0.1515
"388",0.0516,0.1395,0.1015,0.2819,0.1941,0.2313
"389",0.0193,0.222,0.1935,0.3106,0.1691,0.0855
"390",0.0499,0.1797,0.119,0.3885,0.0852,0.1776
"391",0.1334,0.1389,0.2768,0.3541,0.0297,0.0672
"392",0.1558,0.1325,0.0772,0.3223,0.0734,0.2388
"393",0.1694,0.1646,0.1884,0.3026,0.0269,0.1481
"394",0.123,0.1605,0.1832,0.3349,0.0136,0.1848
"395",0.0164,0.2627,0.0941,0.3211,0.0788,0.2269
"396",0.1583,0.1618,0.1802,0.301,0.0794,0.1192
"397",0.0735,0.0689,0.215,0.3497,0.1036,0.1893
"398",0.1471,0.1393,0.1765,0.3469,0.0564,0.1338
"399",0.1751,0.0582,0.1847,0.343,0.0596,0.1795
"400",0.1837,0.2393,0.062,0.2874,0.1411,0.0865
"401",0.0897,0.2335,0.1603,0.2872,0.048,0.1813
"402",0.1652,0.1101,0.2716,0.342,0.0431,0.068
"403",0.0504,0.1971,0.2526,0.3482,0.0262,0.1254
"404",0.0593,0.2358,0.1146,0.3414,0.0305,0.2184
"405",0.0283,0.1143,0.2268,0.361,0.0467,0.223
"406",0.1688,0.2115,0.159,0.3622,0.0396,0.059
"407",0.0189,0.2482,0.1505,0.4737,0.0368,0.0718
"408",0.1212,0.13,0.2568,0.3212,0.0888,0.082
"409",0.116,0.1265,0.1818,0.3209,0.1118,0.1429
"410",0.0494,0.1736,0.241,0.3827,0.0579,0.0954
"411",0.1392,0.1673,0.1025,0.2927,0.1223,0.1759
"412",0.0823,0.1088,0.2441,0.2875,0.0613,0.2161
"413",0.2853,0.1334,0.2177,0.281,0.0296,0.053
"414",0.0499,0.2242,0.1047,0.3653,0.1192,0.1367
"415",0.2248,0.1462,0.2273,0.2787,0,0.123
"416",5e-04,0.3092,0.1341,0.381,0.0522,0.1231
"417",0.1215,0.2008,0.1921,0.3366,0.0437,0.1054
"418",0.1162,0.2134,0.0842,0.338,0.1083,0.1398
"419",0.204,0.1441,0.1912,0.2899,0.1028,0.068
"420",0.0484,0.2546,0.101,0.318,0.0402,0.2377
"421",0.0643,0.1603,0.1114,0.3863,0.1977,0.08
"422",0.0723,0.1417,0.2262,0.3727,0.0281,0.1589
"423",0.1301,0.1813,0.1146,0.34,0.094,0.14
"424",0.1656,0.0803,0.2089,0.3386,0.0991,0.1075
"425",0.178,0.1855,0.1722,0.2815,0.1093,0.0735
"426",0.2,0.0634,0.1261,0.3315,0.0656,0.2135
"427",0.1695,0.1565,0.1912,0.3227,0.0105,0.1496
"428",0.2222,0.0605,0.1763,0.2776,0.019,0.2444
"429",0.1812,0.1944,0.1354,0.2944,0.1073,0.0872
"430",0.1012,0.0988,0.1603,0.3336,0.0431,0.2631
"431",0.1998,0.1744,0.1741,0.2847,0.0199,0.1471
"432",0.2462,0.0905,0.0694,0.3215,0.0557,0.2166
"433",0.0524,0.1795,0.1397,0.2866,0.1163,0.2255
"434",0.1566,0.1809,0.1105,0.3199,0.0788,0.1533
"435",0.0304,0.1769,0.2124,0.3344,0.0973,0.1486
"436",0.2127,0.1267,0.111,0.3364,0.0521,0.1611
"437",0.0524,0.209,0.1793,0.3695,0.0504,0.1394
"438",0.163,0.2458,0.1247,0.3052,0.101,0.0603
"439",0.1678,0.1666,0.0718,0.3491,0.0915,0.1532
"440",0.0612,0.2525,0.0663,0.3361,0.1632,0.1208
"441",0.3207,0.1445,0.0626,0.2729,0,0.1993
"442",0.0909,0.1513,0.1988,0.3128,0.104,0.1422
"443",0.1649,0.1176,0.2134,0.3439,0.0317,0.1285
"444",0.0247,0.1802,0.218,0.3522,0.1346,0.0903
"445",0.0938,0.1964,0.133,0.3377,0.1112,0.1278
"446",0.2502,0.1831,0.178,0.2867,0,0.102
"447",0.2294,0.1062,0.2243,0.3187,0.05,0.0713
"448",0.0269,0.1771,0.1998,0.3646,0.0643,0.1673
"449",0.092,0.1895,0.1641,0.3333,0.092,0.1291
"450",0.0456,0.1597,0.1276,0.3337,0.1294,0.2039
"451",0.0234,0.0826,0.1831,0.3111,0.1151,0.2848
"452",0.1562,0.1859,0.2502,0.3249,0.0154,0.0673
"453",0.0661,0.1497,0.2482,0.4037,0.0475,0.0848
"454",0.0511,0.1615,0.178,0.3668,0.1816,0.061
"455",0.1755,0.2172,0.1077,0.3429,0.1015,0.0551
"456",0.035,0.1751,0.2264,0.321,0.1144,0.1282
"457",0.0362,0.1953,0.1416,0.3552,0.1148,0.1569
"458",0.1562,0.1091,0.1503,0.3446,0.1768,0.0629
"459",0.0189,0.1755,0.2294,0.4673,0.0193,0.0896
"460",0.1109,0.103,0.1988,0.3409,0.1101,0.1363
"461",0.0116,0.1061,0.241,0.3793,0.0812,0.1808
"462",0.0784,0.2066,0.1757,0.3766,0.0498,0.1129
"463",0.0778,0.2425,0.1634,0.3429,0.0035,0.1699
"464",0.1389,0.1728,0.1761,0.305,0.0807,0.1266
"465",0.0775,0.1921,0.1274,0.2922,0.1173,0.1935
"466",0.1516,0.0541,0.196,0.2823,0.1014,0.2147
"467",0.0933,0.2034,0.174,0.2974,0.0692,0.1627
"468",0.0875,0.3003,0.0751,0.3605,0.0131,0.1635
"469",0.2661,0.2431,0.0458,0.2707,0.0869,0.0874
"470",0.184,0.1904,0.0863,0.314,0.0771,0.1481
"471",0.0055,0.1143,0.1567,0.3575,0.0066,0.3594
"472",0.1529,0.1985,0.1157,0.3108,0.0621,0.16
"473",0.0127,0.1245,0.1774,0.3477,0.2008,0.1369
"474",0.0467,0.2402,0.1241,0.3631,0.0816,0.1442
"475",0.0133,0.2717,0.0852,0.3483,0.1647,0.1169
"476",0.0218,0.1473,0.2537,0.4044,0.1159,0.0569
"477",0.1438,0.1636,0.1165,0.3335,0.0669,0.1757
"478",0.0409,0.2281,0.1157,0.3595,0.0864,0.1694
"479",0.0712,0.2574,0.1454,0.3222,0.0514,0.1524
"480",0.1372,0.2519,0.1697,0.3,5e-04,0.1408
"481",0.2692,0.0374,0.1195,0.2723,0.1319,0.1697
"482",0.0867,0.1506,0.1206,0.3242,0.0707,0.2472
"483",0.051,0.1465,0.1736,0.3049,0.0503,0.2737
"484",0.1027,0.0848,0.2407,0.2796,0.0419,0.2502
"485",0.0582,0.1327,0.1833,0.3488,0.12,0.1569
"486",0.0276,0.276,0.0961,0.3382,0.0232,0.2389
"487",0.1019,0.2888,0.113,0.3697,0.032,0.0944
"488",0.2383,0.204,0.0642,0.3108,0.0699,0.1129
"489",0.098,0.562,0,0.3069,0,0.033
"490",0.0925,0.1588,0.2035,0.3697,0.0627,0.1128
"491",0.0244,0.2836,0.1235,0.3808,0.0953,0.0924
"492",0.0534,0.1173,0.2612,0.3789,0.0592,0.13
"493",0.1711,0.058,0.2368,0.3056,0.083,0.1456
"494",0.1167,0.0872,0.2131,0.3592,0.0426,0.1812
"495",0.005,0.2456,0.1992,0.3486,0.0234,0.1782
"496",0.1011,0.1935,0.2049,0.3862,0.008,0.1062
"497",0.0346,0.1884,0.1073,0.369,0.0873,0.2134
"498",0.0968,0.1785,0.2001,0.3471,0.0916,0.0859
"499",0.1831,0.0827,0.2932,0.3624,0.0204,0.0581
"500",0.0929,0.118,0.2361,0.3302,0.1485,0.0741
"501",0.1115,0.21,0.0654,0.3271,0.1091,0.1768
"502",0.0532,0.1622,0.2084,0.354,0.1273,0.0949
"503",0.0752,0.1911,0.151,0.3724,0.1271,0.0832
"504",0.0654,0.1753,0.1881,0.3323,0.0885,0.1505
"505",0.1149,0.2533,0.1503,0.3632,0.0678,0.0506
"506",0.0519,0.1083,0.2324,0.3006,0.1157,0.191
"507",0.0466,0.1231,0.2298,0.3431,0.0315,0.2259
"508",0.1355,0.0691,0.0742,0.3218,0.1742,0.2252
"509",0.0662,0.2349,0.1092,0.3457,0.0165,0.2276
"510",0.1747,0.2333,0.0597,0.2704,0.0395,0.2225
"511",0.0514,0.0793,0.261,0.3696,0.1087,0.1299
"512",0.0585,0.2348,0.0926,0.3269,0.0833,0.204
"513",0.0782,0.0665,0.1407,0.3702,0.0288,0.3156
"514",0.0199,0.1898,0.1999,0.3597,0.0816,0.1491
"515",0.0202,0.2748,0.1635,0.3033,0.0956,0.1425
"516",0.0922,0.2141,0.1568,0.2935,0.0319,0.2115
"517",0.067,0.272,0.0804,0.364,0.0679,0.1486
"518",0.0541,0.1132,0.2325,0.3204,0.1993,0.0804
"519",0.2046,0.3106,0.1019,0.3179,0.0262,0.0389
"520",0.0608,0.1245,0.2008,0.3158,0.0852,0.213
"521",0.0133,0.2379,0.1835,0.3431,0.0407,0.1816
"522",0.2004,0.2618,0.1329,0.3423,0.0156,0.0469
"523",0.1101,0.1384,0.1811,0.3543,0.0642,0.152
"524",0.011,0.1332,0.207,0.3637,0.1077,0.1774
"525",0.1199,0.2192,0.1922,0.3539,0.0529,0.0619
"526",0.0305,0.1617,0.2654,0.3899,0.0154,0.1371
"527",0.0568,0.2105,0.1492,0.3055,0.0997,0.1784
"528",0.0945,0.1756,0.1992,0.3147,0.057,0.1589
"529",0.1181,0.1797,0.1814,0.3201,0.0632,0.1375
"530",0.106,0.2389,0.152,0.2933,0.0586,0.1511
"531",0.1229,0.0468,0.1619,0.2908,0.1564,0.2212
"532",0.192,0.2226,0.1223,0.2851,0.1231,0.055
"533",0.1138,0.237,0.1089,0.3217,0.0295,0.1891
"534",0.0602,0.2133,0.1221,0.3579,0.0182,0.2283
"535",0.0113,0.0612,0.0295,0.2921,0,0.606
"536",0.0264,0.0664,0.2101,0.3142,0.1726,0.2102
"537",0.0854,0.1633,0.1916,0.325,0.097,0.1377
"538",0.2037,0.071,0.1755,0.3684,0.0976,0.0838
"539",0.1695,0.1001,0.101,0.3466,0.0525,0.2303
"540",0.0397,0.263,0.0928,0.36,0.0232,0.2214
"541",0.0567,0.1716,0.104,0.3741,0.1791,0.1145
"542",0.1616,0.1401,0.2521,0.3482,0.0252,0.0728
"543",0.1556,0.0811,0.2196,0.3226,0.046,0.1751
"544",0.1939,0.1921,0.1221,0.311,0.0656,0.1153
"545",0.0754,0.092,0.2462,0.3601,0.1136,0.1128
"546",0.158,0.1352,0.1233,0.3974,0.1058,0.0803
"547",0.1103,0.1785,0.145,0.3625,0.1054,0.0983
"548",0.1346,0.1239,0.1281,0.3537,0.0571,0.2026
"549",0.1511,0.1396,0.1363,0.2964,0.1527,0.124
"550",0.0753,0.1526,0.2329,0.3177,0.0679,0.1535
"551",0.0306,0.2143,0.0574,0.3127,0.1666,0.2184
"552",0.173,0.067,0.1214,0.3636,0.1182,0.1568
"553",0.1436,0.0797,0.103,0.3584,0.1218,0.1935
"554",0.1592,0.1144,0.2186,0.341,0.0096,0.1572
"555",0.155,0.1671,0.1266,0.2871,0.081,0.1832
"556",0.0938,0.2565,0.1268,0.2919,0.0643,0.1667
"557",0.1936,0.0995,0.1172,0.3217,0.0437,0.2243
"558",0.2057,0.1488,0.1768,0.299,0.0684,0.1014
"559",0.0477,0.231,0.1296,0.3657,0.0692,0.1569
"560",0.081,0.2062,0.0525,0.3317,0.0242,0.3044
"561",0.2013,0.0955,0.1872,0.348,0.0759,0.0921
"562",0.0378,0.1584,0.1576,0.3501,0.102,0.194
"563",0.0672,0.1339,0.1978,0.3095,0.0977,0.194
"564",0.0766,0.231,0.115,0.3056,0.1267,0.1451
"565",0.0748,0.2197,0.0984,0.3649,0.059,0.1832
"566",0.1643,0.1295,0.1875,0.3041,0.0922,0.1224
"567",0.0736,0.1974,0.2394,0.3586,0.0597,0.0713
"568",0.147,0.1857,0.1426,0.3345,0.0144,0.1759
"569",0.161,0.0873,0.1919,0.3348,0.1107,0.1144
"570",0.0689,0.2092,0.108,0.3504,0.1129,0.1506
"571",0.1055,0.2061,0.1978,0.3011,0.0314,0.158
"572",0.0485,0.2702,0.1356,0.3489,0.0603,0.1365
"573",0.1469,0.143,0.117,0.2705,0.0434,0.2792
"574",0.1606,0.2075,0.0946,0.3185,0.0679,0.1509
"575",0.0444,0.2548,0.094,0.3124,0.1418,0.1526
"576",0.205,0.0483,0.1898,0.2924,0.0794,0.1851
"577",0.1245,0.183,0.2208,0.3477,0.0028,0.1211
"578",0.0019,0.2239,0.233,0.3875,0.0674,0.0863
"579",0.173,0.171,0.0854,0.3193,0.0798,0.1714
"580",0.236,0.1214,0.1968,0.2722,0.0416,0.1319
"581",0.1298,0.1764,0.1043,0.3335,0.0673,0.1887
"582",0.1852,0.2126,0.0909,0.298,0.0806,0.1327
"583",0.4511,0.1462,0.0446,0.2845,0,0.0737
"584",0.0542,0.3039,0.1202,0.339,0,0.1827
"585",0.0728,0.1467,0.1387,0.3563,0.1161,0.1693
"586",0.112,0.0585,0.1791,0.3522,0.1335,0.1647
"587",0.0988,0.2181,0.1403,0.3848,0.0095,0.1485
"588",0.1538,0.1663,0.0723,0.3354,0.1089,0.1632
"589",0.0653,0.2273,0.0793,0.3613,0.1302,0.1365
"590",0.184,0.128,0.1502,0.3463,0.0888,0.1027
"591",0.1629,0.2345,0.1167,0.3205,0.0461,0.1193
"592",0.074,0.1988,0.1223,0.3199,0.1543,0.1308
"593",0.0967,0.0795,0.1593,0.3601,0.1039,0.2006
"594",0.0321,0.1674,0.2529,0.3974,0.0779,0.0723
"595",0.0228,0.245,0.1809,0.3823,0.0488,0.1201
"596",0.0622,0.1868,0.1961,0.3236,0.1045,0.1267
"597",0.0526,0.2201,0.1325,0.3203,0.1406,0.1338
"598",0.1434,0.2269,0.1801,0.3156,0.0577,0.0762
"599",0.1759,0.1138,0.1967,0.3608,0.0572,0.0955
"600",0.1756,0.1799,0.1847,0.3783,0.0096,0.0719
"601",0.1676,0.0587,0.2236,0.3442,0.0771,0.1289
"602",0.1242,0.1911,0.1719,0.3266,0.0855,0.1007
"603",0.0347,0.1931,0.198,0.3344,0.0274,0.2123
"604",0.1412,0.1113,0.1517,0.346,0.0881,0.1617
"605",0.0802,0.1099,0.2977,0.2915,0,0.2207
"606",0.1827,0.1639,0.0864,0.3478,0.1425,0.0766
"607",0.1162,0.2451,0.1297,0.3257,0.035,0.1482
"608",0.0366,0.2221,0.1439,0.3181,0.0967,0.1825
"609",0.1147,0.0772,0.3072,0.3237,0.0384,0.1387
"610",0.0738,0.2465,0.086,0.3171,0.1535,0.123
"611",0.1278,0.0685,0.2655,0.3606,0.1074,0.0701
"612",0.0509,0.0628,0.2578,0.3599,0.012,0.2565
"613",0.1897,0.1278,0.2226,0.28,0.0561,0.1238
"614",0.0349,0.206,0.1732,0.3012,0.0954,0.1893
"615",0.1112,0.2542,0.1231,0.3522,0.1056,0.0538
"616",0,0.2504,0.1937,0.3238,0.0026,0.2295
"617",0.0771,0.1675,0.2359,0.3788,0.0183,0.1224
"618",0.3031,0.0766,0.136,0.3358,0.0896,0.059
"619",0.1187,0.1397,0.129,0.3084,0.1183,0.1859
"620",0.1481,0.1904,0.109,0.3368,0.1245,0.0913
"621",0.0392,0.2962,0.0855,0.3823,0.0374,0.1594
"622",0.1108,0.1385,0.1701,0.3618,0.0962,0.1225
"623",0.0255,0.2629,0.1021,0.3652,0.0496,0.1947
"624",0.042,0.0787,0.2155,0.367,0.0917,0.2051
"625",0.08,0.0971,0.1957,0.3515,0.0847,0.1911
"626",0.0924,0.2505,0.173,0.3718,0.0096,0.1027
"627",0.0246,0.1502,0.2633,0.3821,0.1327,0.047
"628",0.0497,0.2101,0.1881,0.3581,0.0845,0.1096
"629",0.1125,0.2342,0.0791,0.2996,0.1083,0.1664
"630",0.1026,0.0842,0.2436,0.3473,0.0267,0.1955
"631",0.0484,0.2102,0.2253,0.2901,0.0772,0.1488
"632",0.1198,0.1534,0.2265,0.3083,0.0409,0.1511
"633",0.1151,0.1523,0.175,0.3482,0.104,0.1055
"634",0.2575,0.1285,0.103,0.3592,0.0347,0.117
"635",0.0798,0.1769,0.199,0.2992,0.0872,0.1578
"636",0.0462,0.0655,0.2916,0.421,0.0789,0.0968
"637",0.1993,0.1813,0.1369,0.3464,0.0441,0.092
"638",0.1282,0.1014,0.2089,0.3441,0.0893,0.1281
"639",0.1684,0.0465,0.2766,0.3257,0,0.1828
"640",0.0672,0.2464,0.1163,0.2835,0.1527,0.1338
"641",0.1335,0.1454,0.1,0.2962,0.0758,0.2491
"642",0.0879,0.2545,0.0881,0.3569,0.1545,0.0582
"643",0,0.2074,0.2001,0.3352,0.1153,0.1421
"644",0.0079,0.2577,0.1261,0.3118,0.0869,0.2096
"645",0.1453,0.1956,0.118,0.3191,0.0715,0.1506
"646",0.0261,0.1903,0.1604,0.3219,0.1036,0.1978
"647",0.1846,0.0805,0.1856,0.3723,0.0056,0.1715
"648",0.0285,0.0618,0.2898,0.3669,0.0833,0.1696
"649",0.0264,0.1444,0.1794,0.2882,0.212,0.1497
"650",0.096,0.1694,0.1825,0.2965,0.0843,0.1713
"651",0.0893,0.2194,0.218,0.2949,0.1041,0.0744
"652",0.1661,0.0809,0.2203,0.3475,0.0952,0.09
"653",0.1742,0.0555,0.2336,0.315,0.1314,0.0902
"654",0.0164,0.2682,0.2007,0.3443,0.0567,0.1137
"655",0.0989,0.2252,0.1227,0.3829,0.0234,0.1468
"656",0.2018,0.088,0.1573,0.3042,0.102,0.1467
"657",0.1419,0.154,0.1681,0.311,0.074,0.1511
"658",0.1941,0.2354,0.0977,0.3425,0.0759,0.0545
"659",0.0078,0.3515,0.0589,0.3672,0.005,0.2097
"660",0.2343,0.0385,0.1696,0.2713,0.1113,0.1751
"661",0.0746,0.2917,0.13,0.3873,0.0654,0.0509
"662",0.1129,0.1397,0.1713,0.3312,0.0152,0.2297
"663",0.0239,0.2696,0.2206,0.385,0.0542,0.0468
"664",0.0358,0.2991,0.2315,0.3554,0.0207,0.0576
"665",0.2494,0.2029,0.1038,0.3092,0.0253,0.1094
"666",0.0672,0.1642,0.0524,0.3242,0.0492,0.3428
"667",0.0498,0.2198,0.1758,0.363,0.0123,0.1794
"668",0,0.3133,0.2368,0.3233,0.0521,0.0745
"669",0.092,0.1889,0.1053,0.3541,0.1015,0.1583
"670",0.0771,0.2786,0.2242,0.3514,0,0.0686
"671",0.0895,0.2234,0.1196,0.3271,0.0409,0.1993
"672",0.248,0.3038,0.0403,0.2835,0.0184,0.106
"673",0.0945,0.2166,0.2193,0.2946,0.0611,0.1139
"674",0.0297,0.2251,0.2372,0.3363,0.1256,0.0461
"675",0.1255,0.179,0.1666,0.3251,0.1,0.1039
"676",0.0605,0.2421,0.088,0.3496,0.1042,0.1555
"677",0.0577,0.2744,0.0658,0.3328,0.1143,0.155
"678",0.147,0.0989,0.2354,0.3647,0.0121,0.1419
"679",0.0397,0.1517,0.2664,0.3287,0.0851,0.1284
"680",0.2041,0.063,0.1833,0.3373,0.0672,0.1451
"681",0.1291,0.2196,0.1471,0.3467,0.0315,0.126
"682",0.059,0.2656,0.1046,0.2896,0.1334,0.1477
"683",0.0552,0.1858,0.1265,0.3284,0.0724,0.2317
"684",0.0138,0.1814,0.2254,0.3221,0.1273,0.1301
"685",0.1902,0.2442,0.0718,0.2774,0.0801,0.1363
"686",0.0576,0.1965,0.171,0.3451,0.0522,0.1776
"687",0.1722,0.0907,0.1318,0.3686,0.1677,0.0691
"688",0.1136,0.0999,0.2367,0.3687,0.0138,0.1672
"689",0.0895,0.1824,0.1775,0.325,0.0728,0.1529
"690",0.1079,0.2002,0.1308,0.3616,0.0854,0.1142
"691",0.0488,0.1173,0.2013,0.3411,0.0329,0.2586
"692",0.1257,0.1482,0.1206,0.3197,0.1092,0.1766
"693",0.0797,0.1382,0.1414,0.3363,0.1113,0.1931
"694",0.1131,0.1963,0.1094,0.3962,0.0274,0.1575
"695",0.1035,0.2621,0.1734,0.3242,0.0915,0.0453
"696",0.0845,0.2583,0.0368,0.2923,0.1084,0.2198
"697",0.0406,0.2076,0.0844,0.3021,0.1327,0.2326
"698",0.1921,0.0446,0.2177,0.2759,0.0948,0.1748
"699",0.0994,0.1147,0.2135,0.3072,0.0595,0.2057
"700",0.0496,0.2767,0.2089,0.3028,0.0695,0.0925
"701",0.0362,0.1895,0.2221,0.3615,0.0528,0.1379
"702",0.1014,0.1053,0.2231,0.3439,0.0451,0.1813
"703",0.1083,0.112,0.2062,0.3251,0.0934,0.155
"704",0.2026,0.0427,0.2596,0.2929,0.1496,0.0526
"705",0.1252,0.1886,0.2102,0.353,0.0781,0.0449
"706",0.0498,0.319,0.1795,0.3146,0,0.1372
"707",0.1178,0.0965,0.148,0.3692,0.1192,0.1493
"708",0.1525,0.182,0.1234,0.3367,3e-04,0.2053
"709",0.0057,0.2065,0.1584,0.3387,0.0715,0.2192
"710",0.0081,0.1644,0.2262,0.3851,0.1233,0.0928
"711",0.0091,0.193,0.2797,0.3322,0.0757,0.1102
"712",0.1693,0.1529,0.1408,0.3311,0.0743,0.1317
"713",0.0498,0.1405,0.1427,0.3886,0.2052,0.0733
"714",0.0983,0.1412,0.1479,0.3549,0.0967,0.1611
"715",0.2394,0.1745,0.1111,0.3246,0.0808,0.0696
"716",0.1396,0.0746,0.1935,0.3202,0.178,0.0941
"717",0.1375,0.1572,0.0834,0.3691,0.0821,0.1706
"718",0.033,0.2083,0.2245,0.3509,0.0287,0.1547
"719",0.1019,0.2229,0.0935,0.3094,0.1169,0.1554
"720",0.1147,0.1812,0.2178,0.3053,0.0836,0.0975
"721",0.0455,0.0394,0.2584,0.3144,0.0456,0.2967
"722",0.1426,0.1876,0.1877,0.3193,0.0886,0.0741
"723",0.1639,0.0685,0.0859,0.3449,0.1012,0.2357
"724",0.086,0.1388,0.2034,0.3133,0.1117,0.1468
"725",0.0723,0.1874,0.259,0.371,0.0322,0.0781
"726",0.1244,0.2074,0.2278,0.3219,0.054,0.0646
"727",0.2141,0.1201,0.1396,0.3267,0.0834,0.116
"728",0.0513,0.1828,0.2029,0.357,0.0583,0.1477
"729",0.1378,0.1718,0.1804,0.3297,0.0587,0.1216
"730",0.1095,0.2051,0.1002,0.3715,0.0155,0.1981
"731",0.1163,0.1418,0.125,0.3749,0.0955,0.1465
"732",0.0412,0.161,0.2467,0.3477,0.1002,0.1031
"733",0.0692,0.1118,0.2506,0.3777,0.1334,0.0574
"734",0.0908,0.0785,0.2058,0.3151,0.1495,0.1602
"735",0.0458,0.179,0.1365,0.3637,0.1302,0.1447
"736",0.0568,0.1542,0.2299,0.3328,0.0785,0.1478
"737",0.2302,0.1008,0.0801,0.262,0.0878,0.2392
"738",0.2013,0.1335,0.1279,0.3083,0.1208,0.1081
"739",0.0662,0.2259,0.1402,0.3019,0.0145,0.2514
"740",0.0177,0.3659,0.0509,0.3029,0.1252,0.1373
"741",0.1305,0.1871,0.1593,0.3313,0.049,0.1429
"742",0.0085,0.1319,0.2015,0.3468,0.046,0.2653
"743",0.0698,0.1282,0.1923,0.36,0.0338,0.216
"744",0.1099,0.2493,0.0955,0.2822,0.098,0.1651
"745",0.1016,0.1975,0.1659,0.3191,0.0573,0.1585
"746",0.1135,0.1721,0.1646,0.3465,0.0802,0.123
"747",0.0841,0.2038,0.1825,0.383,0.0315,0.1151
"748",0.1563,0.0863,0.175,0.3607,0.1395,0.0822
"749",0,0.2262,0.2288,0.4041,0.0777,0.0632
"750",0.1702,0.1818,0.1929,0.3524,0.0211,0.0817
"751",0.1818,0.1189,0.1118,0.2919,0.0749,0.2207
"752",0.1424,0.1789,0.089,0.3843,0.0678,0.1376
"753",0.0995,0.2032,0.1766,0.2903,0.0636,0.1669
"754",0.1091,0.1074,0.2399,0.3712,0.0092,0.1633
"755",0.1401,0.1307,0.1274,0.3365,0.0913,0.1739
"756",0.2,0.1663,0.1099,0.2875,0.1142,0.1221
"757",0.0343,0.0743,0.2849,0.4332,0.0624,0.111
"758",0.0159,0.2352,0.1069,0.368,0.0745,0.1994
"759",0.0059,0.1954,0.1708,0.3286,0.1274,0.1719
"760",0.1771,0.1446,0.1382,0.2761,0.0564,0.2076
"761",0.1231,0.1678,0.1679,0.3131,0.0216,0.2065
"762",0.0807,0.2082,0.125,0.3261,0.0938,0.1662
"763",0.1348,0.0803,0.2183,0.3145,0.0649,0.1872
"764",0.0268,0.2882,0.0905,0.3257,0.2169,0.0519
"765",0.1147,0.1714,0.0583,0.2947,0.1902,0.1708
"766",0.1539,0.079,0.1747,0.3316,0.0825,0.1784
"767",0.1752,0.157,0.1322,0.3092,0.0395,0.1868
"768",0.0868,0.2571,0.0707,0.3368,0.1394,0.1092
"769",0.0724,0.1233,0.273,0.4023,0.016,0.1131
"770",0.0418,0.1489,0.1918,0.3505,0.0869,0.1799
"771",0.0453,0.2602,0.1056,0.3488,0.031,0.2091
"772",0.1171,0.2587,0.1902,0.3592,0.0057,0.0692
"773",0.1202,0.0747,0.1715,0.3334,0.1237,0.1765
"774",0.1596,0.1612,0.1617,0.2872,0.0789,0.1513
"775",0.0779,0.2361,0.1961,0.335,0.0616,0.0934
"776",0.0051,0.0889,0.3351,0.3863,0.1318,0.0528
"777",0.191,0.181,0.1698,0.2846,0.0568,0.1168
"778",0.0799,0.2145,0.1441,0.364,0.0991,0.0984
"779",0.044,0.2372,0.1938,0.342,0.008,0.1749
"780",0.0467,0.1792,0.1794,0.3496,0.0951,0.1499
"781",0.0953,0.1703,0.1532,0.3472,0.0765,0.1574
"782",0.0526,0.2499,0.1855,0.3787,0.011,0.1223
"783",0.0105,0.2548,0.21,0.3465,0.0491,0.1291
"784",0.1118,0.1439,0.1895,0.3075,0.0815,0.1658
"785",0.0506,0.1836,0.2167,0.3624,0.062,0.1248
"786",0.0056,0.2432,0.222,0.3775,0.0247,0.127
"787",0.0527,0.1396,0.1464,0.3427,0.1392,0.1794
"788",0.1883,0.0418,0.2686,0.2874,0.0412,0.1728
"789",0.1726,0.2116,0.131,0.2854,0.1298,0.0696
"790",0.1379,0.0915,0.1989,0.313,0.1217,0.1369
"791",0.0072,0.1023,0.2363,0.3714,0.11,0.1728
"792",0.1655,0.1016,0.1176,0.3023,0.1017,0.2113
"793",0.025,0.089,0.293,0.3542,0.0043,0.2345
"794",0.1006,0.0996,0.2484,0.3654,0.0274,0.1585
"795",0.0516,0.2091,0.1543,0.3499,0.0353,0.1999
"796",0.1439,0.1151,0.1823,0.3506,0.0814,0.1268
"797",0.1225,0.1218,0.1518,0.3029,0.0834,0.2177
"798",0.1684,0.1997,0.1074,0.3089,0.0477,0.168
"799",0.125,0.1931,0.2319,0.3235,0.0084,0.1181
"800",0.0969,0.1651,0.1904,0.3497,0.0294,0.1685
"801",0.1409,0.0654,0.2074,0.3564,0.0338,0.1961
"802",0.1485,0.1667,0.1286,0.3295,0.0286,0.1982
"803",0.0016,0.2373,0.2139,0.3033,0.0418,0.2021
"804",0.1811,0.2164,0.0986,0.2884,0.0795,0.136
"805",0.1674,0.0911,0.2253,0.3441,0.0781,0.094
"806",0.038,0.0989,0.1374,0.4279,0.2177,0.0802
"807",0.0655,0.1992,0.0497,0.3025,0.1328,0.2503
"808",0.1821,0.0662,0.2068,0.2993,0.1034,0.1422
"809",0.158,0.0731,0.207,0.312,0.07,0.1799
"810",0.0181,0.3121,0.0499,0.2839,0.0311,0.3049
"811",0.0595,0.1701,0.1307,0.378,0.0323,0.2293
"812",0.1943,0.0847,0.0686,0.323,0.0978,0.2315
"813",0.1914,0.0833,0.2013,0.3101,0.1188,0.0951
"814",0.1575,0.0993,0.1255,0.3507,0.1031,0.1638
"815",0.1838,0.1467,0.1213,0.352,0.0162,0.18
"816",0.0889,0.1071,0.1843,0.3255,0.0488,0.2454
"817",0.1518,0.1898,0.1523,0.3204,0.1078,0.0779
"818",0.0358,0.1869,0.2155,0.3596,0.0299,0.1724
"819",0.0592,0.1111,0.1776,0.3619,0.1116,0.1787
"820",0.1661,0.1919,0.102,0.3023,0.0282,0.2095
"821",0.1763,0.2636,0.1497,0.2906,0,0.1198
"822",0.0473,0.1476,0.2028,0.3279,0.1005,0.1739
"823",0.0993,0.1336,0.1812,0.2888,0.0859,0.2112
"824",0.0311,0.3064,0.1697,0.2949,0,0.1978
"825",0.1302,0.1814,0.1212,0.3496,0.1086,0.109
"826",0.1595,0.2273,0.1355,0.3074,0.1269,0.0433
"827",0.1621,0.2278,0.1992,0.3225,0.0329,0.0554
"828",0.1037,0.0928,0.1976,0.3341,0.0947,0.177
"829",0.0928,0.1527,0.1729,0.333,0.052,0.1966
"830",0.1296,0.1555,0.1386,0.3356,0.0901,0.1505
"831",0.0729,0.0979,0.1708,0.3249,0.0882,0.2453
"832",0,0.2858,0.113,0.2857,0.1155,0.2
"833",0.1215,0.1102,0.1936,0.3632,0.0456,0.1659
"834",0.0712,0.1958,0.1599,0.3149,0.074,0.1843
"835",0.0422,0.1669,0.219,0.3049,0.1845,0.0825
"836",0.1001,0.0667,0.2113,0.3466,0.075,0.2003
"837",0.0553,0.2161,0.1165,0.3521,0.0548,0.2052
"838",0.1459,0.0909,0.1855,0.3331,0.1544,0.0902
"839",0.1069,0.0445,0.2733,0.3122,0.0043,0.2588
"840",0.177,0.2206,0.1191,0.341,0.0202,0.122
"841",0.1726,0.1929,0.0865,0.3452,0.09,0.1128
"842",0,0.2334,0.2275,0.3131,0.0652,0.1608
"843",0.1085,0.2273,0.2305,0.3137,0.0847,0.0353
"844",0.1846,0.1511,0.1035,0.3009,0.1761,0.0838
"845",0.2184,0.144,0.0427,0.2824,0.092,0.2204
"846",0.1411,0.2328,0.1267,0.323,0.0187,0.1577
"847",0.0118,0.3164,0.1642,0.4075,0.0208,0.0792
"848",0.0913,0.11,0.1948,0.3592,0.0433,0.2014
"849",0.208,0.1434,0.2479,0.3054,0,0.0952
