"","neu","NK","CD4","CD8","B","mono"
"0",0.286191379883087,0.0843591469624261,0.00724778068755513,0.440278109669711,0.115009125515927,0.0669144572812934
"1",0.276631288533339,0.113789389102182,0.147799603935233,0.286860347606492,0,0.174919370822754
"2",0.286502807672959,0.0411220411954522,0.217722140312261,0.274753157503089,0.134545044450654,0.0453548088655856
"3",0.0932213508649611,0.120974283908885,0.139536992250394,0.291600903210744,0.184779839421654,0.169886630343362
"4",0.251737209745495,0.0603427541753026,0.189073477094478,0.272291826785682,0.194655623849866,0.0318991083491769
"5",0.186838082451841,0.152641756679036,0.0405374438064374,0.517163908736794,0.102818808325891,3.43922747821457e-18
"6",0.187379103221206,0.125934550218681,0.0562916734957384,0.327173045585032,0.117809067119673,0.18541256035967
"7",0.039572481672334,0.132337102966484,0.321595853062295,0.168083552872625,0.15789719752383,0.180513811902432
"8",0.157588331863199,0.0445252619919242,0.222986845494236,0.316522726216274,0.258376834434367,0
"9",0.25187976065393,0.0769802901235885,0.0586176960259952,0.165915639251194,0.376083057854317,0.0705235560909755
"10",0.332082010789402,0.14505763200555,0,0.150049642943178,0.314546726577796,0.0582639876840729
"11",0.197854118203511,0.0757147044575838,0.167473110167707,0.203244227002145,0.121718710838078,0.233995129330974
"12",0.113433041795071,0.10046821632865,0.120618899895073,0.336985464268117,0.15916657561496,0.169327802098128
"13",0.242225214742158,0.0892954999989029,0.182247607068754,0.417023724621698,0.0540703181701963,0.0151376353982921
"14",0.303944608103458,0.0683766773293161,0.185982516844599,0.27583348051166,0.015477070305748,0.150385646905219
"15",0.0790466311180245,0.132927083162917,0.121496428551488,0.125129189142141,0.103572793022488,0.43782787500294
"16",0.185877413526527,0.0833152206013176,0.253231300603759,0.301029183320611,0.0836166365651257,0.0929302453826601
"17",0.224063352117246,0.0746098969662728,0.171825221813736,0.134018384975401,0.18523774895602,0.210245395171324
"18",0.335340668681199,0.127527588549726,0.0238936717203606,0.230350725741699,0.00180995316546092,0.281077392141555
"19",0.135850521023287,0.0952639982383775,0.0451386586333467,0.362025228338825,0.243776256344909,0.117945337421255
"20",0.0180158274745285,0.0522254688066444,0.311570060869568,0.0284092793299098,0.277980293028374,0.311799070490975
"21",0.218960894907489,0.0988014516461522,0.0300644693218376,0.308112536125906,0.155627855417809,0.188432792580806
"22",0.31467326855061,0.0508434606353466,0.176816634992346,0.225173772800558,0.0703408119262852,0.162152051094855
"23",0.329318518774526,0.071190531717811,0.0717930908361484,0.214329884141893,0.275722669765512,0.0376453047641092
"24",0.414342548823636,0.0639063895793528,0.000833077809273806,0.099210037816484,0.150885496852432,0.270822449118822
"25",0.00266884852621298,0.101432766409457,0.179844518795399,0.269448560889056,0.298094281969656,0.148511023410219
"26",0.126075096738874,0.0738330504976084,0.201057293687055,0.351436656296539,0.139915529605579,0.107682373174344
"27",0.209265219978134,0.0380509833068024,0.212837165529484,0.275780644409362,0.0593537953481434,0.204712191428074
"28",0.199501934577216,0.144036643473127,0.029437978295457,0.234998669429117,0.143412674089987,0.248612100135095
"29",0.237128699116182,0.10519474048134,0.148407224730663,0.277031416589655,0.0601415586224152,0.172096360459744
"30",0.220175304976633,0.179213264880133,0.0647255676970442,0.310258833557672,0.0738563288175179,0.151770700071
"31",0.390441048876269,0.0152052512314862,0.173565828286285,0.0937644439530754,0,0.327023427652885
"32",0.111002536023391,0.139103591538164,0.327746787702526,0.143685857708212,0.110059453891684,0.168401773136024
"33",0.15752628329297,0.130222468102481,0.16715995593649,0.347543295225871,0.145973394846821,0.0515746025953664
"34",0.108958156345263,0.143563094455875,0.244619496246477,0.301487312994834,0.129673874992922,0.0716980649646285
"35",0.129045146612041,0.124666271556185,0.00599108938206136,0.29140172770178,0.0343720248572899,0.414523739890644
"36",0.0511128408521935,0.103424160495878,0,0.0805304424585069,0.476343404736341,0.288589151457081
"37",0.241565066028575,0.04343658283937,0.238088897605875,0.090589849579443,0.0930836384918829,0.293235965454854
"38",0.104861343851173,0.105223838089798,0.310227068047042,0.112331945202285,0.11499286314479,0.252362941664913
"39",0.145845012591507,0.168639055166023,0.226978410441504,0.188013756234831,0.0409515801083515,0.229572185457784
"40",0.0704924161640636,0.14181745867903,0.185764449570915,0.294427454892495,0.240865605274184,0.0666326154193115
"41",0.202648326305801,0.119398478080238,0.269428388920559,0.128129482462836,0.11526560122042,0.165129723010146
"42",0.306120251203867,0.0405744102142414,0.217700839951921,0.202763065413674,0.232841433216297,0
"43",0.28118778217785,0.166251401980274,0.0685965803500446,0.409976672404694,0.0318176400952095,0.0421699229919283
"44",0.174845773491555,0.0675048889689938,0.142776835725919,0.319870196611628,0.0131418030235248,0.281860502178379
"45",0.1877287034554,0.157311917744115,0.0806143768221361,0.162817292192362,0.281390340612032,0.130137369173955
"46",0.243342068675898,0.0594346717779158,0.0932942367013695,0.256755163669028,0.143882479099977,0.203291380075812
"47",0.154259510536102,0.147929961290164,0.14678108056501,0.219469222808233,0.210751728835239,0.120808495965251
"48",0.0847162449145323,0.120876569226342,0.173913657907149,0.325309911777854,0.15955685497898,0.135626761195142
"49",0.21958245727967,0.060483570842556,0.0729404725606504,0.122969839150696,0.241122313694608,0.28290134647182
"50",0.16552317956676,0.0506225076013528,0.296518003003056,0.0490354200683788,0.283961421816145,0.154339467944307
"51",0.0879455778303517,0.0852724105815234,0.244951441124254,0.34005086430669,0,0.241779706157181
"52",0.0357940836863821,0.168590023630657,0.238739000464987,0.234154054396968,0,0.322722837821006
"53",0.26109452972058,0.0484669598716382,0.224111108219504,0.201478132334583,0.14086177394082,0.123987495912875
"54",0.0560635592965097,0.171077226580391,0.120560314056439,0.481202563256192,0,0.171096336810468
"55",0.312185247989534,0.123778446368251,0.00931491169158259,0.19245859595377,0.0488304721994299,0.313432325797432
"56",0.16154557248914,0.063252170467315,0.0847379281061099,0.377538492158164,0.312925836779271,0
"57",0.263349246300077,0.058804793998956,0.217909294697138,0.279943817712561,0,0.179992847291269
"58",0.0224414374560692,0.165554944374376,0.24599812900586,0.500735084312613,0,0.0652704048510816
"59",0.361434620541527,0.0420734109787093,0.18971430042388,0.107628701806909,0.143410116701944,0.155738849547031
"60",0.00792011996288319,0.138389958622551,0.15853603258915,0.306176069981896,0.173884015179055,0.215093803664465
"61",0.0268070259160998,0.105703936407101,0.24324291432134,0.304176678569907,0.247259468387689,0.0728099763978625
"62",0.107855657824142,0.102197510301716,0.17904361724037,0.225070971533937,0.385832243099834,0
"63",0.0750508882988114,0.170695071137021,0.112799416222141,0.278814847997854,0.281073843886725,0.0815659324574478
"64",0.25914630659898,0.124654718251375,0.0757770433068638,0.30648913265791,0.0311016460594634,0.202831153125409
"65",0.189087226344127,0.14196867886545,0.182674386676358,0.332399400268017,0,0.153870307846048
"66",0.153704693311286,0.0655170977633588,0.143408077695317,0.305447914225533,0.0501090406554154,0.28181317634909
"67",0.15181197706033,0.0786751076058969,0.163590933013926,0.0977533272653785,0.355906261641959,0.152262393412509
"68",0.0903607931758397,0.143487067034805,0.0216871436287688,0.187983100557738,0.174615073709803,0.381866821893045
"69",0.254853318895009,0.101256487641478,0.0246793357584683,0.318909904229676,0.0781876107406982,0.222113342734671
"70",0.258912854029631,0.052558444911798,0.194188097793045,0.266189353661994,0.0388125084518507,0.189338741151681
"71",0.0225233905973157,0.0747070160330688,0.272831408975546,0.362881796630949,0,0.267056387763121
"72",0.0499449527388754,0.124816010397533,0.207109770383049,0.308350678459073,0,0.309778588021469
"73",0.333175505878266,0.062695289749401,0.149363727273661,0.107217146594245,0.178105834729745,0.169442495774683
"74",0.305251461917843,0.103088452097074,0.0949306543397796,0.176590450348832,0.00343079942342389,0.316708181873047
"75",0.0492625976105,0.171638641495722,0.447337794212399,0.312083583059626,0,0.0196773836217536
"76",0.161852726185895,0.129842489109362,0.247490865365795,0.216465034302815,0.183709357120492,0.0606395279156415
"77",0.0690599353547788,0.107215065768529,0.180084453380368,0.278869693179562,0.124762486505674,0.240008365811088
"78",0.00193393166122881,0.144265562289545,0.309942582310037,0.402278546056602,0.0901562775484152,0.0514231001341726
"79",0.291193584452483,0.0496301009276844,0.298714988379244,0.133917461519444,0.226543864721144,0
"80",0.200632029265748,0.25318806547685,0.0618218496380251,0.408350549850916,0,0.0760075057684601
"81",0.273826726508726,0.100856230609003,0.0420235129105737,0.474282034951859,0.0726953151655223,0.036316179854316
"82",0,0.173470860352739,0.173622796542947,0.368065714649507,0.257394136560027,0.0274464918947795
"83",0.127845081542279,0.147240857058054,0.242547437633346,0.338677065319195,0.134749104329614,0.0089404541175112
"84",0.0361240814439327,0.096693418697818,0.180104088799885,0.290083396323487,0.235875596097142,0.161119418637736
"85",0.269056534200154,0.114780323098154,0.0897179877921715,0.263590867670296,0.220135464586647,0.0427188226525777
"86",0.0957376314707052,0.159227410488156,0.242553462559849,0.184551411654528,0,0.317930083826762
"87",0.102922816564887,0.1476023073014,0.0895690074457682,0.389771821925602,0.154350239391225,0.115783807371118
"88",0.36991499109372,0.0737239173553406,0.104891290713022,0.173183934852299,0.278285865985618,0
"89",0.286424431808391,0.0671603914673228,0.0968357199142467,0.232434816897155,0.123423545081893,0.193721094830992
"90",0.142612094680428,0.172263540592506,0.106191736602171,0.412479390920046,0,0.16645323720485
"91",0.353667936886856,0.118372870298431,0.0718800581205243,0.33605077050003,0.0992505386187326,0.0207778255754262
"92",0.124279276229743,0.0999574264725724,0.247800736174438,0.309021692192577,0.168768263698855,0.0501726052318155
"93",0.0446800827141019,0.09140694667034,0.213820120788777,0.0898660391659921,0.292667352252504,0.267559458408285
"94",0.277846652548465,0.116872663504431,0.163639809624574,0.166964845782783,0.271956827763153,0.00271920077659497
"95",0.247346642155603,0.0944154864091891,0.133294114415596,0.309490062617565,0.123998311192744,0.0914553832093029
"96",0.365836404695843,0.0664632270655037,0.164409108252956,0.0609700958726814,0.174888248989605,0.16743291512341
"97",0.276670228388221,0.0405786438358222,0.141544570925242,0.114178942650586,0.244601099885563,0.182426514314565
"98",0.27331528172216,0.0959492316052998,0.123106569792702,0.166421853117862,0.0844501527889374,0.256756910973039
"99",0.157258255894327,0.112953489226856,0.182406950607172,0.283090275486967,0.103438679806609,0.160852348978068
"100",0.074137219778347,0.0600791619133659,0.0831581425857651,0.325155009955088,0.38845338374494,0.0690170820224937
"101",0.312140618270822,0.0418212922785516,0.331210633319545,0.152614061974986,0.13502804511914,0.0271853490369565
"102",0.182938144770317,0.0835487034576114,0.0895282197828119,0.261180404640214,0.0963550511827073,0.286449476166338
"103",0.162426823824503,0.0892321314008701,0.0326913960434135,0.192095041263842,0.143173614483989,0.380380992983382
"104",0.166731267367392,0.112306796601099,0.141555300845672,0.220514874552644,0.150241401609578,0.208650359023615
"105",0.0627609019098502,0.0701072639960081,0.336057193906759,0.138961092408018,0.224063520602361,0.168050027177003
"106",0.284073840132064,0.0550307363490227,0.255286398365641,0.128422687755261,0.216645933249665,0.0605404041483461
"107",0.222763794872054,0.146404985928364,0.0363819394182344,0.204970398090486,0.249903653645913,0.139575228044948
"108",0.130594308195036,0.064309768805329,0.243306783737415,0.323556667140552,0.0536242182963857,0.184608253825282
"109",0.143532226074847,0.0857510813477633,0.13468969253997,0.229393279907031,0.263760340122957,0.142873380007431
"110",0.20659712705868,0.0476835213673079,0.164142237230346,0.261432479106892,0.0492235719007739,0.270921063336
"111",0.114942428509915,0.11439208963011,0.153226842168954,0.365410020842738,0.0892180552811728,0.162810563567111
"112",0.0856418375630167,0.104158345059333,0.0218358692324591,0.325758260469753,0.174883844623882,0.287721843051556
"113",0.148383877801919,0.100072044022482,0.246019064719111,0.132398482105598,0.258294407466756,0.114832123884135
"114",0.0207691017448298,0.164412287670659,0.239957935907442,0.364635606646856,0.194868271403955,0.0153567966262567
"115",0.175491879469317,0.109419027838894,0.13592821457596,0.258166256064208,0.141137638534156,0.179856983517465
"116",0.104894825424509,0.134988922663194,0.190748362803713,0.374559490707034,0.19480839840155,0
"117",0.0231350271774461,0.0706319372876879,0.1315366409209,0.322448860393423,0.207410128588025,0.244837405632519
"118",0.294315037915409,0.0617032101665449,0.0827480261683003,0.354913671683291,0.115198365020156,0.0911216890462983
"119",0.047224686879976,0.164366839922372,0.167396985016045,0.175214432154264,0.238345003530391,0.207452052496952
"120",0.196152490914842,0.079870889209338,0.388927570299999,0.247906164356221,0.0549910865238871,0.0321517986957119
"121",0.096500699867502,0.0652131709210343,0.279728212662224,0.304435472658065,0.0630005101477552,0.19112193374342
"122",0.225067821152875,0.164509216844082,0.145585945385587,0.3642310353532,0,0.100605981264256
"123",0.379861597464642,0.0411613259728101,0.201652913263046,0.143803834452371,0.0204054183617095,0.213114910485421
"124",0.267699674524582,0.0495092543283241,0.19862985006343,0.159691309854322,0.0429762057760505,0.281493705453291
"125",0.245090715669269,0.0722654184465073,0.18582407955392,0.0844845360983266,0.224461187660053,0.187874062571924
"126",0.293887003797553,0.0891315682736729,0.153654004139324,0.231020481928966,0.223778660223631,0.00852828163685259
"127",0.194601317559973,0.168828446718918,0.209221015544796,0.338276024843952,0,0.0890731953323609
"128",0.0346901438724614,0.0951881086329303,0.214954277675242,0.435117930795287,0.216473625163269,0.00357591386081086
"129",0.298528921648777,0.133770268684871,0.0193397194144029,0.335777401773027,0.00582133544869476,0.206762353030227
"130",0.204458083069997,0.196408572839514,0.106375332524705,0.411159271137096,0.0680324077435327,0.0135663326851557
"131",0.166988531184979,0.074382062631933,0.235352731044562,0.194925394987674,0.191318908943375,0.137032371207477
"132",0.28984253218116,0.0672813923125001,0.126256870063905,0.330413513980328,0.186205691462107,0
"133",0.266229330622097,0.0970642855840181,0.246884351273909,0.157354931105926,0.0975939556374831,0.134873145776567
"134",0.0618457732940813,0.0949321915004114,0.275000352045911,0.287335395338143,0.222413246254478,0.0584730415669756
"135",0.35317528878049,0.10504284331587,0,0.152303735808667,0.118051377530982,0.271426754563991
"136",0.197284722694657,0.0940881338623011,0.0295020480690555,0.281883945529706,0.271391922408534,0.125849227435746
"137",0.106597564013995,0.108542993369962,0.0832038021006401,0.205098553889895,0.160033772392071,0.336523314233437
"138",0.203399928768854,0.111867151295138,0.173790338672812,0.25123275738528,0.0620301184715154,0.197679705406401
"139",0.250827657779211,0.0774678002117597,0.203641676003205,0.105165570360343,0.362897295645482,0
"140",0.0854800824242752,0.0794762509512808,0.0360468500102048,0.342421826993846,0.260498394732085,0.196076594888308
"141",0.0384643203847925,0.110305568237775,0.265748995452993,0.289359420903214,0.109787716467556,0.186333978553669
"142",0.327628276839115,0.181184734316789,0.0514899289173625,0.305112270283789,0.1204166634368,0.0141681262061454
"143",0.10092470819618,0.108323325955746,0.203040102563989,0.215985884822561,0.146514176475072,0.225211801986453
"144",0.178450946259988,0.15886035452862,0.0921841786175266,0.413857693188717,0.103555545836333,0.0530912815688146
"145",0.314094994272739,0.0305497640549904,0.0344621150958173,0.161897190333647,0.190898241407278,0.268097694835529
"146",0.0245213061169296,0.144702403866844,0.0898201716772348,0.369470851614971,0.204242270250652,0.167242996473369
"147",0.331216603761958,0.027111055110641,0.0973337456772301,0.240574400906348,0.0377934248306131,0.26597076971321
"148",0.383583975134594,0.057116775889006,0.190181488370887,0.245268410842915,0.00986470995165704,0.113984639810942
"149",0.283517534651976,0.0570585569417978,0.164863455841511,0.19265109537263,0.273386492477842,0.0285228647142442
"150",0.00308058021336838,0.135281588221851,0.307195007835339,0.352510071633751,0.201932752095691,0
"151",0.043537766999807,0.17949088417663,0.322306473062122,0.25073982986574,0.0838437788787988,0.120081267016903
"152",0.150198658470848,0.0632447154815216,0.212735434708442,0.349470964164668,0.22435022717452,0
"153",0.157492765383535,0.143930626513487,0.142931626677305,0.331246549011144,0.144784330934015,0.0796141014805137
"154",0.307717487154084,0.0881169947136631,0.108930081616881,0.15565594559207,0.0514803051588156,0.288099185764487
"155",0.329282758095351,0.0305459503269691,0.225797339172065,0.248676714698282,0,0.165697237707333
"156",0.133225276679425,0.168169938364142,0.0640979127807354,0.399253806223391,0.0411081230522143,0.194144942900093
"157",0.0155580693920819,0.084231839343692,0.101026381264913,0.379381631521158,0.206776220018105,0.21302585846005
"158",0.250959587517566,0.149153957734717,0.113725471413188,0.226675983742139,0.114645513842487,0.144839485749903
"159",0.181376231726565,0.151938839268025,0.190564241793452,0.431851661684931,0,0.044269025527028
"160",0.281498756357964,0.170565432725366,0.138413177801545,0.226808763399613,0,0.182713869715511
"161",0.0929574864010197,0.111445074901536,0.107155520237933,0.592326744060957,0.0741976477602628,0.0219175266382912
"162",0.0106384090884706,0.186142294932127,0.277637660586026,0.341150869154111,0.145442778241013,0.0389879879982536
"163",0.412199005338382,0.0958168236435928,0.142258056207766,0.303667692458956,0,0.0460584223513028
"164",0.0803663779642675,0.187144945851159,0.298939127879564,0.24115935639065,0.103767272774842,0.0886229191395156
"165",0.180211505810387,0.12393798290085,0.159727947925387,0.204704022041289,0.158038720946197,0.173379820375889
"166",0.274335665728142,0.0580524782856841,0.140859714421079,0.139792318011305,0.212002800195226,0.174957023358564
"167",0.235675478808996,0.0717315039289101,0.376877137370056,0.0924442817026658,0,0.223271598189372
"168",0.291048303528544,0.0355486990316678,0.239875850353782,0.205279937450012,0.0293349214875289,0.198912288148466
"169",0.326061623131435,0.0925880198591165,0,0.264444923885999,0.133117330955745,0.183788102167705
"170",0.214494226893361,0.0796833045101343,0.112693532820784,0.320250337514762,0.0653738042518559,0.207504794009103
"171",0.243134566031176,0.101771670843877,0.211927572570269,0.141280558152504,0.2026853653638,0.099200267038373
"172",0.0895190349482708,0.110562913473982,0.211627531330977,0.198599571117239,0.17872318723109,0.210967761898442
"173",0.0566003376987981,0.209017582403825,0.167086546345474,0.235517914621873,0.287605779797258,0.0441718391327722
"174",0.0223730018468992,0.137062888700054,0.182235274559886,0.266208484339997,0.16155373147592,0.230566619077243
"175",0.117229449699207,0.162966355391302,0.179538183469938,0.354565976968206,0.0710173579399183,0.114682676531429
"176",0.361703373314511,0.0550543843009635,0.00125760663011646,0.178887849146211,0.294487212920356,0.108609573687843
"177",0.316579343554995,0.0639903188246126,0.0622888186189542,0.182070567518487,0.098337415592916,0.276733535890035
"178",0.136675975957344,0.061985236229973,0.0187863376346697,0.264911617573613,0.424394610276729,0.0932462223276714
"179",0.171616877825321,0.0970712641283348,0.0342765580368201,0.466475842934011,0.0459646804142982,0.184594776661215
"180",0.28466488641393,0.0917015663270257,0.0976091228198096,0.151693152504987,0.123449085900014,0.250882186034234
"181",0.186730128217321,0.123682020268795,0.0852537280557951,0.298949364860035,0.170368170686627,0.135016587911427
"182",0.101002928512376,0.180294030906217,0.179346767481538,0.481369442605676,0,0.057986830494192
"183",0.14375176086135,0.0900028649326583,0.0815852989500124,0.372833581534791,0.211658922972618,0.10016757074857
"184",0.031097635701153,0.178752938018845,0.0786338013579354,0.185431015757816,0.22911295300171,0.29697165616254
"185",0.245840029353213,0.118393581451971,0.0083960725219688,0.207520475392791,0.214853299580791,0.204996541699266
"186",0.0527866315633255,0.11309080314151,0.0752574391985976,0.276571863266252,0.132256723541276,0.350036539289039
"187",0.105048400932554,0.10952295646839,0.205945086741281,0.323176787598937,0.235198737915275,0.021108030343563
"188",0.0459624434685125,0.131220208067017,0.217956370662403,0.276561141626896,0.0907990785248394,0.237500757650332
"189",0.256531094246316,0.0810140507783659,0.0914083379505414,0.239558482601409,0.273858470854223,0.057629563569145
"190",0.274414131322937,0.0754272096548008,0.0938840189764683,0.232312230702874,0.18256680737339,0.141395601969529
"191",0.386080714869244,0.157040436683864,0.0335048910724582,0.281103359546712,0.129498326862691,0.0127722709650304
"192",0.259297957352037,0.074811391721783,0.239959279366304,0.179218334579155,0.219280313497072,0.0274327234836493
"193",0.306519242953291,0.121461672756353,0.22478524437761,0.154954445878936,0.191508498474409,0.000770895559402132
"194",0.17399529488389,0.121037718090842,0.22299960887578,0.207403266141347,0.166257220549927,0.108306891458214
"195",0.0625833636043776,0.0817613575540175,0.0414929456937201,0.34359341937624,0.203873997102016,0.266694916669628
"196",0.209377294743934,0.129589641314605,0.18906694279836,0.383897705799066,0.0268423627135366,0.0612260526304981
"197",0.199283380151512,0.0634231345753415,0.108758559754304,0.113537861818956,0.255489061815773,0.259508001884113
"198",0.14436114338852,0.0457077888362472,0.25980911969133,0.0380223093826565,0.424050719943584,0.0880489187576613
"199",0.20482773744254,0.158366239485219,0.00261031397875927,0.427777911356108,0.206417797737373,0
"200",0.161061726834795,0.106736638255152,0.00902402214312675,0.42453052833926,0.17362207686731,0.125025007560356
"201",0.119676481946474,0.0637805965733388,0.136410564870013,0.278740607365805,0.224763211265949,0.17662853797842
"202",0.0715525244964833,0.143066649983345,0.229158092522838,0.175633339876814,0.171813044494442,0.208776348626078
"203",0.269648405876145,0.0634907589602945,0.0919579571943973,0.293809570517323,0.18102401603158,0.100069291420261
"204",0.24934838160451,0.0438286191488591,0.175660896610578,0.160588955463116,0.183209848770335,0.187363298402603
"205",0.219935698972113,0.13571428993324,0.155957904060562,0.179802985835411,0.179933249394966,0.128655871803708
"206",0.379801606072314,0.0594954281178046,0.0369429524037238,0.248836385623463,0.06814948243816,0.206774145344535
"207",0.298384640532341,0.0982391505896448,0,0.350422653464455,0.0677908367744811,0.185162718639079
"208",0.154485671863833,0.0756041970843316,0.16624948508899,0.265335163229906,0.170139731960215,0.168185750772724
"209",0.217442864839731,0.100537538239598,0.231398113526755,0.128115390332335,0,0.322506093061581
"210",0.214349933101355,0.133349989862555,0.127787596177,0.32187671457728,0.00073819777872559,0.201897568503084
"211",0.227162146642587,0.0757806997654993,0.205349258346522,0.320762449694075,0.0887792087831677,0.0821662367681487
"212",0.0571678834087075,0.126800162536071,0.136654031054405,0.285774452161958,0.195308248934084,0.198295221904774
"213",0.0181134668039919,0.257686609651718,0.19346841361262,0.530731509931669,1.84240813699573e-19,0
"214",0.28745360460314,0.0736659525088074,0.255432753540724,0.155837817756095,0.120498200177963,0.107111671413271
"215",0.0322678221712574,0.156889961785455,0.233889224619881,0.28390641638137,0.0370303299168381,0.256016245125198
"216",0.134191274893517,0.1065271994526,0.300155324386328,0.207893581690158,0.21359740461796,0.0376352149594357
"217",0.135519630943033,0.18571603912004,0.00378965361426338,0.289642601627303,0.103992652476271,0.281339422219089
"218",0.175330833547983,0.083812565102349,0.163987079274822,0.254586053421464,0.0239025203791953,0.298380948274187
"219",0.107348801921325,0.11665923257533,0.0360025654013178,0.270047191617763,0.220462085200965,0.249480123283299
"220",0.325293809233417,0.0834131301086065,0.0178765142411886,0.151580640220123,0.0256081428097099,0.396227763386955
"221",0.0330799847338416,0.0944041494696659,0.309280321245072,0.178034591777855,0.0861153910953286,0.299085561678238
"222",0.304770073610111,0.107748191965841,0.208341864879336,0.12576240969274,0.15481572087071,0.0985617389812621
"223",0.124867144457003,0.114135395069033,0.121021311763718,0.159511730708621,0.336270310081459,0.144194107920166
"224",0.0205563928822091,0.119639954197821,0.256569378664884,0.365546711462903,0.237687562792184,0
"225",0.0651423053596159,0.153227460494865,0.0765373590849767,0.446212037519341,0.16926367192917,0.08961716561203
"226",0.28086207471724,0.0408486524983698,0.0530283286583349,0.176387445079189,0.27529086660281,0.173582632444056
"227",0.147863179546434,0.0790472855108656,0.0866446861791177,0.10147087850958,0.237164729261192,0.34780924099281
"228",0.159023726998432,0.12538158620001,0.0634850239383801,0.389576486600989,0.184760367027397,0.0777728092347925
"229",0.0814406310621933,0.127528910415614,0.27150906078596,0.182594055104097,0.0766529768140284,0.260274365818107
"230",0.0320698817828095,0.0957256288824046,0.184478058551155,0.34786736053243,0,0.3398590702512
"231",0.223787050161971,0.0546003187880429,0.176152484891558,0.129022841446,0.224111732571127,0.192325572141301
"232",0.25480705816151,0.141303502701562,0.116666786253463,0.245972253982788,0.0820375451336069,0.15921285376707
"233",0.205888195323422,0.0545131551976621,0.263206043622131,0.130767018855689,0.147211823613489,0.198413763387606
"234",0.377734232043054,0.0771245164377365,0.202432648201187,0.173731192791182,0.124320403465841,0.0446570070610002
"235",0.104603827314731,0.167271712497434,0.267895171011469,0.234591594614472,0.0446675694670599,0.180970125094834
"236",0.0564909745254338,0.191093253631576,0.0346237242088838,0.293958713755604,0.213113804291031,0.210719529587472
"237",0.415697496072231,0.111850113829331,0.234291621982606,0.191567747979555,0,0.046593020136277
"238",0.171298554016983,0.171348615305708,0.0606092280509568,0.1829328429844,0.255794764324502,0.15801599531745
"239",0.147735662621505,0.144312189660799,0.186833650772113,0.124567278961802,0.144629234586365,0.251921983397416
"240",0.150292552253822,0.170418727100618,0.067731423111992,0.367563648620698,0.0891872113425062,0.154806437570364
"241",0.189012190717078,0.0867397497973428,0.218618865827239,0.284741051870926,0,0.220888141787413
"242",0.204234825168126,0.132318821793228,0.00187563980791564,0.383617740911075,0.00217491481512163,0.275778057504535
"243",0.28063671148427,0.0620449098046004,0.162604589876527,0.160507468110964,0.281062103062746,0.0531442176608913
"244",0.26942578546909,0.114948686959711,0.102517595016563,0.186780305095206,0.256374610283988,0.0699530171754416
"245",0.132765676085365,0.122368780350657,0.211383520529848,0.274817868842339,0,0.258664154191791
"246",0.190866321803824,0.134826011199145,0.145719958978561,0.271899644361915,0.0510678408512249,0.20562022280533
"247",0.0208087014129394,0.18009146195989,0.19251147495099,0.214709441647919,0.235940959110666,0.155937960917595
"248",0.148831539838417,0.104044982555013,0.110078305330522,0.30704107170855,0.185031163948408,0.14497293661909
"249",0.0661703026071413,0.182758302047079,0.0740978684945339,0.485737010378657,0.0421349840004602,0.149101532472129
"250",0.0340807378825969,0.176099272446602,0.0776927684005772,0.480851762644659,0.0490829720254808,0.182192486600084
"251",0.240320866581563,0.107251779341283,0.124766757955827,0.31534883484181,0,0.212311761279518
"252",0.282353786490152,0.0972639435384272,0.0139721779106736,0.218381190595584,0.189081916067617,0.198946985397545
"253",0.209353265008177,0.120440560583161,0.0723296020722627,0.26082050812153,0.218397167943333,0.118658896271536
"254",0.430160010709577,0.0826919485790472,0.23752871474549,0.175948639105416,0,0.0736706868604697
"255",0.166799461886973,0.138581123207921,0.0331236708738123,0.192045854060902,0.199591074859239,0.269858815111152
"256",0.217483371118842,0.0899081968570928,0.129052906505452,0.269952918696187,0.083810149285973,0.209792457536453
"257",0.232911205567007,0.106080755386201,0.290637718863272,0.0955366266108961,0.145727862492496,0.129105831080128
"258",0.198167504190383,0.11850662954733,0.120965646542663,0.301367671537218,0.0165574899703817,0.244435058212025
"259",0.156278867499151,0.17568720916566,0.109009485772089,0.418592302032397,0.124999110291787,0.015433025238914
"260",0.258789654423025,0.135168858526834,0.194071513439373,0.217582620420025,0.102729278477238,0.0916580747135049
"261",0.270033539306246,0.112095909307358,0.141219420619487,0.376897116515104,0.0795923609964685,0.020161653255336
"262",0.117103760059607,0.125922426315739,0.17787752011915,0.350195764042931,0.154440034568258,0.0744604948943144
"263",6.36099849790072e-20,0.25427530499689,0.0267402479796887,0.297547312519067,0.421437134504354,0
"264",0.322387847405755,0.0274308218738861,0.0474321009049273,0.361116026147629,0.144094494051323,0.0975387096164794
"265",0.246532804059771,0.0842698635388763,0.17521592760001,0.239618912394208,0.138776331617878,0.115586160789257
"266",0.18489956915716,0.0833276171890282,0.286273645097976,0.0639131330455923,0.25136216094884,0.130223874561403
"267",0.154926343529763,0.0538363675527327,0.269654022595262,0.194164544499186,0.0887738809733486,0.238644840849708
"268",0.218488657606575,0.0693890473140524,0.137200349781591,0.261871177167574,0.131347158926155,0.181703609204053
"269",0.161183375118703,0.0558706934172115,0.303243886881772,0.304288416336158,0.0793471452070435,0.0960664830391117
"270",0.138348578605679,0.0619962382041276,0.319731876449343,0.150901652002589,0.111708947648574,0.217312707089687
"271",0.0823473304152664,0.123762268940214,0.146132559860803,0.225627309244818,0,0.422130531538898
"272",0.349413516993414,0.131394444127005,0.286366414945478,0.176591343839258,0,0.0562342800948444
"273",0.259191072612851,0.0977164424873136,0.0677124673639566,0.0992850904858111,0.221347509817346,0.254747417232722
"274",0.46577663306154,0.0667280835379514,0,0.30646142489381,0.0203743422325104,0.140659516274188
"275",0.0286847234439364,0.164144932248868,0.233772568967436,0.298237254732748,0.0619441962056547,0.213216324401356
"276",0.101896435294894,0.13693661844512,0.294460465124722,0.277804806414986,0.0505422285412717,0.138359446179006
"277",0.123564448565431,0.112624291829902,0.281635022931362,0.260666224925961,0.191175923784291,0.030334087963053
"278",0.151660348006296,0.0782962670050969,0.105947611033846,0.170787753589867,0.19283512603874,0.300472894326155
"279",0.0974154369024182,0.129434934889514,0.137358129614384,0.261317248777347,0.125230767074942,0.249243482741395
"280",0.248434116233764,0.115621570768148,0.254482303958,0.132129972417996,0.141985611887488,0.107346424734604
"281",0.0516962827729845,0.18116208975104,0.259724926798581,0.273282476706216,0.0583421934819945,0.175792030489183
"282",0.228198324560088,0.134218666578076,0.22821923707095,0.19896284161863,0.173157099336389,0.0372438308358666
"283",0.298239438788481,0.0472581621183383,0.101155094904015,0.358412638285303,0.1692881139818,0.0256465519220626
"284",0.029456245899294,0.196362962680092,0.323774282224072,0.29166774587606,0.0643193038172831,0.0944194595031988
"285",0.284351537074464,0.123301632873872,0.0714799983240128,0.201842339910416,0,0.319024491817235
"286",0.140755011850758,0.176273094926604,0.0720704011243312,0.376353494918146,0.0405047619364475,0.194043235243714
"287",0.299864282853097,0.0730206513980993,0.127636886339568,0.186694910489562,0.187586752831281,0.125196516088392
"288",0.233404327993202,0.121150101491511,0.089745160050279,0.212756658105799,0.211798130027235,0.131145622331974
"289",0.263783277820292,0.0971830111261756,0.160510714421599,0.147403176119476,0.229569225570277,0.101550594942181
"290",0.112007984307578,0.187199226043928,0.12324128318385,0.545073471018881,0.0324780354457623,1.7029217442207e-18
"291",0.0630166247094179,0.0814922905457614,0.101277817277682,0.324671797083515,0.203847596468304,0.225693873915319
"292",0.198267832845194,0.073172531626951,0.153841218692447,0.253234578414746,0.276536282053555,0.0449475563671064
"293",0.321000939329991,0.0254257783108452,0.195719013259184,0.078843927091082,0.261341583964131,0.117668758044766
"294",0.24222019336329,0.0704148520178384,0.260590755225216,0.255452119871162,0,0.171322079522494
"295",0.315241003497153,0.144760846879834,0.0343982120007174,0.342471417305782,0.146016423326303,0.017112096990212
"296",0.221849735362215,0.053773694167538,0.265816399229469,0.299349589051456,0.10028609008029,0.0589244921090312
"297",0.0545843421227047,0.083193675674828,0.0919508179192654,0.250957412316971,0.234895854947415,0.284417897018816
"298",0.0802702434006617,0.14254306538498,0.011067950751327,0.464247698757649,0.0130841515868511,0.288786890118532
"299",0.0706385443650608,0.139849083173999,0.0155074769690093,0.418755933705726,0.207565573931142,0.147683387855063
"300",0.0915750138458399,0.0717170571630188,0.345605413755416,0.231461241435597,0.185796633393499,0.0738446404066295
"301",0.066891881253274,0.141207241484268,0.206120975100168,0.307046739213981,0.137868429613326,0.140864733334983
"302",0.293347348065376,0.0882385139916506,0.0795703767940863,0.277141333614627,0.0694881981981884,0.192214229336072
"303",0.12645186394298,0.14722050737909,0.174197855944992,0.405638089072569,0,0.146491683660368
"304",0.100664197438715,0.167064210084948,0.307177087511189,0.197556701075406,0.095679568981875,0.131858234907867
"305",0.0365647844641423,0.106728034746858,0.359356572379836,0.382779435699096,0.114571172710068,0
"306",0.252656491271398,0.124402197569166,0.0357595003107169,0.434827597980649,0,0.152354212868069
"307",0.126655530063611,0.105875329620222,0.236162228148144,0.35329962709218,0.115085129804603,0.0629221552712398
"308",0.141908673905133,0.0556874900909617,0.073225018738233,0.249855325507245,0.129577578615469,0.349745913142959
"309",0.0583331003958436,0.177931478211345,0.186080825239884,0.464932161838205,0.0581735045720728,0.0545489297426499
"310",0.217834992972647,0.0817625612116936,0.137965988719042,0.284109772098571,0.157652190646492,0.120674494351555
"311",0.262647666094839,0.0848124639375529,0.14279680992151,0.203555187281221,0.124174086873903,0.182013785890975
"312",0.022438560933253,0.139007518905615,0.125808494791838,0.288786494398241,0.13486160746953,0.289097323501524
"313",0.192451703070769,0.0407529604550027,0.0327055620246292,0.224846553809475,0.230001536746513,0.279241683893612
"314",0.233945954147283,0.047208000939053,0.167324098417,0.162817153315202,0.097262354539073,0.291442438642388
"315",0.106853366211448,0.119870280330481,0.246602790286133,0.114866464440338,0.261219239864547,0.150587858867054
"316",0.172746670495689,0.121584000476333,0.187481853900055,0.346896763465388,0.113659201563503,0.0576315100990325
"317",0.247760497962939,0.0683297346417797,0.0350184050205537,0.224156910251903,0.217561920276577,0.207172531846247
"318",0.189766336086501,0.0989403938162592,0.150339686080668,0.293411509813306,0.104934829420385,0.162607244782881
"319",0.0854694962636212,0.144729712643824,0.120443078708963,0.331743308568497,0.174957422045476,0.142656981769619
"320",0.238137186380843,0.0933113318316743,0.174222861479912,0.325496414948148,0.0900316973536612,0.0788005080057606
"321",0.339270854639097,0.0570318486933894,0.158859391952194,0.0997890859316486,0.118548842010476,0.226499976773195
"322",0.0169581538472008,0.0889057372223314,0.50793763384792,0.109691883102868,0.162602655388622,0.113903936591057
"323",0.10887159565219,0.139111387386027,0.10554887326675,0.356494858225259,0.164867654271702,0.125105631198073
"324",0.0885463405683935,0.0542677712927922,0.178035073242732,0.17336072469306,0.195998330021009,0.309791760182014
"325",0.2900744073144,0.114208358555903,0.0158213656414026,0.1391286293353,0.176087603587824,0.26467963556517
"326",0.130289671618434,0.128882260065142,0.175926613114909,0.259422958907924,0.136616487011765,0.168862009281826
"327",0.0868382743644661,0.119346910148881,0.150854776517764,0.420506643770632,0.0661844489533053,0.156268946244951
"328",0.213636499983871,0.096967645128327,0.0260616572345322,0.453328066209817,0.190774896159797,0.019231235283656
"329",0.184467811511512,0.123096704721483,0.0464189887545024,0.328554793246939,0.11886244519582,0.198599256569743
"330",0.104482133854538,0.0943309565652914,0.316917165818526,0.282111306260035,0.0579848486145165,0.144173588887093
"331",0.122278916647182,0.165261120143569,0.100068129285638,0.273209699660519,0.191096602299457,0.148085531963635
"332",0.326369850015172,0.0628470358447813,0.275506585818131,0.097956294965924,0.000532436456377307,0.236787796899614
"333",0.181459025920458,0.124244073235363,0.100530775487518,0.23802673304518,0.119017971531609,0.236721420779872
"334",0.0946492541927507,0.150540506928037,0.199118649649779,0.20156357115962,0.0680736082419487,0.286054409827865
"335",0.206173880832506,0.125557268821944,0.142826342085191,0.275637858067779,0.0715833953084621,0.178221254884117
"336",0.295968904010057,0.121901479453147,0.139106053346144,0.215260412498326,0.0223367546401443,0.205426396052181
"337",0.0741021059567693,0.112105113158152,0.184144510260334,0.292910454808202,0,0.336737815816542
"338",0.215988756163623,0.127181100455428,0.119955449661764,0.348771023589893,0.107698466016546,0.080405204112745
"339",0.0440489236525184,0.164055145777009,0.0392027823921569,0.330399373497403,0.0720706946085458,0.350223080072367
"340",0.19958322939702,0.143289908202479,0.00349791586446555,0.283303810519539,0.19982547325711,0.170499662759388
"341",0.218024097987293,0.127402395455847,0.0841103111708869,0.251407776594213,0.126580397431411,0.192475021360349
"342",0.100159696991835,0.0655654554152443,0.248181864126757,0.271163066346244,0.1354121191627,0.17951779795722
"343",0.250481023575024,0.0697752194892306,0.289359754930003,0.11181274886038,0.115565669164892,0.163005583980471
"344",0.23224781565171,0.0674825479463986,0.253172123467037,0.354519618399132,0.0426329002504459,0.0499449942852762
"345",0.057991662587968,0.119193924454401,0.369389500593615,0.134824789537434,0.284648779114719,0.0339513437118628
"346",0.131995599045655,0.0560811237947778,0.154130238098937,0.265238922475806,0.0813448458193182,0.311209270765507
"347",0.2560046549772,0.104078661423862,0,0.142242736891243,0.205144738275061,0.292529208432633
"348",0.202625619185141,0.167387480020413,0.184041100208421,0.268831497272391,0.00196181359834605,0.175152489715287
"349",0.0973774869826517,0.122775233625679,0.23540186856686,0.429461283486127,0.050332167253983,0.0646519600846999
"350",0.350480490830409,0.0310716901193045,0.0410188329317951,0.0824820980931053,0.136867728286248,0.358079159739138
"351",0.263274172082039,0.0904256181769048,0.251471928725454,0.376405040167824,0,0.018423240847778
"352",0.249800581455846,0.0466581626892513,0.0897887050340485,0.357371102339853,0.18716460320605,0.0692168452749513
"353",0.0222599968626773,0.253940796018808,0.0778126540189708,0.548373154495418,0.0681853691057587,0.0294280294983673
"354",0.28052326193371,0.113207785786429,0.0974734245751389,0.263910217488808,0.0356455682155117,0.209239742000403
"355",0.088300947248674,0.0760441557701209,0.204399362986665,0.330050923505679,0.0276663000999155,0.273538310388945
"356",0.306195105233778,0.0774070320428536,0,0.25727752795302,0.247840380841977,0.111279953928372
