"","neu","NK","CD4","CD8","B","mono"
"0",0.441077421167504,0.114317157119582,0.193510842093879,0,0.0521477296289537,0.198946849990082
"1",0.309767471877044,0.189924068235665,0.0223162045002417,0.234895144328386,0.165483090498926,0.0776140205597361
"2",0.118409890421416,0.203347122000255,0.205517807934725,0.218555259908884,0.179662516253764,0.0745074034809561
"3",0.173826526769835,0.162438792239259,0.137879348813067,0.136538315769056,0.19764990118232,0.191667115226463
"4",0.299603032592159,0.208968649314626,0.0404863623678819,0.090742873926815,0.116668851938247,0.24353022986027
"5",0.387495951572843,0.179239763620781,0.0450188185360369,0.00798415920455359,0.0709951657475429,0.309266141318242
"6",0.369948174593462,0.109369970081582,0.192301181017024,0.0381411592822927,0.184442550736176,0.105796964289463
"7",0.181313517760273,0.210488435800472,0.210883395452063,0.0345852153345576,0.019489004933565,0.343240430719069
"8",0.321070993854826,0.111922531209881,0.207879674348518,0,0.265016166819427,0.0941106337673482
"9",0.201286597852146,0.191008002581515,0.0324351308915097,0.0493852844001051,0.249330349842318,0.276554634432406
"10",0.318456169631333,0.155397014847034,0.113706758485197,0.143793620133042,0.262489629097152,0.00615680780624136
"11",0.227456859515488,0.179699456970068,0.1948615008768,0.0710286382798102,0.0951708150115685,0.231782729346266
"12",0.278866249905454,0.128855222843937,0.122049863240041,0.10918508104201,0.226523355412875,0.134520227555682
"13",0.109182040386557,0.20993358915189,0.111163832290367,0.259755627172577,0.226240622177042,0.0837242888215661
"14",0.346264378123733,0.168768756560683,0.172328604895304,0.13959237743278,0.153396597028702,0.0196492859587981
"15",0.143599208519177,0.248735844948283,0.163836682118897,0.158426966027431,0.249629548018453,0.0357717503677583
"16",0.287511722782696,0.162667294326637,0.103889463867794,0.16862988872366,0.136576245089105,0.140725385210108
"17",0.296511183782027,0.136227054641437,0.059092632556821,0.11431785859099,0.192884432039429,0.200966838389296
"18",0.270898610493904,0.20049454356755,0,0.119119043898895,0.221611462717838,0.187876339321813
"19",0.279093405305392,0.120469187996071,0.189580534141889,0.198258747524725,0.0551958720918937,0.157402252940029
"20",0.230297224335145,0.151586649488242,0.217257619534245,0.19393869061041,0.136670449050975,0.0702493669809822
"21",0.231754088341585,0.185252302443843,0.0862289502811727,0.177185455178222,0.127625355411424,0.191953848343754
"22",0.38731497453186,0.191491693365525,0.0686809438656483,0.147771123060545,0.155581279717043,0.049159985459378
"23",0.319178280223704,0.122379341961659,0.188080777279664,0,0.157117625006209,0.213243975528764
"24",0.172853708906469,0.192605502255337,0.176038114163059,0.180206343230239,0.154524595259005,0.123771736185892
"25",0.311839102190424,0.149198801052044,0.260444855090566,0.174310581004994,0.096493817338544,0.00771284332342806
"26",0.299129053390418,0.129968493735587,0.150299746071848,0.103978406754702,0.166782042688734,0.149842257358711
"27",0.121957602331265,0.213308230697079,0.0720928148782969,0.103180081625101,0.187693254735163,0.301768015733095
"28",0.309417364006379,0.239542318916383,0.0348377156956938,0.131522719442688,0.281289360648601,0.00339052129025538
"29",0.247231844325745,0.163276374886189,0.127444476010344,0.14809146772362,0.0359157410955618,0.27804009595854
"30",0.311047465522827,0.176682848196876,0.0512552820027988,0.114965278529173,0.0471732561219017,0.298875869626423
"31",0.231450509677803,0.211072469193251,0.0144318346388991,0.0551825210414889,0.231361524506366,0.256501140942191
"32",0.196297200091564,0.19708048382339,0.152272307785651,0.0597722876497813,0.194307362722679,0.200270357926934
"33",0.21306743787243,0.204641744437515,0.00557484815736363,0.234285223514486,0.0871160829156404,0.255314663102565
"34",0.288772904030309,0.183843379722223,0.0421204757947728,0.200601241281985,0.249084528564664,0.0355774706060453
"35",0.150455102233844,0.216299796909271,0.233556891065933,0.214934620853501,0.0163331092292972,0.168420479708153
"36",0.342171697025949,0.130950102141679,0.0645766986018203,0.218351145984754,0.105907579744324,0.138042776501474
"37",0.15484111902814,0.145367579489424,0.2302596760988,0.104811804581771,0.20495910277118,0.159760718030685
"38",0.187571343526194,0.315583523484197,0.0709020829231465,0.128474761720016,0.143131703830297,0.15433658451615
"39",0.343837385245464,0.189349413768922,0.160152832230028,0.00861573315148865,0.141606891349884,0.156437744254213
"40",0.270687693912237,0.225961506830823,0.0791959277970356,0.0454278267424892,0.301173149419462,0.0775538952979534
"41",0.301216770512712,0.145365877040003,0.193918830552014,0.0996567534944044,0.155774100750684,0.104067667650182
"42",0.25894608593586,0.13205545588805,0.0552473132600559,0.162256256704623,0.354522697018105,0.0369721911933063
"43",0.351783536392633,0.110818301319137,0.327691584031242,0,0.10983965916945,0.0998669190875381
"44",0.170278618890506,0.188706893442717,0.134531419638664,0.243870965385503,0.0217865685755784,0.240825534067033
"45",0.296334070341263,0.23785260919754,0.0774380499343764,0.21690889344644,0.0150057044096846,0.156460672670696
"46",0.226096965006264,0.126046639940239,0.140179464972142,0.0178223190043969,0.228082172823551,0.261772438253407
"47",0.16842170672757,0.114753812773601,0.0100009863743065,0.0737048699357395,0.488398302987268,0.144720321201515
"48",0.391205462130826,0.135364012554267,0.138932913881866,0.234577647126686,0.0224889829178759,0.0774309813884789
"49",0.3234400272195,0.180721078259689,0.145728255345709,0.0189582490559027,0.250246610786982,0.0809057793322167
"50",0.269676644369306,0.137014886201403,0.197740262258897,0.0928486564422615,0.0492544842767593,0.253465066451374
"51",0.309536188437714,0.126565104023029,0.125943644253768,0,0.233383508030994,0.204571555254494
"52",0.203001674290238,0.206893998763679,0.217547354234229,0.0485564182151152,0.164830866702149,0.159169687794591
"53",0.30950264314099,0.162393387588019,0.0917164234823279,0.101063916677025,0.173040703803303,0.162282925308335
"54",0.301158007464127,0.163585502757928,0.164700782337256,0.0841095399405205,0.144144164103596,0.142302003396572
"55",0.267734852976839,0.163457837817494,0.0143449976861273,0.0564401339033606,0.36818703607061,0.12983514154557
"56",0.314330255482496,0.203408528172918,0.0300760822571114,0.0595381078799433,0.239438963665788,0.153208062541743
"57",0.265629914704293,0.159278408301443,0.19715261632876,0.0843164565463883,0.0818722958688371,0.211750308250279
"58",0.352496153434074,0.137147365566414,0.0739502561829941,0.124356681230352,0.0671696653362875,0.244879878249878
"59",0.267635322397669,0.194933253597287,0.0903219537635785,0.176630569908039,0.0760331793271766,0.194445721006249
"60",0.353687886458399,0.139876183326367,0.0941139976701738,0.0710818919608929,0.102819444596251,0.238420595987915
"61",0.283235365177261,0.195863785455521,0.176908884831525,0.173563357110175,0.0911955113712521,0.0792330960542657
"62",0.288595002695481,0.122598166444001,0.0483055041819351,0.181321818012157,0.244540194117917,0.114639314548509
"63",0.270329640535824,0.133554055101167,0.145959325970492,0.149081834102003,0.0970147479835105,0.204060396307003
"64",0.269449240962005,0.165426437637507,0.0934422577587516,0.269074212036624,0.0919446695923114,0.110663182012802
"65",0.250453959796796,0.185267825066892,0.210676590500751,0.102848441872085,0.0758599770678591,0.174893205695617
"66",0.28276571593116,0.160261711723616,0.0651762153715593,0.0902489776753093,0.215585758856703,0.185961620441654
"67",0.188705715928748,0.126981380403931,0.0393074854313032,0.297006450399803,0.347998967836215,0
"68",0.216262339076393,0.210147970923289,0.0357532609148141,0.19495982970056,0.179005306277193,0.163871293107751
"69",0.150630037355213,0.186533249578766,0.258059644725442,0,0.279090464560942,0.125686603779638
"70",0.220698705228057,0.151166474707257,0.223001621095742,0,0.281774579123021,0.123358619845924
"71",0.213431428733971,0.174994990098046,0.226023967593352,0.0810670419505189,0.0638643183468452,0.240618253277268
"72",0.129286519850209,0.133737139179675,0.170846306410823,0.193390626176954,0.357143641567126,0.0155957668152129
"73",0.32150160625477,0.112026737727498,0.147381866428163,0,0.163377225442826,0.255712564146744
"74",0.355582602212821,0.111784207966685,0.247773210627933,0.0526725223237832,0.0661769145051266,0.166010542363651
"75",0.319670581922229,0.218930963725267,0.0156142279667557,0.0780548893881751,0.215696601848814,0.152032735148758
"76",0.268128618377901,0.184510960642245,0.0903627935188364,0.181994810477695,0.212232620674721,0.0627701963086018
"77",0.309552488755988,0.206992646767256,0.0240830196046736,0.0642286506027862,0.0613736014246107,0.333769592844685
"78",0.193584365829991,0.216933972280452,0.0987465983685341,0.149023753715629,0.0693712219183935,0.272340087887001
"79",0.341068237404187,0.133935221479109,0.316341570319293,0.0969021545920962,0.0491687910529874,0.0625840251523277
"80",0.179749007671554,0.146930551434156,0.140843320549809,0.0717960740802451,0.0675790909393179,0.393101955324918
"81",0.240416893589091,0.184149919389635,0.146918436184916,0.136697598615459,0.11410476501482,0.177712387206078
"82",0.149051777085758,0.215643871724258,0.103354639948757,0.170240974328544,0.122339302804261,0.239369434108424
"83",0.309946313402786,0.195465563370062,0.0293243704223745,0.28202069725501,0.0408654612634411,0.142377594286327
"84",0.202040743251122,0.212867856251432,0.22372449599448,0.318037058832285,0.0180218826379,0.0253079630327815
"85",0.251103045600925,0.138113561746213,0.179516016134535,0.225738534540243,0.153029011537502,0.0524998304405816
"86",0.149098921235179,0.203920210976829,0.266747543977925,0.107435092111074,0.0229716264831606,0.249826605215833
"87",0.198182394929452,0.228408028662778,0.141982895271513,0.118258697376759,0.181934589879908,0.131233393879591
"88",0.166426197983753,0.154250700750973,0.0493771122567348,0.351416712516346,0.278529276492193,0
"89",0.450406409018822,0.107383129065072,0.0847811284740896,0,0.12168596920416,0.235743364237856
"90",0.164510659456106,0.222038649895631,0.215366571544126,0.14099743001673,0.131475358612186,0.12561133047522
"91",0.257041226999127,0.244321949825003,0.103008039183609,0.183104244187343,0.0518544471503923,0.160670092654526
"92",0.251116600899202,0.171725643519317,0.218684998571102,0.09590360216928,0.214906689966785,0.0476624648743132
"93",0.283357321274606,0.144124759149212,0.144605843527999,0,0.224233785690037,0.203678290358145
"94",0.291361012636624,0.132839571438919,0.162842278239845,0.101657674204527,0.108956003902379,0.202343459577706
"95",0.307922466228744,0.119252744665172,0.172154097929943,0.0811810296045191,0.171552986049757,0.147936675521864
"96",0.317031918857331,0.161582620679932,0.0550558381229415,0,0.284267932537477,0.182061689802318
"97",0.267987764623157,0.204342589483058,0.19493911771013,0.201261032059722,0.015423550722531,0.116045945401401
"98",0.388850404503276,0.2066489328396,0.0676026330463505,0.212975156755571,0.0562179286072229,0.06770494424798
"99",0.221753842028979,0.208240214862814,0.0990446121844764,0.191172242078648,0.0840247514233034,0.195764337421778
"100",0.198411610795226,0.214487556059561,0.205385737687254,0.174472943022787,0.045356865809402,0.161885286625769
"101",0.329388308437497,0.169676014825171,0.200501923715302,0,0.26315027721943,0.0372834758026003
"102",0.261577176723528,0.202704990252413,0.184893906369675,0.0688326047995925,0.129825997505971,0.15216532434882
"103",0.381570944343448,0.192282772287366,0.206568182249858,0.0198572705869451,0.166804321611494,0.0329165089208889
"104",0.348424023804156,0.143774757984318,0.16154533003466,0.0462009795528801,0.114424992185026,0.185629916438959
"105",0.187291169319123,0.167070032839911,0.255239646024739,0.0769815677743426,0.232538389291999,0.0808791947498854
"106",0.173315987367493,0.185275026225214,0.104862161552228,0.184239377295744,0.148524739371591,0.203782708187731
"107",0.390632483978334,0.125066945694436,0.144747967526151,0.135429349715994,0.0262390089497785,0.177884244135307
"108",0.303290878490251,0.186425591562595,0.0091533023841969,0.114398523690726,0.201402116291711,0.185329587580521
"109",0.288850795027269,0.156838825005485,0.10643995135708,0.141653885838184,0.142357097766444,0.163859445005537
"110",0.193560694510625,0.158693821025597,0.150410210470884,0.0368572315233217,0.157752999170738,0.302725043298835
"111",0.142077238792556,0.227760628950374,0.146630533522749,0.0913613573887581,0.143370020728234,0.24880022061733
"112",0.289465270874381,0.198598562983322,0.229978056953767,0.0168762757044478,0.0888635285053456,0.176218304978736
"113",0.306502018293993,0.153592973119685,0.157555544945613,0.177381557344234,0.0977085181278695,0.107259388168605
"114",0.234388252120976,0.135333177265903,0.195910738379144,0.147365404406038,0.0635773313340721,0.223425096493867
"115",0.134056329237446,0.204502249123441,0.260560663161424,0.0666105257805009,0.253542806831521,0.0807274258656677
"116",0.294684954935618,0.266216369178375,0.0213834953353483,0.20728857324089,0.197222510476453,0.0132040968333155
"117",0.224358511822009,0.173583838440699,0.0664248240381198,0.0896535172041372,0.220950652708002,0.225028655787033
"118",0.302567835987723,0.201475907941205,0.179287428483121,0.167898002933338,0.0138348595298972,0.134935965124716
"119",0.428702619554394,0.131650734307361,0.0552995528659999,0.21048551898351,0.0831049934847345,0.0907565808040009
"120",0.202532854067265,0.234507835994731,0.0473738604188475,0.30637805865727,0.201190669630341,0.00801672123154629
"121",0.370150413131861,0.175892285665966,0.10149936447389,0.127048859339496,0.0866513159950847,0.138757761393702
"122",0.234090692637347,0.201050905378184,0.181595288903608,0.0818306765395335,0.17102696653218,0.130405470009148
"123",0.227532346433713,0.198911850191583,0.0729105859193506,0.0196391424986556,0.214319048861395,0.266687026095303
"124",0.19024746416413,0.205867776732745,0.129288244713504,0.164401995165967,0.196578335119063,0.113616184104591
"125",0.297804059743918,0.159868641616898,0.181378539996932,0.0494542790151704,0.14096061972053,0.170533859906552
"126",0.300672103959781,0.130804613686856,0.153815081054268,0.104134176699528,0.0674678509522117,0.243106173647355
"127",0.259087890813292,0.15953613047743,0.142510170301416,0.112994916649099,0.150834124085677,0.175036767673086
"128",0.326085463078316,0.155107815064794,0.178126834606794,0,0.197792224778424,0.142887662471672
"129",0.1403932923154,0.220459269633439,0.184014988099195,0.141234202661191,0.182436285789361,0.131461961501414
"130",0.227086128569258,0.191963762407751,0.164757018750904,0,0.18981338284967,0.226379707422418
"131",0.268802982658676,0.135192920391749,0.0517208827309627,0.0747960197154623,0.223943456551994,0.245543737951156
"132",0.25218019341138,0.141635941461627,0.166060466006726,0.194976484165327,0.24514691495494,0
"133",0.277874665391401,0.142430603575882,0.155787599894344,0.0876322595146668,0.099733683904903,0.236541187718804
"134",0.110825353530538,0.256500627974068,0.252909896138504,0.136328561373994,0.0866495522550676,0.156786008727828
"135",0.345272098590305,0.125716567868176,0.179898946004543,0.051019010051352,0.0362443794712317,0.261848998014392
"136",0.204506584899995,0.190246421024192,0.178640623392568,0.172919216900963,0.202544787609238,0.0511423661730442
"137",0.283780529898571,0.184357141486219,0.0826453434956122,0.0801399428946093,0.294237975714686,0.0748390665103025
"138",0.163696504403084,0.227380908251506,0.205332226720253,0.0362955010885377,0.173414696842408,0.193880162694212
"139",0.214056885414552,0.143846780884954,0.210147714952174,0.126771625913516,0.170849821284194,0.134327171550612
"140",0.24383526910316,0.238713414233831,0.368360550836911,0.0275662977452904,0.0283846232492086,0.0931398448315983
"141",0.291916404353597,0.134342168061847,0.183390273877198,0.178370959694802,0.0397384204714321,0.172241773541124
"142",0.276910582696592,0.151695428678928,0.238907242594115,0.0528208798616054,0.208824395014463,0.0708414711542956
"143",0.172108345882817,0.22053354202932,0.0917411301564732,0.242048387481205,0.154518955442238,0.119049639007947
"144",0.216739992717004,0.209218069813117,0.143265441770739,0.101998253516469,0.170464159421288,0.158314082761383
"145",0.240347152604825,0.203451170097767,0.0954689328179237,0.122467387353572,0.246326552548123,0.0919388045777896
"146",0.191024744395405,0.153142526119914,0.0927962965195209,0.152691582619827,0.206622193435011,0.203722656910322
"147",0.196476262239415,0.21968757399231,0.176854483415013,0.0302090658358953,0.181829791438795,0.194942823078571
"148",0.305367538366357,0.141889684819028,0.0647614869031088,0.153929979319651,0.176361466960954,0.1576898436309
"149",0.289250985155665,0.172329710672863,0.125753951237127,0.0717045947127945,0.16853350113498,0.172427257086569
"150",0.30640086963861,0.18838415269198,0.167505786404094,0.113357728968413,0.125983716459271,0.0983677458376323
"151",0.169390583415167,0.175401900418264,0.148229613160605,0.049048847729208,0.27252813555776,0.185400919718996
"152",0.308790148058924,0.1327698696236,0.0189205328449461,0.181149062003699,0.159749512597005,0.198620874871827
"153",0.28966421255562,0.159280018429239,0.129407516319042,0.128641747032295,0.149441421471968,0.143565084191836
"154",0.17701782009601,0.209829665938767,0.216583872818119,0.198106381154377,0.0583758609562602,0.140086399036466
"155",0.123439164200166,0.20295921155589,0.216572816072534,0.188099074028809,0.102032291246138,0.166897442896463
"156",0.360146838677101,0.108200681291789,0,0.193854118547733,0.200739884425142,0.137058477058235
"157",0.397515123454414,0.129648439314303,0.0356762614810349,0.00758994272814392,0.0956635817396751,0.333906651282428
"158",0.232685709859646,0.193070967329663,0.031158518357223,0,0.270246328215027,0.272838476238441
"159",0.406374812650587,0.177973659473049,0.0218778470347411,0.0734014142019682,0.166712473740165,0.153659792899489
"160",0.256869702936805,0.270985591871621,0.00666201078689964,0.233010230177661,0.11674263995788,0.115729824269133
"161",0.354481992094009,0.144803634196188,0.132070778827328,0.158495117962254,0.106348437907658,0.103800039012563
"162",0.176841954246163,0.20350473995502,0.172753326028989,0.163991773497466,0.217129529975675,0.0657786762966877
"163",0.359472870398768,0.137692871242718,0.0600340802602031,0.226797836330254,0.0331975932986613,0.182804748469396
"164",0.343856191248897,0.19663914022331,0.0342247626313979,0.249621015520123,0.0953640582785681,0.0802948320977035
"165",0.293563150514605,0.148933649874551,0.0344775935593645,0.117468567891475,0.0549603293130196,0.350596708846984
"166",0.310444030872116,0.102789118330534,0.0688301503348664,0.22715515406547,0.0943791036799911,0.196402442717022
"167",0.27230008901282,0.160387771502443,0.187028425356183,0.0679261822720749,0.175988910026419,0.13636862183006
"168",0.141897608196809,0.178016147795024,0.215594696419462,0.0612149456359279,0.10678150777956,0.296495094173217
"169",0.252330670361131,0.129880833857855,0.191753613347728,0,0.125310343972212,0.300724538461074
"170",0.216005042944775,0.166377649413266,0.0926553134458732,0.137040947762901,0.18208155159161,0.205839494841575
"171",0.211822564066042,0.153127789130603,0.158306196527393,0.148911458543969,0.108614458738737,0.219217532993257
"172",0.371966167168477,0.123485774637316,0.154069363366969,0,0.190073088633088,0.16040560619415
"173",0.11524844041151,0.272477684106056,0.154835978157188,0.250272021977724,0.0792860804573179,0.127879794890205
"174",0.23545754168607,0.2297951775756,0.104254918062521,0.231223803749278,0.143637407120206,0.0556311518063253
"175",0.290785415651089,0.158154157163661,0.151791459543013,0,0.205060918833282,0.194208048808955
"176",0.239763835260505,0.221716350977843,0.0498633257223989,0.151841522424697,0.120359863425171,0.216455102189385
"177",0.182083376407865,0.169799828845406,0,0.110033075412838,0.331434454910826,0.206649264423065
"178",0.317746349625829,0.132047383949702,0.0785929539098839,0.108831812125689,0.211461185276754,0.151320315112143
"179",0.181782902566635,0.149192193456,0.13683199524829,0,0.412412971281196,0.119779937447879
"180",0.266537690786966,0.136353471271727,0.163270804047677,0,0.189015388612627,0.244822645281003
"181",0.283523272899034,0.226379909859252,0.0977098442941144,0.111343861071483,0.109347887599063,0.171695224277052
"182",0.25377829250269,0.154324711246738,0.0472188019682739,0.240655263052617,0.0751376757096321,0.228885255520049
"183",0.26999933329471,0.164866432676788,0.0917162674644229,0.0987735079069009,0.17673752411966,0.197906934537518
"184",0.278669354479856,0.137357373742702,0.206210940772551,0.156617155172943,0.103260624285747,0.117884551546201
"185",0.328198263235285,0.206217532517828,0.12554922214232,0.0276261533273569,0.10354187531375,0.20886695346346
"186",0.330076330321356,0.155263078855625,0.16434467134485,0.0915219454774447,0.0614006080018153,0.197393365998909
"187",0.354495859508319,0.142086756697901,0.0859934636550933,0.130690434722318,0.247108566704952,0.039624918711417
"188",0.206170482545802,0.218920261326382,0.253612878651793,0.112815233431807,0.180503928402251,0.0279772156419652
"189",0.320386881341154,0.163462045563152,0.163551119431633,0.0950967132993853,0.181365605621705,0.0761376347429704
"190",0.242544565667534,0.242627416472857,0.0200431699343022,0.16692323747616,0.105859671156479,0.222001939292668
"191",0.250801675139772,0.168947949387224,0.0799786940864383,0.218853856000457,0.26613765265469,0.0152801727314194
"192",0.139545727285418,0.199950448757445,0.181838641702302,0,0.121298124228187,0.357367058026648
"193",0.276222552888016,0.184881999684104,0.153173743338616,0.0674364281743771,0.139224460174721,0.179060815740166
"194",0.313758720752965,0.164186985309704,0.039133042020994,0.179639266616004,0.256492100104601,0.0467898851957318
"195",0.346888752200456,0.154474440559478,0.137882042262873,0.181829639616504,0.162840181547934,0.0160849438127547
"196",0.228332742215746,0.178819310105974,0.199028489461736,0.0459485706655702,0.112740016507526,0.235130871043448
"197",0.2840653447762,0.143169317213948,0.0760483745137952,0.154105116996445,0.194151916831722,0.14845992966789
"198",0.282093764719815,0.109046337311784,0.1610581692071,0.121153002009457,0.163882894851846,0.162765831899998
"199",0.197558012253451,0.148038390845503,0.146195334440522,0.0773226834540469,0.199122618390335,0.231762960616142
"200",0.559780600612846,0.129383515816538,0.0126430093736325,0.0335657497594251,0.239286723023168,0.0253404014143901
"201",0.116641431826506,0.176771123531183,0.330399079481866,0.165909724111645,0.132430421795516,0.0778482192532837
"202",0.245853259351598,0.197108237022588,0.148455303921799,0.111392248215607,0.0171415961497111,0.280049355338697
"203",0.160529777562838,0.19048618025366,0.159284180466971,0.133964196602915,0.249050194698538,0.106685470415078
"204",0.373958499816871,0.171504400850733,0.0805534808447932,0.0311555551906217,0.167666458032336,0.175161605264645
"205",0.169083418208982,0.187960596545967,0.209308827692067,0.129916336579322,0.0970372621954888,0.206693558778173
"206",0.322748600352411,0.188882059278738,0.192273297524665,0.0115675406924597,0.0964749981604057,0.188053503991321
"207",0.294411499298142,0.142389373602281,0.168101435682522,0.100986299544477,0.157756177690523,0.136355214182054
"208",0.331108122165562,0.188690436384174,0.013757667130619,0.271144003178478,0.133065066620279,0.0622347045208878
"209",0.344309830066685,0.136964071765489,0.146457382802261,0.156322402841378,0.0445272207946524,0.171419091729534
"210",0.12541146564525,0.2024658906744,0.153774680469632,0.178582221234596,0.110708192400963,0.229057549575159
"211",0.20693540716477,0.196268557304087,0.0715485492465915,0.305853779649532,0.157068808966362,0.0623248976686571
"212",0.15605392729287,0.192089242696531,0.190457903111996,0.0535209551519425,0.195623049100137,0.212254922646523
"213",0.1400297837222,0.21993393685984,0,0.21630057948225,0.23923778490083,0.18449791503488
"214",0.353275033895527,0.174676475829178,0.132374373989172,0.0140076239509811,0.0470448084697129,0.27862168386543
"215",0.17994590113197,0.171706835126764,0.273437424927044,0.00700286778539468,0.327503575973709,0.0404033950551178
"216",0.367714630119716,0.128924287272142,0.177542964410951,0.110934179447319,0.0520335373590451,0.162850401390826
"217",0.203402715133668,0.215581206358109,0.152475374258946,0.214623782003643,0.196985007905933,0.0169319143397007
"218",0.197927291909435,0.243885682687994,0.145749895866513,0.135399313468184,0.253459474572691,0.0235783414951816
"219",0.18076981332221,0.213406278998269,0.175244526928285,0.0353120960000239,0.21599598159786,0.179271303153353
"220",0.457382952159032,0.159729099628963,0.13367556507275,0.113137116009524,0.0714391854619743,0.0646360816677559
"221",0.286129528377353,0.160211125293404,0.215399275862539,0.0646044881075014,0.0212606286299854,0.252394953729218
"222",0.290572128790486,0.143465360712151,0.242544845208429,0.0838953404360816,0.0422320959340209,0.197290228918831
"223",0.325675947203786,0.190295863026073,0.0367752065268843,0.164114741072802,0.175020418655207,0.108117823515248
"224",0.294039815098317,0.190739873213728,0.147682072028597,0.168827374221663,0.111549274085482,0.0871615913522115
"225",0.129419769707158,0.205324672981865,0.180526432860156,0.167405171845278,0.0829541543217456,0.234369798283798
"226",0.247173858401035,0.197057530360106,0.17788898616984,0.102294104472978,0.210803954139164,0.0647815664568771
"227",0.296665889379535,0.154584608925234,0.197476971867823,0.133044848607962,0.105659578824655,0.112568102394791
"228",0.215887944750847,0.243062035546915,0.339960083228343,0.0284393023460382,0.0329053862513111,0.139745247876547
"229",0.244022612355398,0.167533817181409,0.162855629407635,0.047484776039165,0.193934819310657,0.184168345705736
"230",0.358098881610715,0.111070935309447,0.0818206214654988,0.138220368356857,0.179034310590182,0.1317548826673
"231",0.217922024558946,0.261135804872911,0,0.277280227155273,0.182033515805435,0.0616284276074358
"232",0.128814702822985,0.157401173816516,0.0517482328944963,0.218275984451804,0.308810546748849,0.13494935926535
"233",0.141328591221932,0.208253869153999,0.167930822538329,0.122733675881043,0.158837966242755,0.200915074961942
"234",0.171257390872888,0.201658503675064,0.255610134821932,0.309277576499832,0.0341627306580191,0.0280336634722655
"235",0.334365387397525,0.170831849698728,0.223729181736687,0.0462062189255691,0.0668462879909134,0.158021074250577
"236",0.184276932296763,0.19200631713991,0.0940109040061258,0.204364027545236,0.21596338841562,0.109378430596346
"237",0.149938878582559,0.2358490765249,0.0259562307221438,0.323430683661911,0.198358689627994,0.0664664408804922
"238",0.287253044563676,0.14059955583777,0.062103643971485,0.10711877011912,0.216815776463916,0.186109209044033
"239",0.339685724777454,0.197339719596073,0.277329576808305,0.000844602546186714,0.0274514055127099,0.157348970759272
"240",0.261346883426597,0.275602705713673,0.0490358164354302,0.0637506905337467,0.335640189986419,0.0146237139041332
"241",0.416506293260983,0.121778916713043,0.236800091536085,0.130447976930356,0.011485796309115,0.0829809252504175
"242",0.276112179467921,0.153862199510182,0.155420619063974,0.117329766342259,0.0857555179654384,0.211519717650225
"243",0.322715510204235,0.194041855547736,0.154118326401848,0.0119732421214258,0.223729250084979,0.0934218156397761
"244",0.111442219885452,0.241061841877985,0.129903371472289,0.291854799122716,0.162314996430181,0.0634227712113756
"245",0.256224530715049,0.179991543489741,0.035121338595088,0.25056505709236,0.18199262100604,0.0961049091017226
"246",0.325406123595,0.183167461200087,0.0583825180748223,0.153380960287451,0,0.279662936842639
"247",0.189309720826154,0.148835409610803,0.121031907584652,0.0815296599078688,0.110308546705446,0.348984755365077
"248",0.267003311815361,0.141165468527121,0.267641952051838,0.067352733583603,0.232139612890977,0.0246969211311004
"249",0.258547384525278,0.135914210944157,0.206821920562803,0.0100909073930482,0.28019714179632,0.108428434778394
"250",0.311858347469401,0.144068376934736,0.0325772750467173,0.111123368417999,0.232401538624357,0.167971093506789
"251",0.286408914682748,0.146969082797515,0.124282818430027,0.016560766072187,0.220396097295093,0.20538232072243
"252",0.131894110035813,0.131535808294968,0.193433932040627,0.21565302313539,0.0230483069567714,0.30443481953643
"253",0.212908669075717,0.219506926030843,0.220400487820567,0.0483640660911866,0.27024065524939,0.0285791957322955
"254",0.226893936324173,0.20649124826659,0.164900108455734,0.138599948561599,0.0537928436564172,0.209321914735486
"255",0.29360693741929,0.219935162935645,0.153914528442197,0.073280485399823,0.194279293417241,0.064983592385804
"256",0.250298251324109,0.180141158954722,0.141829521780082,0.156895036767118,0.214166406359469,0.0566696248145009
"257",0.254045709449708,0.174165468348209,0.232299679592537,0.043507970645317,0.0411948187692256,0.254786353195004
"258",0.369566825564988,0.111002596364254,0.0541250870107022,0.0409392000704486,0.243581558931423,0.180784732058184
"259",0.239987371709878,0.18168953814512,0.068461328891892,0.122958492488892,0.18457424472725,0.202329024036967
"260",0.0993883543209743,0.200580141153624,0.0827677668430158,0.168887074469199,0.254516201878058,0.193860461335129
"261",0.401474809505171,0.125818861972813,0.147417802631867,0.194316026258069,0.112561959313528,0.0184105403185516
"262",0.362664040136528,0.148737840654555,0.0566017774524948,0.0620363764373246,0.00235727943117738,0.36760268588792
"263",0.262491393175708,0.142209706330859,0.165121700561086,0,0.246727008226348,0.183450191705999
"264",0.270303182206289,0.168187052968071,0.170636571941138,0.18340357977162,0.0357740459730152,0.171695567139868
"265",0.180092229024354,0.164263193843353,0.113709802384234,0.34812037479221,0.076396087532309,0.11741831242354
"266",0.172103664649998,0.193411710778122,0.0915894060105008,0.321934842294791,0.165776587923424,0.0551837883431654
"267",0.334977757634632,0.182894525287339,0.142701307484149,0.093640832752126,0.0199377207643623,0.225847856077393
"268",0.247659763123515,0.166567573170514,0.119348466338482,0.153087862495196,0.186870299537318,0.126466035334975
"269",0.141504540955344,0.174394318623107,0.161211046430462,0.120230573173355,0.332417183178014,0.0702423376397181
"270",0.303056364317034,0.17459021475707,0.00461872723839103,0.089723906805727,0.237073333671103,0.190937453210675
"271",0.277690200928018,0.28065417396998,0.0137981044337547,0.187786977868685,0.0570193051447445,0.183051237654817
"272",0.328738040786341,0.125696046480109,0.101046990450165,0.0953815141738919,0.283361003621261,0.0657764044882317
"273",0.107082660434797,0.218813416855113,0.146556949209024,0.113751793236329,0.1819634793526,0.231831700912137
"274",0.123821652934568,0.211431149986796,0.164717788308529,0.214953336629229,0.058584172077914,0.226491900062964
"275",0.23270132686248,0.225198685325766,0.151993617536615,0.105055788887986,0.187817344472184,0.0972332369149688
"276",0.280232136260124,0.177528171556683,0.0183461286201017,0.205499055163843,0.201633202832429,0.11676130556682
"277",0.280827095927809,0.188133670679407,0.0659988105458035,0,0.242995622965827,0.222044799881154
"278",0.158324633469426,0.18352910744368,0.0516414185678688,0.0180665830136459,0.283804355367975,0.304633902137404
"279",0.318324205100568,0.126503542404379,0.194673020655931,0.122823379501186,0.0472972101624897,0.190378642175447
"280",0.358734365099344,0.12033688129372,0.0332513226736469,0.141206189296755,0.346471241636533,0
"281",0.342358950537612,0.166501248491678,0.210922714972394,0.072953863553412,0.0961154692737633,0.111147753171141
"282",0.340736429243112,0.186233050188439,0.0463581445921492,0.0363518834277911,0.178715789339751,0.211604703208758
"283",0.212964940728714,0.225630610655087,0.0705088983432853,0.125719280470596,0.144818750301517,0.2203575195008
"284",0.132498296475731,0.204753628505467,0.361280214815614,0.143368158884098,0.121594029486185,0.0365056718329058
"285",0.233552257840916,0.164890934979514,0.232103879229663,0,0.089644908759125,0.279808019190781
"286",0.275323182650634,0.207527565902643,0.0228103435790398,0.0151590331765571,0.218623868658947,0.260556006032179
"287",0.333340415044973,0.192530749021848,0,0.0678431283546826,0.126051760877971,0.280233946700526
"288",0.136675246402203,0.244375405317565,0.26601709378128,0.214123430307235,0.0446219233632282,0.0941869008284884
"289",0.304158274943155,0.192337877336658,0.00204421641879286,0.13140863028316,0.249799073487982,0.120251927530252
"290",0.218271878719818,0.210045563762725,0.301502980343062,0.183662069846937,0.045869603240205,0.040647904087253
"291",0.156774202166632,0.218066385813556,0.204861960972185,0.160601331738912,0.136020115267142,0.123676004041572
"292",0.283241725171597,0.173385488123439,0.182841912652266,0.037941595058826,0.0688544669396945,0.253734812054177
"293",0.163274605042208,0.184720323964079,0.204837758702532,0.195212980317425,0.192161921104745,0.059792410869011
"294",0.135456381224655,0.213049088630438,0.264744100474778,0.0936771784258833,0.272617280231207,0.0204559710130388
"295",0.129669239545677,0.199115153982427,0.0835774854577122,0.181231606832848,0.181165811512595,0.22524070266874
"296",0.169147334656606,0.278369332506159,0.0342576990581286,0.33847369947367,0.05829972031939,0.121452213986047
"297",0.155931718999758,0.17277791758768,0.201128330620244,0.153660048467053,0.153648552427466,0.162853431897799
"298",0.217113896240697,0.172346090598341,0.123065216474727,0.0934044434795569,0.269278940637997,0.124791412568681
"299",0.310347002731452,0.236727871639576,0.0182740584835846,0.132277882987408,0.00458065221382749,0.297792531944152
"300",0.245937306554094,0.197001504244866,0.0401800553685112,0.266591957707727,0.184823148810157,0.0654660273146453
"301",0.125866925037035,0.234685776353256,0.0654482161411544,0.142448557264685,0.143734456161836,0.287816069042033
"302",0.452468228243557,0.16664480399643,0,0.0428066676161258,0.224740323193918,0.113339976949969
"303",0.452157958476687,0.11968028881948,0.215685321101063,0,0.198819986434701,0.013656445168069
"304",0.256423523525735,0.2044236686803,0.146666325626807,0.0564365140708768,0.162933899039545,0.173116069056736
"305",0.362203408713362,0.138315422775863,0.0572968453603437,0.176088616579656,0.0325424503484147,0.23355325622236
"306",0.297313468109745,0.144777741805795,0.136416959267916,0.0352987688289396,0.128801470627123,0.257391591360481
"307",0.13915925952716,0.208935342404833,0.0156771134074126,0.23004000435009,0.210989892922173,0.195198387388331
"308",0.169960732428425,0.196904048967101,0.202288280228211,0.180672291105216,0.239575929794412,0.0105987174766357
"309",0.320036419925645,0.13344951784752,0.132544885366493,0.204759793589582,0.0890768262246365,0.120132557046123
"310",0.170712351466562,0.221600829103387,0.15859247316612,0.129492141323436,0.0793989925011394,0.240203212439355
"311",0.344386291686926,0.206664656131168,0.0069266806318219,0.27190611163239,0.014260671313629,0.155855588604065
"312",0.428024649353059,0.16209179425937,0.111716540302104,0.0474135213935621,0.0406941481899918,0.210059346501913
"313",0.346654676609892,0.111272724039094,0.155699900865523,0,0.221123790252118,0.165248908233372
"314",0.191987675762532,0.167396138420257,0.111800081803481,0.220964504442847,0.19158362304483,0.116267976526054
"315",0.14163453972394,0.221730904584907,0.0336357778890076,0.0821739784334685,0.249446977374052,0.271377821994625
"316",0.227484221426008,0.182813735656427,0.0864212741073364,0.144668966023458,0.285556694384173,0.0730551084025981
"317",0.188757273280148,0.167151670091824,0.00962563150304401,0.199511223015554,0.247601066576301,0.187353135533129
"318",0.136167637861603,0.180427964765896,0.214650814158271,0.173746901160049,0.186658640556915,0.108348041497265
"319",0.300808149337011,0.197703819120343,0.0476536174299634,0.196317667617423,0.156541221709293,0.100975524785966
"320",0.197281056685897,0.256463582728235,0.222739593346645,0.144781528893888,0.109836876880636,0.0688973614646997
"321",0.23805933156092,0.141005076906767,0.0188292205230389,0.223710244270406,0.266200303096873,0.112195823641995
"322",0.277835006975139,0.174842711799366,0.164150207980795,0.0737561786370519,0.248813530002622,0.0606023646050246
"323",0.152500940448036,0.209969224532724,0.0265534071454292,0.214614922909826,0.243712047804371,0.152649457159614
"324",0.323035989973573,0.14313801897546,0.119630781025864,0.0490355574337796,0.198099534498151,0.167060118093173
"325",0.272945584310616,0.138168312617119,0.0146715286013578,0.185652519240029,0.0877184816418453,0.300843573589033
"326",0.143313418479619,0.200428936179231,0.142093390557176,0.179272792907121,0.213340577686739,0.121550884190114
"327",0.352021171146483,0.216243084602288,0.0831807285644606,0.117051938502213,0.0268260523373792,0.204677024847175
"328",0.181858870649961,0.247147629151318,0.288020512991276,0.0481909611026278,0.133651214632423,0.101130811472395
"329",0.358349476282674,0.116548685135869,0.0248271483070018,0.245212470532972,0.201410509077993,0.0536517106634893
"330",0.108265654031413,0.273850167262985,0.269745141906188,0.237571363819601,0.0299197289804806,0.0806479439993324
"331",0.198607323899709,0.205429815014643,0.172955564030768,0.191410968957748,0.0388144393093966,0.192781888787736
"332",0.14688124077182,0.213781792359128,0.255124803644594,0.0632506773939454,0.037488306766625,0.283473179063888
"333",0.207559284467655,0.145191974885159,0.0920250606808018,0.16781165723265,0.21260441339873,0.174807609335004
"334",0.177654450029855,0.189706638948005,0.0746521469743044,0.218661117699501,0.211624554343121,0.127701092005213
"335",0.279006000799772,0.200631019839623,0.185771408413462,0.0936119877631434,0.168374752089948,0.072604831094052
"336",0.393227681823344,0.148510081581995,0.159553387931413,0,0.221901593688698,0.0768072549745503
"337",0.208037753049377,0.203826040100633,0.149615328432634,0.0488204035769157,0.163180890962473,0.226519583877967
"338",0.457875238916483,0.187749751905119,0.117388618275687,0.153359339917226,0.0328927305777838,0.0507343204077015
"339",0.30107146229235,0.18442499603511,0.0972909284485419,0.096508180207592,0.184015508369481,0.136688924646924
"340",0.189303413817144,0.170934349196783,0.214305224327285,0.146381709766026,0.209977615598872,0.0690976872938902
"341",0.256879898315085,0.132267518905902,0.175249513037092,0.0879612584524167,0.198759085991563,0.148882725297942
"342",0.329341001316435,0.176339163755001,0.108846532453124,0.136799313851302,0.169718474246228,0.0789555143779096
"343",0.14799738641636,0.185237896345933,0.196230614809054,0.1364986979735,0.25993205588048,0.0741033485746716
"344",0.296715682625719,0.127336504540106,0.243612502825306,0.207819123730409,0.00277576919016204,0.121740417088299
"345",0.167003021133854,0.214010521209826,0.0261070394693519,0.105105409779017,0.151180132740016,0.336593875667935
"346",0.156671645389042,0.21347006985139,0.231429736805326,0.0212386807843838,0.206170406433346,0.171019460736511
"347",0.337739352153801,0.146468535129742,0.164091566683351,0.149667112888403,0.100716663149607,0.101316769995095
"348",0.298400607431728,0.235019128523691,0,0.0681701043231116,0.224364580340904,0.174045579380566
"349",0.377836931095706,0.130971545131144,0.0643841555485542,0.102516121537201,0.288809876503951,0.0354813701834435
"350",0.273492407569816,0.192857314987041,0.133795761274331,0.136404393470803,0.184983390046068,0.0784667326519403
"351",0.359298826521301,0.240298642450688,0.0293827575999169,0.0382024506209278,0.326517525404179,0.0062997974029867
"352",0.27241397557309,0.12888764217784,0.132806318389456,0.161635497471933,0.25603266951027,0.04822389687741
"353",0.267667785728123,0.126191235611772,0.199903406270661,0.0850197102910733,0.204953660348304,0.116264201750067
"354",0.380609310912185,0.0947567189699907,0.185080331737382,0.0397173164902554,0.186869599365666,0.11296672252452
