"","neu","NK","CD4","CD8","B","mono"
"0",0.349874919262596,0.112617779931998,0.0425825818992175,0.205333614784841,0.17542064800974,0.114170456111608
"1",0.197749410182722,0.154694451749416,0.204400678358975,0.193238317570376,0.206902404322697,0.0430147378158141
"2",0.214569739520574,0.125461572103652,0.166471214828986,0,0.382757543600818,0.110739929945969
"3",0.152245505547308,0.166811755875778,0.112580338534851,0.00955714942456419,0.220704461762645,0.338100788854855
"4",0.291773637257202,0.233954660885428,0.04675632878674,0.388684144551164,0.0286644827354107,0.0101667457840548
"5",0.292026372901657,0.184821362163872,0.128177280610439,0.065270635397034,0.203236922916528,0.12646742601047
"6",0.385296791318354,0.110565841935759,0.240956506499024,0.0316043067833785,0.131541031589503,0.100035521873981
"7",0.242157702281304,0.18824597380041,0.170006217540178,0.172588746861664,0.106862749046855,0.12013861046959
"8",0.162050131362732,0.167067140709775,0.282416709130588,0.04773101837735,0.13568850383063,0.205046496588925
"9",0.142806323976319,0.196653497383999,0.160965368622322,0.0967147393936476,0.182096793532177,0.220763277091535
"10",0.280005816355712,0.121828643420593,0.1219977952694,0.156454580409507,0.108087464490125,0.211625700054663
"11",0.367495568786763,0.22229062737589,0.141243064827306,0.0612011356181311,0.0254100060469287,0.182359597344982
"12",0.354059692511041,0.15640424467459,0.0711356739933935,0.0749591617289539,0.145755335030083,0.197685892061937
"13",0.179884811396336,0.240898175444196,0.0301509667845517,0.0824135284099097,0.355924584029628,0.110727933935379
"14",0.211768826474702,0.243259405143719,0.199808305668767,0.0735815804206072,0.0968692043622892,0.174712677929915
"15",0.384283414295162,0.217955031487926,0.0184420232979497,0.256025071387487,0.114947282397042,0.00834717713443353
"16",0.281814348755439,0.160778953504969,0.245652652752714,0.127443466058464,0.0347908203919218,0.149519758536493
"17",0.348920308084429,0.125652690326639,0.154251126027709,0.226633107130488,0.0807919973876198,0.0637507710431156
"18",0.19488388647532,0.189775659474993,0.260097665354965,0.0372776136693221,0.142307336303292,0.175657838722108
"19",0.469567400221046,0.0922001111166142,0.0665077531149264,0,0.159232546884966,0.212492188662447
"20",0.222016622937397,0.187468108713711,0.177434929219177,0.17678432111457,0.00492208742494322,0.231373930590203
"21",0.123774952547366,0.248829505103113,0.0948791083331725,0.251751208348207,0.265490229355918,0.0152749963122231
"22",0.205077339481792,0.130112355840008,0,0,0.317988225238929,0.346822079439271
"23",0.362514942360307,0.167241105307825,0.111543867253636,0,0.231390013081762,0.12731007199647
"24",0.271069229347361,0.22997193397139,0.0633325053428058,0.147279259084532,0.253420597593873,0.0349264746600384
"25",0.30940646755922,0.172890557514638,0.216300666997665,0.145795928488992,0.0492579423792241,0.106348437060262
"26",0.182300359743065,0.169798949803102,0.147103329402489,0.0155102475429834,0.210993415149272,0.274293698359088
"27",0.273387531038919,0.181334418190331,0.114104486056894,0.164741367356715,0.155069910371901,0.11136228698524
"28",0.247058139429258,0.184748116408427,0.0945524860801511,0.105675674939416,0.181792382032308,0.186173201110439
"29",0.146770713936857,0.206045671867742,0.184706167525905,0.203525719369918,0.0734050725687442,0.185546654730834
"30",0.30553703136262,0.130322129122741,0.21773381711527,0.139625599172746,0.105749691622276,0.101031731604347
"31",0.189836681068888,0.198766322536239,0.118337510904293,0.0647082324055172,0.156263118042359,0.272088135042703
"32",0.290398438820858,0.119241842186527,0.0913391865764746,0.120020526075078,0.172134591098712,0.206865415242351
"33",0.346713415685857,0.147411729733,0.123616124445723,0,0.19000272552522,0.1922560046102
"34",0.313889756137609,0.127748117673793,0.165999281251112,0.0232647945609014,0.193459982864942,0.175638067511642
"35",0.126630475959042,0.189291675518557,0.126186896665773,0,0.32173921260701,0.236151739249619
"36",0.259797479820517,0.136720756515952,0.230382724048225,0,0.20934567935655,0.163753360258757
"37",0.32265964129334,0.132130396481056,0.205058204163472,0.0563407617991489,0.258717142104233,0.0250938541587496
"38",0.344659108694543,0.124487950558787,0.129415679239325,0.190737130257631,0.00295062144080652,0.207749509808908
"39",0.263984007988595,0.172498190549768,0.156485623905063,0.0307703311615365,0.169382065521381,0.206879780873656
"40",0.156156776543118,0.184755959967023,0.218367356608191,0.19921942825904,0.0624052429111314,0.179095235711496
"41",0.166158723189365,0.208133603969674,0.179386639865934,0.0699873019726435,0.191565140119415,0.184768590882969
"42",0.359917064296132,0.154511005979445,0.0641480481896673,0.141314440895266,0.177209094330231,0.102900346309259
"43",0.347539091151192,0.132663502828354,0.146006343479008,0,0.202809382676482,0.170981679864965
"44",0.167990031401723,0.224546127267996,0.223548589410391,0.0963177935734061,0.0226900192589444,0.264907439087539
"45",0.296096960439674,0.139049582404254,0.117010097309945,0.229542967671307,0.170505335764655,0.0477950564101654
"46",0.189797151732456,0.240473953756655,0.203798632335014,0.193911486849204,0.0162419958448191,0.155776779481851
"47",0.30767111782969,0.1396569787846,0.134760729351553,0.22651263713452,0.0329913715516598,0.158407165347977
"48",0.318780544913955,0.125793562834032,0.0905101602399043,0.195675253232717,0.164464295569571,0.10477618320982
"49",0.122923933946706,0.201401752924906,0.237380197005665,0.227721896007269,0.135535134179459,0.0750370859359954
"50",0.275551152532743,0.18872531983057,0.191773983619753,0.138126026927363,0.0253878173548155,0.180435699734756
"51",0.161495901397058,0.227302633347495,0.107210932659444,0.209219144753086,0.285412871577152,0.00935851626576487
"52",0.240089872314188,0.155842431862714,0.17621132435631,0.123672958446045,0.286201405850778,0.0179820071699642
"53",0.372671276733785,0.19841039053159,0.129919076506379,0.208066137379513,0.0478108523848098,0.0431222664639231
"54",0.24215432914555,0.17331014977033,0.157306288221629,0,0.216514838224679,0.210714394637812
"55",0.273567443877562,0.187525098917951,0.0702266751992916,0.0445649003531259,0.206368198514816,0.217747683137253
"56",0.239503660306041,0.222449759110344,0.124937317082053,0.0437321832839706,0.181359591691823,0.188017488525769
"57",0.251363122496866,0.193809803561103,0.117856197016519,0.128470630791157,0.145665178565412,0.162835067568943
"58",0.205482947117992,0.190213569827273,0.239884724524562,0,0.107084033002551,0.257334725527622
"59",0.292696043697913,0.126546296875699,0.0045204159794513,0.155844689427509,0.244716331458885,0.175676222560542
"60",0.139744996683333,0.17555541113884,0.163751427797456,0.176343787070092,0.150293688828941,0.194310688481339
"61",0.247960974479566,0.18168304865404,0,0.0237700757886665,0.271865649066749,0.274720252010978
"62",0.185623220968617,0.200751631822743,0.130848372374052,0.179492090215791,0.079835917824132,0.223448766794665
"63",0.29068093834989,0.178476832757604,0.0957728959471482,0.10636964061389,0.216751091756625,0.111948600574843
"64",0.373075638905052,0.111905652095013,0.19867362551445,0.0506779695329758,0.152427573394905,0.113239540557605
"65",0.166739518771363,0.151346471892282,0.171177844952652,0.100331901765893,0.153709209591451,0.256695053026359
"66",0.203827384620094,0.215132594613353,0.13369453629363,0.0391988833258756,0.137694277783098,0.27045232336395
"67",0.287507109906371,0.189379044078868,0.137165634256604,0,0.107010639712501,0.278937572045656
"68",0.357945484792243,0.125610691452364,0.0549003893821392,0.171463298587417,0.203049274640434,0.0870308611454025
"69",0.479476285429305,0.0933829039065716,0.0856833860345708,0.114500977047974,0.025195923732034,0.201760523849545
"70",0.36076884604343,0.108974579843048,0.0928643633702983,0.144275906200761,0.231921660477336,0.0611946440651258
"71",0.43073033862301,0.146101428062119,0.113140077449548,0.116112613056868,0.173504190618527,0.0204113521899277
"72",0.270538770447045,0.165827633586342,0.156445979222439,0.179589125056987,0.0830992949015373,0.14449919678565
"73",0.30496859304237,0.181866661152344,0.184013302315134,0.0644276991892733,0.119824297304245,0.144899446996634
"74",0.194236462551086,0.235096959987617,0,0.245197918598775,0.0190193901954836,0.306449268667039
"75",0.201329953392299,0.230565275469328,0.0165025124433507,0.0759916977657776,0.380259303609979,0.0953512573192662
"76",0.180433692037237,0.150684374943182,0.202751351241482,0.104808273404456,0.329938936086816,0.0313833722868264
"77",0.225272664980735,0.171817187430997,0.126241503460643,0.176058415804489,0.149310905213743,0.151299323109393
"78",0.186232040291486,0.177902280599951,0.0546179513734218,0.13074822070337,0.257868370566991,0.192631136464779
"79",0.187567700945187,0.151453265820031,0.0748873879893721,0.108245121863043,0.224718117339448,0.253128406042919
"80",0.151478868981747,0.156339959771683,0.241039669706138,0.0656790119357659,0.172385307526542,0.213077182078124
"81",0.297669414875464,0.166138175024622,0.243975449731733,0,0.0711772049895073,0.221039755378675
"82",0.148996293602881,0.235377649388791,0.213600201891861,0.110775266410271,0.180568786175174,0.110681802531022
"83",0.271083016555452,0.216391210136194,0.0193883971118184,0.133976453786061,0.170013293230652,0.189147629179823
"84",0.256743225972495,0.200485043658559,0.208757471607218,0.149173697212996,0.0362445410708741,0.148596020477859
"85",0.239986852348455,0.167143622006408,0.143943128267922,0.132287712654377,0.0838183129132951,0.232820371809543
"86",0.261234077320773,0.220595133301878,0.0470505864667402,0.31415791836098,0.0997563861004208,0.0572058984492085
"87",0.190195747596286,0.193826245692097,0.148424501928577,0.0803663355183851,0.102927700065269,0.284259469199386
"88",0.164818149691459,0.168840012732659,0.237173696847677,0.0351385598720849,0.182676361142991,0.21135321971313
"89",0.17347926220899,0.169345620372811,0.0237395677823734,0.0497635872091689,0.307886914188729,0.275785048237929
"90",0.307475529486623,0.141800754107562,0.172210552483642,0.190335523685914,0.137391411785579,0.0507862284506796
"91",0.316239408868841,0.170536430702738,0.111688147121808,0.142514784715967,0.162225578261892,0.0967956503287548
"92",0.358446553513758,0.166071666757014,0.163022152847204,0.00202661825755801,0.193047601858929,0.117385406765536
"93",0.230983324282869,0.200357549034876,0.240694577183131,0.0766867425481173,0.182605661312074,0.0686721456389313
"94",0.369709225383058,0.1001706146019,0.0156407891086183,0.192493456921665,0.0233216069326392,0.298664307052119
"95",0.223298840854851,0.191437159360773,0.100097360308386,0.187638933481952,0.16364068871986,0.133887017274177
"96",0.315144851420491,0.140078214447214,0.197037186945929,0.0675763210391711,0.229737253717583,0.0504261724296114
"97",0.258185844569525,0.140996199881706,0.158394231380513,0,0.283674479070262,0.158749245097994
"98",0.292697140858509,0.169430865977929,0.159973501078011,0.0773658067305451,0.252784456336813,0.0477482290181929
"99",0.355718202122812,0.28030768111829,0.067649339186945,0.192246031323997,0.0345348544071274,0.0695438918408285
"100",0.298422537929929,0.15473731097853,0.0397820075245423,0.112621894777808,0.231973750778188,0.162462498011003
"101",0.303378859458669,0.163999681205082,0.304138628823179,0.0340450802800459,0.14879085250573,0.0456468977272943
"102",0.190610379179461,0.173287432147503,0.210056475870493,0.183528974784039,0.0548177217754792,0.187699016243024
"103",0.218145918380981,0.186131031360573,0.171283488470775,0.098023738033676,0.146656002892793,0.179759820861203
"104",0.156122241789196,0.211585344086699,0.0520797051144288,0.162291844080209,0.141384727697542,0.276536137231926
"105",0.245561120537084,0.179810312758111,0.203425217701445,0.101505673863503,0.112571176306385,0.157126498833473
"106",0.264558063963845,0.146229392064018,0.129770770343897,0,0.231225882480963,0.228215891147277
"107",0.364099881500808,0.138479145131879,0.105905396310334,0.145881417711181,0.157150110692158,0.0884840486536393
"108",0.215176254319792,0.198295545871523,0.118296421901935,0.182763323961299,0.181886880116634,0.103581573828816
"109",0.204571933261015,0.17207894963876,0.105713530753584,0.254023839128757,0.180751975857707,0.0828597713601781
"110",0.181376915678094,0.158372511777428,0.0197882924241547,0.209579452809013,0.139683466178485,0.291199361132826
"111",0.370284578425301,0.171064579293229,0.11989839002155,0.198163728871263,0.0423252724242045,0.098263450964452
"112",0.246054861510712,0.176142290697224,0.123141422255634,0.13274095185957,0.16083452196337,0.161085951713491
"113",0.298025634694791,0.150154463903252,0.11538147014228,0.0176218509755733,0.204686129105116,0.214130451178988
"114",0.133687184438599,0.150197857643682,0.15098133228664,0,0.316105636304657,0.249027989326422
"115",0.140864119425643,0.187557722031471,0.282037941796731,0.0588596227222118,0.219792987341045,0.110887606682897
"116",0.162832860891949,0.218542756104662,0.0818273406474095,0.089918531225253,0.138287029546657,0.30859148158407
"117",0.337621999733946,0.196965724758789,0.167599070890219,0.0131475254167544,0.0218858578836881,0.262779821316604
"118",0.374650729379514,0.131795777528254,0.133797490792749,0.142336214610041,0.17118513114123,0.0462346565482121
"119",0.324409761397701,0.135261538788026,0.177897622808808,0.109331294749364,0.206080214563578,0.0470195676925226
"120",0.234182404435689,0.201580581824849,0.176758307524067,0,0.133976291808816,0.253502414406579
"121",0.113543228798993,0.254109053695604,0.252531186396628,0.187439567552532,0.150962390196879,0.0414145733593639
"122",0.315172199355225,0.151986009921624,0.123527294828039,0.126467297608157,0.117691175945533,0.165156022341423
"123",0.213648585866066,0.202072269835024,0.0360708302392771,0.110973555756012,0.203846254927822,0.233388503375799
"124",0.194604706069231,0.14988094017259,0.0370158358628015,0.0954672241669427,0.250822304782085,0.27220898894635
"125",0.123932403575544,0.175522097709586,0.18806122502641,0.109708790244385,0.15061606218479,0.252159421259284
"126",0.259491919239233,0.154616464421799,0.138743004054458,0.160941106119664,0.0986141776433117,0.187593328521534
"127",0.288402535538805,0.16050750293699,0.161424353489682,0.0819164110841257,0.023741184769908,0.284008012180489
"128",0.231771330834857,0.194361305456695,0.201138289808855,0.160973498624983,0.178244670370416,0.0335109049041928
"129",0.117659141064062,0.209823756295226,0.0205900498711246,0.180890083526399,0.31215683086097,0.158880138382219
"130",0.326606974216747,0.198601382856286,0.0152286277491429,0.0466870598924001,0.23358602431714,0.179289930968283
"131",0.404921148596363,0.105200175096211,0.262730835646928,0,0.181019855842005,0.0461279848184935
"132",0.27029741373833,0.153154685348271,0.172084298668054,0.141408554108868,0.169744690569895,0.0933103575665813
"133",0.324098218935696,0.142031834353328,0.121848963502823,0.136931039089879,0.190870388391903,0.0842195557263713
"134",0.327077885869604,0.236685267222733,0.17873430957698,0.0355671328511028,0.200852800593507,0.0210826038860738
"135",0.142642942570396,0.218237559353019,0.174430244517771,0.215589604334278,0.105788107090164,0.143311542134372
"136",0.117031464766741,0.195130882337988,0.244187543383084,0.091470673231861,0.177072284469706,0.175107151810619
"137",0.13625420989096,0.22585994519462,0.133144798857701,0.212013118969537,0.0983319274477983,0.194395999639383
"138",0.238688091394745,0.24861327446971,0.000606408479941069,0.193796996112346,0.0192628409491774,0.29903238859408
"139",0.266267849145532,0.200826619259571,0.119791056939325,0.159446417252335,0.0349430902699724,0.218724967133265
"140",0.126179082965984,0.348466152693699,0.0292967120646924,0.180209445625371,0.0296922310866718,0.286156375563582
"141",0.21364051269131,0.239811010385672,0.142909435060707,0.110550334581744,0,0.293088707280567
"142",0.331591594133114,0.140528976718887,0.144346566354309,0.109579421638537,0.135708807905398,0.138244633249755
"143",0.230608137677029,0.204464731807952,0.104824646763923,0.120650126647424,0.166069312633952,0.17338304446972
"144",0.335148312166305,0.128753103761489,0.0599526703256687,0.0883480748260749,0.295520407372844,0.0922774315476186
"145",0.280784073118687,0.161563002553343,0.183979759529876,0.0688938070172817,0.073089497554542,0.231689860226271
"146",0.372275117772089,0.193745178125244,0.0429087627170331,0.0216739937911066,0.0346827567631499,0.334714190831377
"147",0.377331968683201,0.183880216038108,0.143554972952432,0.00522442366010592,0.143755193193335,0.146253225472818
"148",0.133332746948774,0.23459202585507,0.351468401712099,0.136675659656998,0.0998347360382873,0.0440964297887716
"149",0.187540899307844,0.200145310342905,0.129091168891429,0.182235298804042,0.21750149634313,0.0834858263106517
"150",0.28560594584495,0.215260667099232,0.137418171434161,0.0491340207585118,0.222128727934034,0.0904524669291114
"151",0.33478799421742,0.155389731725209,0.0273998779811158,0.165933534751841,0.224523597817353,0.0919652635070608
"152",0.140960334095678,0.208188597378422,0.243262401032806,0.0671341238263052,0.315615605377343,0.0248389382894458
"153",0.210983530879676,0.207950150440053,0.197564426377403,0.132130607749795,0.0901643471230776,0.161206937429996
"154",0.231224134893812,0.184030710427489,0,0.182670844201809,0.170951287653751,0.231123022823139
"155",0.188889106681972,0.188606519211109,0.211340979871888,0.121374011104721,0.060351388041272,0.229437995089038
"156",0.213201425398418,0.239509900632005,0.0410934823528815,0.254930171942501,0.160569457098347,0.0906955625758484
"157",0.279780916629951,0.198501088576949,0,0.0807145015186098,0.173174072511321,0.267829420763169
"158",0.298628519710069,0.136600382030533,0.185962294758294,0.0598310948571974,0.127970759467439,0.191006949176468
"159",0.384622015451139,0.125260802570815,0.0467480135717704,0.146858910201,0.142067671142728,0.154442587062548
"160",0.292300473432528,0.110231842093747,0.290638837986915,0,0.0316952291167105,0.2751336173701
"161",0.163744146581516,0.175472223507217,0.201203704665347,0.0401315376111196,0.237516904462773,0.181931483172029
"162",0.399780414377096,0.11922673457596,0.196137022458926,0.0107253917323295,0.234146565531498,0.0399838713241898
"163",0.302200171363951,0.175169788577599,0.0893134056111826,0.106189212612084,0.163630792951592,0.163496628883591
"164",0.195333246214561,0.145562541779924,0.180520467222892,0.0676997564772635,0.269968642350375,0.140915345954985
"165",0.278756127348127,0.162877160157807,0.150139928420821,0.175632486771473,0.0244967354791096,0.208097561822662
"166",0.325984860082661,0.188808681025278,0.0155938201759504,0.221080672864307,0.111506250356628,0.137025715495175
"167",0.182826930930118,0.190456550417008,0.124225642701877,0.0363294880267779,0.144985667351203,0.321175720573017
"168",0.167530105102435,0.158458538699474,0.0960750316095078,0.428967490996688,0.00455382939291599,0.144415004198978
"169",0.340184909999578,0.176363829925749,0.129735666675819,0.0526726023741915,0.270526929850626,0.0305160611740365
"170",0.277821722525417,0.12379700861804,0.105853385462893,0.163926746619303,0.173592976985107,0.15500815978924
"171",0.288515615821503,0.180460969921911,0.0534543587293666,0.222528121641727,0.105199562049239,0.149841371836253
"172",0.149090386521297,0.210375732637659,0.182572427054733,0.014481864496894,0.275111776807197,0.16836781248222
"173",0.263815825045304,0.155233102580609,0.0213858464082265,0.30788771454052,0.25167751142534,0
"174",0.352983227027758,0.107297890120795,0.257896593705644,0.0125722941882253,0.0361360078075624,0.233113987150016
"175",0.282361742569708,0.190423730769212,0.158863979950089,0.228171154418061,0.0976798855444281,0.042499506748502
"176",0.335965255037658,0.185513795127412,0.14658137948886,0.0919559338867307,0.0737528168615128,0.166230819597826
"177",0.145738245237948,0.20331636061923,0.17713988532648,0.0297426296707718,0.212361097238237,0.231701781907333
"178",0.241132534128509,0.236490517988421,0.0276943586252481,0.313203593399261,0.0964386966689661,0.0850402991895943
"179",0.134522469077213,0.31193231634962,0.121228635857199,0.0848978465321144,0.209368188334447,0.138050543849407
"180",0.306150631564152,0.273061575686462,0.125569364439108,0.0850187321269775,0.0936939020166239,0.116505794166677
"181",0.150153413963979,0.136846722941782,0.136054211117615,0.0894177817792904,0.246564023027635,0.240963847169698
"182",0.295990866357243,0.175965203427085,0.125317189456115,0.169955642169305,0.189074659977609,0.0436964386126432
"183",0.386466216261963,0.113344891392864,0.171813013733394,0,0.102989453265784,0.225386425345994
"184",0.195613234250981,0.207367241794949,0.110407357054988,0.212921219423162,0.229983988309859,0.0437069591660617
"185",0.263578146698627,0.215892011890636,0.201753052263353,0.17483069577149,0.0553124164347383,0.0886336769411559
"186",0.17785984470178,0.150652517537002,0.175869113489025,0.337720562412687,0.0765327880827107,0.0813651737767948
"187",0.220097862028607,0.167368642980693,0.171342836279089,0.21733516383064,0.0788716675279198,0.144983827353052
"188",0.176019136293758,0.117951686571634,0.0108135299633915,0.274786252506768,0.0706396719004052,0.349789722764042
"189",0.339053986103946,0.135123797423469,0.175748820780641,0.0233981023158742,0.23334447432175,0.0933308190543194
"190",0.334667475529333,0.125438054238177,0.104624590985214,0.142943888419766,0.271754898156029,0.0205710926714808
"191",0.175396892286818,0.192678193154084,0.12858918749077,0.164721614492613,0.185327721475408,0.153286391100307
"192",0.332076946800778,0.127496906821573,0.0921152057361599,0,0.108925905763517,0.339385034877972
"193",0.246403265998488,0.205774375652338,0.204676838861335,0.0299749770373155,0.184222916364182,0.128947626086341
"194",0.247136732508088,0.207092424437675,0.0829950380388199,0.0178620594921362,0.199792789754503,0.245120955768778
"195",0.146096409489211,0.210819368773437,0.276148406300866,0.149593934031426,0.0721919014359954,0.145149979969065
"196",0.166626099953964,0.177764626398485,0.103915986566608,0.181679354393892,0.127233522571697,0.242780410115354
"197",0.114325507813618,0.189674780875445,0.0911391226815948,0.183333756030904,0.253965663352805,0.167561169245633
"198",0.299892638114833,0.165882525387353,0.136478434618106,0.168121811241166,0.184299821092275,0.0453247695462658
"199",0.234643669930197,0.223244351997744,0.0151851056586031,0.184128210018101,0.249787858575908,0.0930108038194462
"200",0.300453589156139,0.170305313910294,0.0609186998836967,0.231781537108464,0.151275492890573,0.0852653670508341
"201",0.266977025969415,0.13017666792182,0.290642754671466,0,0.0781763990110553,0.234027152426244
"202",0.32153478182219,0.153461161167629,0.186942657777005,0.112036189022147,0.0306522753339445,0.195372934877084
"203",0.264800184481011,0.152407737621698,0.128752318505907,0.120016449933693,0.185157400825009,0.148865908632682
"204",0.166771133308024,0.191136438427181,0.214230366173075,0.196609564146725,0.17085914831863,0.0603933496263644
"205",0.418481474966235,0.0950207685888749,0.146375319095287,0,0,0.340122437349603
"206",0.247781583857363,0.203585742776014,0.0555400897859672,0.156644393836971,0.204077560654684,0.132370629089
"207",0.136232714579486,0.185795977432479,0.289414162208893,0.1345715715192,0.0694550348425005,0.184530539417441
"208",0.267444128334076,0.217006813903575,0.138872404344245,0.0848763054849096,0.252453519764625,0.0393468281685684
"209",0.26243285700092,0.189976784416594,0.187974978799836,0.0804840529575953,0.147476399627966,0.131654927197089
"210",0.186730917021898,0.147975579375584,0.110925436468052,0.120601122374691,0.313098667623987,0.120668277135789
"211",0.341281158685989,0.139842752764638,0.0944662571627047,0.143155574039532,0.114286465199151,0.166967792147985
"212",0.20258915065237,0.151735526125089,0.190704298913092,0.0908220237294402,0.187442863922926,0.176706136657083
"213",0.251380001144514,0.187953699611035,0.0490571155852428,0.114750216215271,0.177758474474468,0.219100492969468
"214",0.19002076462952,0.253411449255089,0.144230971950724,0.155074399681816,0.132470822941099,0.124791591541752
"215",0.299684386889225,0.197027782025411,0.0624938304463431,0.177498724157311,0.148767489765662,0.114527786716048
"216",0.230884259569677,0.194263433178386,0.159550326219641,0.144641024600367,0.164491915715211,0.106169040716719
"217",0.322660301885734,0.149901064225794,0.121273155711125,0.0748289248418158,0.123156899113997,0.208179654221534
"218",0.174085685359534,0.20490368753293,0.181187381483748,0.14000389104588,0.115602358802691,0.184216995775218
"219",0.286459062210602,0.181053165771559,0.0815010290276855,0.176610934601216,0.0980153400442873,0.17636046834465
"220",0.303601943943326,0.134485972063491,0.0568998561159623,0,0.239756905032597,0.265255322844624
"221",0.281859336132032,0.177828729085203,0.193566349180518,0.107457874429646,0.176282491998722,0.0630052191738793
"222",0.265387045375823,0.208921358759235,0.212395717816161,0.0605903183539908,0.160647523341009,0.092058036353782
"223",0.3011411053941,0.153524672472293,0.140436145795429,0.104594705263743,0.195781500651292,0.104521870423143
"224",0.254407203410357,0.139571521393099,0.138729025038927,0.0672667591805289,0.20836025512917,0.191665235847918
"225",0.16906119441369,0.199975317148036,0.243370773733588,0.0218807152460158,0.20561800037572,0.160093999082951
"226",0.200767862814317,0.181346684963754,0.12531299540463,0.171982107222573,0.136629355356009,0.183960994238717
"227",0.211144847041987,0.184388256263202,0.241495912250234,0.0848268079887078,0.20189761939954,0.0762465570563288
"228",0.349855223402596,0.139745805316087,0.144582004496652,0,0.149221553319458,0.216595413465208
"229",0.137127284956123,0.246159995021755,0.111246330493017,0.196042522474633,0.0882289784636134,0.221194888590859
"230",0.140590778650247,0.269320388449984,0.0537142116150313,0.284291101983931,0.083689935403776,0.16839358389703
"231",0.133428540145785,0.300082566910893,0.000569481166668646,0.0978040705570932,0.380129464627643,0.0879858765919165
"232",0.34314927640297,0.142262036250398,0.249768957836285,0.0227999050948651,0.221481554713005,0.0205382697024775
"233",0.336671469747247,0.191889819240975,0.0524492382045736,0.167839447142041,0.0117695499382185,0.239380475726945
"234",0.198536314746693,0.22368726386525,0.230246353848685,0.0536128005955566,0.171916206093132,0.122001060850683
"235",0.2470510808205,0.123116112470314,0.107594140284013,0.123036699054447,0.152905557853128,0.246296409517598
"236",0.464608128571049,0.133747222936237,0.093567906334589,0.00431910113370677,0.137307722444145,0.166449918580273
"237",0.167436842963124,0.229283421774752,0.146494891249316,0.109333937705209,0.227735715450119,0.119715190857481
"238",0.416931116789446,0.205935035170189,0.0582214122881402,0.107626244370424,0.192879784969378,0.0184064064124236
"239",0.121181178724664,0.189509987905993,0.111393337373806,0.210206534436866,0.0336770003568306,0.334031961201841
"240",0.213265536949785,0.216845280673026,0.170705340039006,0.103773070891624,0.199095193240064,0.0963155782064941
"241",0.179133640786262,0.154885778102468,0.3517294413151,0,0.151672471214646,0.162578668581525
"242",0.157941627346649,0.14068472686412,0.0785558425685708,0.205889218376329,0.101070798786953,0.315857786057378
"243",0.120364515098111,0.211772841871632,0.191598169917988,0.20755717444959,0.200842776514452,0.0678645221482258
"244",0.243407073460254,0.184036577097055,0.177864911901846,0.0653084756501826,0.200139752388495,0.129243209502168
"245",0.251356765842078,0.175799694004935,0.0335381523260859,0.261809921486158,0.18419809379594,0.0932973725448034
"246",0.375753769476684,0.115130172950159,0.114804539315816,0.0881725248278649,0.306138993429477,0
"247",0.21823011562326,0.170442694351879,0.0407327091066572,0.178568005241185,0.217163654025229,0.174862821651789
"248",0.191868355935754,0.24302620556375,0.016116803551965,0.02835147295917,0.207232323147725,0.313404838841637
"249",0.139931856091981,0.156546649394552,0.269836430906709,0.24852075988101,0.133412153737923,0.0517521499878249
"250",0.285051831966619,0.235941353450436,0.23227404053381,0.0649003043395454,0.0917998409628267,0.090032628746763
"251",0.285113625659979,0.190278295153837,0.00630394568904662,0.0874949205450075,0.221369058374182,0.209440154577948
"252",0.299209791613003,0.209000521213518,0.126598111423989,0,0.23246184283794,0.13272973291155
"253",0.274045195639064,0.218479475911713,0.083430993792881,0.050252193550934,0.227460530728898,0.14633161037651
"254",0.283151246155896,0.114939379632537,0.185082142551545,0.157855196158487,0.0728062044079915,0.186165831093544
"255",0.181901787786089,0.211166511357981,0.160131582537529,0.237089457086642,0.153284463767083,0.0564261974646756
"256",0.353718583199947,0.148774209920679,0.0788011640910231,0.00231171239776678,0.267438405752274,0.148955924638311
"257",0.302937542478671,0.148157992557813,0.121741570098375,0.0312195626381135,0.190482319247846,0.205461012979181
"258",0.289409269109864,0.18355276756833,0.0955410200393066,0.179622979244188,0.0636346869047782,0.188239277133534
"259",0.244344871502544,0.196958767998289,0.209293194479545,0.0866586217790099,0.0239772529281865,0.238767291312425
"260",0.21165415586115,0.179551502088502,0.185473842301513,0.166616600106554,0.167190687974821,0.0895132116674601
"261",0.147728864533317,0.21349397272212,0.0761359617671562,0.199582218431916,0.149404071227299,0.213654911318192
"262",0.303337125472741,0.175641453511857,0.0369586245309159,0.178366570666845,0.152656850820276,0.153039374997365
"263",0.317959669412193,0.233353231320083,0.0808378289327539,0.146475105069049,0.211774218667836,0.00959994659808514
"264",0.324782203426658,0.135305575894992,0.131388055231595,0.185101232498764,0.0587816502124235,0.164641282735567
"265",0.169833259564571,0.286393441144814,0.201471753355253,0.0857367645153403,0.0418029039075117,0.21476187751251
"266",0.226105909634931,0.181950278873573,0.00527381364954559,0.337089746075747,0.200445239094807,0.049135012671397
"267",0.289663072903539,0.154160227600458,0.011088020745876,0.0763789875188592,0.0754406742401055,0.393269016991162
"268",0.244142359436789,0.184031239965441,0.13568845473724,0.113433151047356,0.168135803748414,0.15456899106476
"269",0.360233025230459,0.159440612712041,0.235179238918371,0.0116880390481663,0.185325567899223,0.0481335161917407
"270",0.226604373403902,0.268054614876092,0.0797595279749105,0.0680635291762881,0.197075225124009,0.160442729444798
"271",0.332280153881962,0.149470284097622,0.174989564020778,0.0424006461199404,0.0775826241500786,0.223276727729618
"272",0.238738636772299,0.277379228756644,0.0686755630534751,0.0831758852614158,0.0984548870681533,0.233575799088013
"273",0.182960842992929,0.206065519634921,0.0176420301540733,0.229749825174474,0.178918609924148,0.184663172119455
"274",0.332832550585271,0.160670648236093,0.18759896876671,0.130299550604419,0.00123835679451818,0.187359925012988
"275",0.227294191040943,0.210193269426045,0,0.196285418011482,0.211836017938479,0.154391103583051
"276",0.264870488899326,0.189172652012863,0.140234762587548,0.0082653437239174,0.239590763915043,0.157865988861303
"277",0.189083868613728,0.142644879018284,0.101764722939175,0.143606441161246,0.199916277792715,0.222983810474853
"278",0.26368992745737,0.124740877310841,0.172597113917836,0.0415883253118936,0.21917465967397,0.17820909632809
"279",0.358009471819763,0.126058135413718,0.446401023251088,0,0.0392846798349912,0.0302466896804387
"280",0.369709117283054,0.236022091304409,0.0603678952881508,0.0855014789502884,0.0999377029234115,0.148461714250687
"281",0.286158280120563,0.170830248833175,0.00988399716142412,0.258092839465241,0.051834194356048,0.223200440063548
"282",0.168199454300688,0.164242034211872,0.398695401713364,0.0376034983504253,0.0183773354875478,0.212882275936102
"283",0.157299250714948,0.2073574654449,0.269973613390378,0.136461982226324,0.165269415760254,0.0636382724631952
"284",0.231232348371331,0.154235809990888,0.0430556477156937,0.182357588794563,0.145287269378355,0.243831335749169
"285",0.249163319370653,0.15704458288023,0.125441301933021,0.0717570261749592,0.188993553935974,0.207600215705162
"286",0.181142069634665,0.150163751909092,0.281417888113659,0.209021867684524,0.0350710029885436,0.143183419669517
"287",0.254631936709397,0.20448838743122,0.0122621521102178,0.130091046028627,0.395768545176113,0.002757932544425
"288",0.145043859617377,0.210782171710796,0.184997746738217,0.0470114876532468,0.217090596540204,0.195074137740159
"289",0.35796700874679,0.135598379676277,0.173386277576805,0,0.139995607387576,0.193052726612552
"290",0.286940847099031,0.155605117675252,0.165723404068339,0.159738337112485,0.124064556404891,0.107927737640003
"291",0.274639391198262,0.17984010408432,0.0173605578039096,0.152715689949424,0.137249131538557,0.238195125425527
"292",0.506976588578416,0.0730619403627931,0.20540566367565,0,0.0109227794105777,0.203633027972563
"293",0.375069681004146,0.117783738529432,0.0652726710329474,0.142585534731155,0.0287818962346637,0.270506478467656
"294",0.184345920187547,0.157210173928419,0.101004268552914,0.116036368098626,0.243943065147973,0.197460204084521
"295",0.249241772152753,0.121390048230764,0.189668129159768,0,0.135040270553351,0.304659779903365
"296",0.155831681686162,0.239993985190995,0.159364521615262,0.176480215144109,0.214730536179486,0.0535990601839851
"297",0.154962227682565,0.224128311676429,0.217781325157827,0.113913046585778,0.126197786559117,0.163017302338284
"298",0.27574126411577,0.185525709039953,0.139468910129087,0.145075646349548,0.0826673701097683,0.171521100255874
"299",0.307819519170173,0.133469687250905,0.110925752347056,0.0198623395472337,0.369657400719098,0.0582653009655346
"300",0.301637074244541,0.173039961162318,0.14474738483797,0.0875931032398711,0.196878576427149,0.0961039000881516
"301",0.199699139127715,0.195132489901483,0.0922403628595214,0.101380417784289,0.232440846416711,0.17910674391028
"302",0.257454812097125,0.154892432769297,0.21322945957398,0,0.231719705711324,0.142703589848273
"303",0.330861865135498,0.143746428033308,0.0632444641138413,0.140769281850596,0.111213414797494,0.210164546069262
"304",0.248626943738048,0.221333953333581,0.108798678452443,0.263307604650585,0.114913659382468,0.0430191604428745
"305",0.174193632280606,0.218942962931,0.0167674355539369,0.0982971179669696,0.363006038854659,0.128792812412829
"306",0.134303401808539,0.231739174695496,0.25520858850114,0.212633481186085,0.0385172450329028,0.127598108775837
"307",0.43809241935008,0.109957408488826,0.0177137729670704,0.0204050108843085,0.33314484125081,0.0806865470589055
"308",0.383211802619586,0.134831159692381,0.153351338353249,0.155049023679087,0.133332807382233,0.0402238682734638
"309",0.213814400111174,0.211214207980413,0.0842240113237464,0.0694929498724077,0.246951114862259,0.174303315850001
"310",0.240130262581528,0.191356731419516,0.078370119344469,0.109336658473336,0.0381705072775583,0.342635720903593
"311",0.335337686262708,0.13637383533685,0.0640371722559099,0.124575864697309,0.111510500741002,0.228164940706221
"312",0.295775001245228,0.212463039388951,0.0895313551153439,0.0843793462833838,0.196839000835691,0.121012257131403
"313",0.344890367240421,0.20450374700796,0.131259721521914,0.040757370022144,0.231171791996372,0.0474170022111891
"314",0.256521664934964,0.188264563885443,0.104096047210656,0.213829422347887,0.0452010341552767,0.192087267465773
"315",0.211294027225879,0.153426810033131,0.152987133660006,0.237721457364669,0.179623695675936,0.0649468760403787
"316",0.351915966699507,0.227783730695123,0.0207457807877934,0.124446806770433,0.207847118505817,0.0672605965413269
"317",0.333267491712024,0.14588511946932,0.119194354051697,0.0915178127569605,0.0607697558150438,0.249365466194956
"318",0.247010337454178,0.220378224622363,0.165934648970785,0.240567387247213,0.0878419342881294,0.038267467417331
"319",0.287822106613288,0.202396249089252,0.0333315358266518,0.0374034050345807,0.114505333604341,0.324541369831887
"320",0.265810140002602,0.130123175495616,0.173636757700458,0.0994368410549231,0.259355271938948,0.0716378138074534
"321",0.209717771603667,0.122959102808025,0.179220461675627,0.193916658120251,0.0266898491658048,0.267496156626625
"322",0.219102480369084,0.161692115166289,0.117065461752253,0,0.0771632273248931,0.424976715387481
"323",0.327504688348183,0.168025937946542,0,0.111306375835486,0.317966972422269,0.0751960254475198
"324",0.298044832033874,0.223249928936889,0.159383971489707,0.0271095278191061,0.237770777566069,0.0544409621543546
"325",0.489921356635589,0.101153086460964,0.21475575261781,0.0532282167413865,0.0339827622949382,0.106958825249312
"326",0.281189891475155,0.135610459646376,0.00200064003509537,0.213682814479998,0.109744143184266,0.25777205117911
"327",0.276554138207403,0.204625417675214,0.0874313504595805,0.0552564909610429,0.169181583291979,0.20695101940478
"328",0.178453052958961,0.221364303298902,0.171997668631221,0.172303039393105,0.130160539614597,0.125721396103215
"329",0.252137381486038,0.185493951288556,0.209190920192989,0,0.235565249441314,0.117612497591102
"330",0.26999515688346,0.217793896011004,0.188094873655404,0.0994372747235508,0.134033597284259,0.090645201442322
"331",0.177999359991563,0.218714899901605,0.083172726266747,0.20630703538138,0.163283492379754,0.150522486078951
"332",0.223589566924813,0.178550376551869,0.0909640632908171,0.253321115731094,0.123177707262166,0.13039717023924
"333",0.278164945854899,0.223101555365852,0,0.168081174624093,0.120893770363656,0.2097585537915
"334",0.252062740566025,0.201646844799197,0.0412675480840882,0.201593289434163,0.172988633397948,0.130440943718579
"335",0.245968311251274,0.176867696105282,0.155960036662755,0,0.159524732772095,0.261679223208594
"336",0.176548682577591,0.184291607866131,0.167948545457995,0.158641248521567,0.0490623676420059,0.263507547934709
"337",0.23931490004929,0.189555131558061,0.176461533057654,0.00896906414439918,0.181290884596967,0.204408486593628
"338",0.19154767791576,0.157268763129438,0.216480855194367,0.154659984450181,0.0101879616074871,0.269854757702767
"339",0.284084595733836,0.182382047880432,0.0935573762484155,0.142564685741839,0.153783073439536,0.143628220955942
"340",0.248318584861298,0.321691874450358,0.00796547773678962,0.237515171819112,0.124528589409538,0.0599803017229046
"341",0.143637995760514,0.1880310798213,0.0318910383290032,0.248195726504265,0.192345573102082,0.195898586482836
"342",0.217808459245609,0.145570039738897,0.207587408937903,0.132924806782968,0.185525798234949,0.110583487059673
"343",0.210443407649119,0.275463828407497,0.096309749125501,0.101254073122745,0.0837854296339884,0.23274351206115
"344",0.435941732228989,0.11378912385683,0.0627259116551279,0.21888176870027,0.0456740986414634,0.122987364917319
"345",0.315068514621688,0.142783485461744,0.145809944382897,0.089738652995481,0.140947371146468,0.165652031391722
"346",0.288025927924295,0.201989598879884,0.0230505311156495,0.0432402569478718,0.290651429035369,0.15304225609693
"347",0.280846469406262,0.200439267177118,0.126954283845606,0.171277239441229,0.0109969384095141,0.209485801720271
"348",0.183408990738721,0.215071242016853,0.206524916133478,0.106788409428143,0.0920410177579788,0.196165423924827
"349",0.466419392242803,0.11404669203817,0.0359778113743489,0.0588245810450926,0.199198913840088,0.125532609459498
"350",0.342484875528998,0.142002254247232,0.0287516261562149,0.195033416404733,0.0951443412563852,0.196583486406437
"351",0.234019947085227,0.142797835104003,0.277822901508865,0.0618993879251859,0.0904355248005172,0.193024403576202
"352",0.114423336908612,0.252320439493512,0.172700870169219,0.106873789026441,0.333661922017415,0.0200196423848017
"353",0.403202418247658,0.190262388649978,0.127434053087019,0.0721382742701341,0.196382090021578,0.0105807757236329
"354",0.217705104369565,0.221101242060243,0.0571600651022655,0.129292128543611,0.128568753317834,0.246172706606482
"355",0.376715923081954,0.170968174790383,0.143646272528145,0,0.183786637229946,0.124882992369574
