"","neu","NK","CD4","CD8","B","mono"
"0",0.348135767745203,0.139448765631609,0.249853567034897,0.0776503715507717,0.0464284178810628,0.138483110156456
"1",0.133204083432075,0.225691511906855,0.177019408006456,0.0940190616670966,0.219391632401108,0.150674302586408
"2",0.298733240091608,0.165464428785233,0.150071772177874,0.0221393967629448,0.153323154973161,0.210268007209179
"3",0.22702054398797,0.15991280819653,0.121941598815058,0.00382073978506648,0.18789076881151,0.299413540403864
"4",0.379872221527025,0.150535219812179,0.111487672759414,0.0580468011566848,0.0112319257973916,0.288826158947306
"5",0.357978509688537,0.197154077762005,0.143337430395883,0.13359942741005,0.0875681434130859,0.0803624113304397
"6",0.393601958854577,0.125337095576159,0.0724454618669686,0.0914862127957726,0.162368208388183,0.154761062518339
"7",0.242884016947247,0.15367336679411,0.0348692542936254,0.193428139953718,0.0445730072267771,0.330572214784523
"8",0.309041764508957,0.14675385932823,0.200181262050636,0.0305097176539329,0.0840519851694088,0.229461411288835
"9",0.25446667340244,0.231905270151499,0.139223212708976,0.183703839556193,0.0533852846363524,0.137315719544539
"10",0.248158371681128,0.145718958402723,0.00230836432913618,0.172425695749212,0.185057149725922,0.24633146011188
"11",0.142621046924185,0.240317036824137,0.128288886233685,0.372062347793496,0.100384511825647,0.0163261703988505
"12",0.187642053685147,0.232115079292818,0.0885644294544797,0.17658229112996,0.157738145829487,0.157358000608109
"13",0.121223109810957,0.202541869323786,0.193137948220183,0.0824395729945699,0.27313783152152,0.127519668128984
"14",0.134423897595824,0.235395087711948,0,0.0217943690326171,0.298277148894641,0.31010949676497
"15",0.180083573029047,0.187841783403942,0.239596654708345,0.259782216145936,0.0277574585983607,0.104938314114369
"16",0.38895003163685,0.182326737716971,0.118956906538104,0.201792325366164,0.0824351569822639,0.0255388417596472
"17",0.294261978234643,0.204208947996542,0.0944793092603271,0.19171795923184,0.121635397219593,0.0936964080570546
"18",0.348663429343502,0.140322889767287,0.120296453951772,0.0913108692872252,0.251700444663573,0.0477059129866417
"19",0.299994080843558,0.170710104838019,0.192463752279529,0.140021175833446,0.0759150923936008,0.120895793811848
"20",0.35668096946025,0.180567932636335,0.119603199641669,0.160047726535647,0.0969854337250203,0.0861147380010781
"21",0.252128078258155,0.195063371266163,0.132584196522301,0.15831601384505,0.138684903328544,0.123223436779787
"22",0.275802264311564,0.165332815842579,0.0330056884775593,0.174468885677299,0.0354762757192252,0.315914069971774
"23",0.150708513652453,0.202122508329661,0.188734597196929,0.0461540432264323,0.169893725584943,0.242386612009581
"24",0.12721262384245,0.148109220071103,0.325571191743144,0.141440734005957,0.130110831999821,0.127555398337525
"25",0.188873196598557,0.23072618296677,0.192013661281349,0.144169728446753,0.0293126689466691,0.214904561759902
"26",0.318564987314754,0.164906470827982,0.0489396056265517,0.0249071151459436,0.216268511104562,0.226413309980206
"27",0.178291776856773,0.130718132642688,0.293595469804295,0,0.0902814079944407,0.307113212701804
"28",0.128292089477212,0.204721404468625,0.172811628090883,0.207048812253096,0.132123871027673,0.155002194682511
"29",0.210008088239317,0.18816002724682,0.203916944499949,0.17847313774507,0.118464782576855,0.100977019691989
"30",0.246330712695773,0.212381860834629,0.00646125499820592,0.284537609204015,0.147556093536178,0.102732468731199
"31",0.21410262698387,0.160523857761613,0.238015795946982,0.178895137501593,0.208462581805942,0
"32",0.263968406778636,0.164836255190182,0.158318790630987,0.0288187598130552,0.257531388982282,0.126526398604858
"33",0.267951404926012,0.183307754164649,0.138322041288816,0.0136805724274447,0.165524409219916,0.231213817973162
"34",0.316533344691403,0.14189517506897,0.157963241747735,0.137631217452153,0.103752027881607,0.142224993158133
"35",0.303480771214751,0.119077815352193,0.0727369852069614,0.143041782548503,0.16761828193168,0.194044363745912
"36",0.31042023086436,0.204143246776101,0.0479525862235007,0.12864920626946,0.15348635612761,0.155348373738968
"37",0.222049223689509,0.1449303628833,0.0851903604854102,0,0.319735331510709,0.228094721431072
"38",0.206563540275754,0.189939823427195,0.198191371325742,0,0.338356993121183,0.0669482718501262
"39",0.309051815232051,0.194228895002496,0.176063319012354,0.0791522720206038,0.121072905106866,0.120430793625629
"40",0.208622409843941,0.135025670665177,0.213477690454472,0.0558009910733736,0.0937723940413248,0.293300843921712
"41",0.338165210102101,0.192214390533723,0.163497629387242,0.103774595235196,0.163012239220964,0.0393359355207741
"42",0.235183263635634,0.141146347467824,0.0381116147213037,0,0.292376128379124,0.293182645796114
"43",0.253809659998174,0.182930198816988,0.0434214264315771,0.137567628642722,0.125174925099841,0.257096161010698
"44",0.36092101727462,0.12467540752483,0.00292098097516945,0.211472900938494,0.26928752413086,0.0307221691560258
"45",0.235408779966648,0.166388397694892,0.20032858516989,0.160668541987351,0.0142605751786174,0.222945120002602
"46",0.280230743597863,0.146347926255545,0.146646342415314,0.104159713809787,0.188149784978261,0.134465488943229
"47",0.29799229691396,0.127933093200509,0.153144467652816,0.154231993280657,0.059342606461099,0.207355542490959
"48",0.347146559783378,0.130592624474348,0.0685727201266639,0.0719397229742152,0.264395682826931,0.117352689814464
"49",0.312974109027363,0.117677469875778,0.181682299376796,0,0.203031139148912,0.184634982571151
"50",0.161837579929003,0.158039589470819,0.131751380937924,0.258128195572749,0.0763154055925115,0.213927848496993
"51",0.204003861904659,0.146510533888023,0.137670873668021,0.0848596698997486,0.226552238911631,0.200402821727918
"52",0.197475352190061,0.172910614882482,0.162144752926228,0,0.239579719849483,0.227889560151746
"53",0.112477875917713,0.235237406732432,0.0795687513284314,0.198486466064648,0.146300647284794,0.227928852671981
"54",0.204538977466515,0.203703008315062,0.0153307219289693,0.168054551361212,0.301407351363074,0.106965389565168
"55",0.270485018783884,0.175465762254127,0.157498563470838,0.115820557489578,0.144094137812343,0.136635960189231
"56",0.105877148299444,0.205899922711943,0.244103507143563,0.115137447864198,0.115387395238054,0.213594578742798
"57",0.296807067344706,0.137043630025517,0.218238871286332,0,0.23722865568272,0.110681775660725
"58",0.30897663765156,0.144795392245502,0.161654624616076,0.0773287242897687,0.0836992309184164,0.223545390278677
"59",0.144645376174516,0.204389755585964,0.248966403718368,0,0.137953943004695,0.264044521516458
"60",0.367880787652398,0.190850778050349,0.0314850219860458,0.152111048466927,0.234269801471743,0.0234025623725368
"61",0.318507935143255,0.153670658886897,0.132345064438442,0.123681511330745,0.12248220095291,0.149312629247752
"62",0.150187646912107,0.207600650724478,0.104846109350242,0.257137785391878,0.258192291644554,0.0220355159767404
"63",0.136868956550378,0.203761869624406,0.366430207186732,0.169230347134235,0.0361544523755812,0.0875541671286666
"64",0.194609872915011,0.14633692934803,0.0626796420175618,0.267257801212539,0.0723740233268409,0.256741731180018
"65",0.449321532832032,0.126613701294548,0.133039880204117,0.0486474392688364,0.153597480667646,0.0887799657328199
"66",0.323019485233144,0.132104110466357,0.216268856902861,0.111255041506696,0.125795965682514,0.0915565402084274
"67",0.244840684127223,0.211840491977379,0.120982730971242,0.0371741438717756,0.123389955758329,0.261771993294052
"68",0.310968000659927,0.16215870374365,0.191423051970712,0.0761426861388703,0.101495426291293,0.157812131195548
"69",0.189613214262832,0.204625676871891,0.156088680224258,0.134464884276046,0.157895908098407,0.157311636266567
"70",0.164105416908152,0.135446260243183,0.185191092440746,0.0133732160429308,0.265092692125382,0.236791322239607
"71",0.181393700386143,0.200246216232573,0.127196670653311,0.0810237793229729,0.197217047413234,0.212922585991767
"72",0.181603149524446,0.287929620043392,0.00722060432291141,0.0734572359268087,0.298768539979444,0.151020850202997
"73",0.216647128322196,0.215045164275089,0.0123986420450154,0.237581587688996,0.125624348779246,0.192703128889458
"74",0.287949475359404,0.16028190378545,0.0515735603564675,0.197935018223742,0.201089934076306,0.10117010819863
"75",0.288387804825994,0.216241725020889,0.213079066538032,0.0535124330004867,0.131462697909071,0.0973162727055269
"76",0.227073157517124,0.205160301798674,0.0473313783334918,0.235029861875067,0.222395642926092,0.0630096575495505
"77",0.372867429143386,0.117335191223672,0.0772558544207784,0.0215178793021708,0.162952909052767,0.248070736857226
"78",0.303522411451027,0.146333832189252,0.180745553381515,0.040009807387794,0.15086051208027,0.178527883510143
"79",0.325693296183,0.125321884272175,0.134490609523126,0,0.164134654677173,0.250359555344526
"80",0.167398240662753,0.248356623853191,0.0471568899455363,0.191548991332841,0.0888955740341249,0.256643680171554
"81",0.129810822018803,0.236640580137613,0.0433617349332667,0.255634358444836,0.129403188863496,0.205149315601985
"82",0.307575378287239,0.118274164946944,0,0,0.278226878289468,0.29592357847635
"83",0.262412963535177,0.143415759009512,0.0930399727895854,0,0.260349773246041,0.240781531419685
"84",0.297997737116083,0.216625829981577,0.236891577608061,0.0730373183548641,0.112361342904655,0.0630861940347597
"85",0.29992178388355,0.201594605024308,0.141146665454741,0.176231830343558,0.0580819239099675,0.123023191383876
"86",0.161146593897166,0.175251833167605,0.183818291422665,0,0.0285562537416655,0.451227027770899
"87",0.132032862373169,0.172247648488627,0.334714336272243,0.194016374959313,0.0420132425429859,0.124975535363663
"88",0.248545300013919,0.180914622391319,0.164893719617739,0.00119840287923542,0.210778233919969,0.193669721177818
"89",0.296515579772378,0.139937553864004,0.1406701470572,0.168467852040775,0.190003659472684,0.064405207792958
"90",0.402551496227697,0.197559008826419,0.00649635712129551,0.0448387455687568,0.159079682873323,0.189474709382508
"91",0.313054790977341,0.172123540373777,0.205008960645572,0.0897906780130626,0.205700856377414,0.0143211736128344
"92",0.254856875574708,0.13516944339495,0.265771813673702,0.0213644257964959,0.243849599020343,0.078987842539801
"93",0.287791948316385,0.206310049329238,0.116327044501386,0.200479121998035,0.123958787501175,0.065133048353781
"94",0.153035873427485,0.211833018857103,0.133832157216316,0.102903182497891,0.165059278890868,0.233336489110336
"95",0.168465339780876,0.148613899482984,0.219863203135803,0,0.242311178240949,0.220746379359387
"96",0.250712087529246,0.243707025816406,0.0460341330035084,0.134348576337851,0.250660532701105,0.0745376446118842
"97",0.264734135437283,0.20242715200775,0.0959633682469457,0.127187410909506,0.165075833170448,0.144612100228068
"98",0.404281824156117,0.199387433587111,0.0435243581510154,0.0664502282711686,0.185407920795167,0.100948235039421
"99",0.129744896447651,0.208270768783668,0.287091018997392,0.122671417526223,0.220816304356978,0.0314055938880883
"100",0.246862196606477,0.139578384423232,0.281474433712604,0.21390742404006,0.0716940108187809,0.0464835503988456
"101",0.173527722645064,0.171914951493238,0.257952273511926,0.158571924784883,0.229305239079616,0.00872788848527299
"102",0.3188681292649,0.176445986603191,0.0638048202303397,0.197201736680305,0.0290709287789731,0.214608398442291
"103",0.128201862079591,0.211362309531334,0.242738469509882,0.175545940115491,0.215563033971767,0.0265883847919349
"104",0.281192506838582,0.222847939744486,0.0886157645739795,0.210674917991241,0.0689988884703942,0.127669982381317
"105",0.276709366630161,0.118480820864785,0.110790388336392,0.264671248195363,0.229348175973299,0
"106",0.331736203244843,0.150312843901945,0.114391585724157,0.178553654809608,0.140139304595233,0.084866407724214
"107",0.326405353497048,0.110853294806547,0.174649921407134,0.0842507771106826,0.0912608407637442,0.212579812414844
"108",0.121745213509977,0.203514744664289,0.237853246666862,0.043572497364899,0.159967133800478,0.233347163993495
"109",0.265856614557381,0.165674639715588,0.247642598570678,0.0207336471864498,0.0720342157504887,0.228058284219415
"110",0.224042493192476,0.166462593036114,0.167241661597122,0.202476701795921,0.163241656845227,0.0765348935331398
"111",0.220432095611819,0.23072729379071,0.0434716198623771,0.173899919670613,0.0700767016031514,0.261392369461329
"112",0.267955287427346,0.199148964863158,0.120812910791821,0.215822789210267,0.171068357169793,0.0251916905376152
"113",0.165860094829788,0.12983267218485,0.0879624894443543,0.00922478680899715,0.0325998860613346,0.574520070670676
"114",0.373706150995651,0.153919161218968,0.120062448432076,0.00903968056473416,0.269639145487519,0.073633413301052
"115",0.278748936241117,0.164376609722267,0.15234885960084,0.144549859129949,0.0884291666195544,0.171546568686273
"116",0.199204186874774,0.173123367616646,0.240642677877488,0.0782936759001755,0.230425358602404,0.0783107331285121
"117",0.422752573317791,0.10541354652698,0.148929197505899,0,0.120889405082885,0.202015277566445
"118",0.164744714007707,0.178037025404561,0.21164540361979,0.022421431128133,0.239551651739693,0.183599774100115
"119",0.180030865963937,0.210009862512385,0.168091634835772,0.0199914470917155,0.213216420767209,0.208659768828982
"120",0.326750346786855,0.207575484585728,0.167005781463581,0.110144480893695,0.173359141791708,0.0151647644784322
"121",0.233136997691193,0.225939836632568,0.232407262533596,0.00588483821052048,0.0565850532352348,0.246046011696889
"122",0.396141711464808,0.246949935526285,0.0408203023270377,0.148183187905289,0.0416503197484046,0.126254543028176
"123",0.280898239017716,0.136543089271232,0.163679971346584,0,0.230246350044078,0.18863235032039
"124",0.295641395505026,0.117294884805387,0.0867019467440446,0,0.410802896140091,0.0895588768054512
"125",0.321339204817056,0.123031537038734,0.0447501944608919,0.120106442214077,0.257547749768367,0.133224871700874
"126",0.208736116206315,0.253736122227729,0.116268462739218,0.221975879900678,0.0893502028866607,0.109933216039399
"127",0.161441567893179,0.12733440917547,0.141137154704012,0.132477607672097,0.279182583452667,0.158426677102575
"128",0.160415144986324,0.205347034305912,0.172848121279557,0.232128193835604,0.00962238713086085,0.219639118461742
"129",0.24851610368966,0.157631353103408,0.265000413472194,0.154585576103248,0.0144528365286914,0.159813717102799
"130",0.334361671206898,0.133190025903022,0.147128140006068,0.05425071431909,0.104917304249348,0.226152144315573
"131",0.323376052146194,0.145449058017638,0.0349031134076752,0.242719060191846,0.0873374691938551,0.166215247042792
"132",0.296228758167394,0.189300611712268,0.0639262336216702,0.00611971144238134,0.209521846217975,0.234902838838311
"133",0.28711714513656,0.156005432943375,0.17150785532803,0.14784453023906,0.151924991721145,0.0856000446318307
"134",0.350722907019283,0.15092790409117,0.234043120438052,0.0824702281974931,0.0127026892190843,0.169133151034917
"135",0.287776423983139,0.190885634991211,0.022234007817297,0.225749445586211,0.108364619619408,0.164989868002734
"136",0.401275685185576,0.208049184534438,0.245428600674139,0.0508762487641695,0.0541266163954202,0.0402436644462572
"137",0.166611608060994,0.147866567696807,0.305818203105468,0.0314354622464522,0.00918191563999837,0.339086243250281
"138",0.303539317798228,0.138085169298225,0.135635831952046,0.165566083665084,0.206474163126214,0.0506994341602036
"139",0.144263036799412,0.223962489364488,0.157501317102169,0.197779114644154,0.0435437803740491,0.232950261715727
"140",0.185066955445488,0.196155731640867,0.00251370139888343,0.221276092479215,0.251932752535558,0.143054766499989
"141",0.234187255608755,0.165108011497948,0.225690656330325,0.305363473541105,0.0390236599386861,0.0306269430831816
"142",0.347350229984173,0.112196701425759,0.260490730141909,0.148488944724359,0.0726844162687787,0.0587889774550211
"143",0.230610473150651,0.192980173643122,0.185149212245076,0.111468542911643,0.0801321627837564,0.199659435265751
"144",0.210686870634116,0.176819517904851,0.0378439301325273,0.173849059601175,0.0540454242746142,0.346755197452717
"145",0.229513753540966,0.151915711255402,0.17400309656159,0.00525563136509222,0.190840828063256,0.248470979213694
"146",0.232359379921057,0.174043221649044,0.216003412394101,0.099533228849729,0.168974078358604,0.109086678827465
"147",0.151220190220514,0.228555837851058,0.0841402376833917,0.234212409252998,0.190521500662578,0.111349824329461
"148",0.172257325267676,0.207529287469656,0.286437122447823,0.0280474472539265,0.0772496060601091,0.22847921150081
"149",0.202686527160484,0.230995525586132,0.201459546203453,0.0847859006450886,0.0460929033040686,0.233979597100775
"150",0.251128759272473,0.204677587765966,0.136453985756726,0.126124901037091,0.167024040341936,0.114590725825808
"151",0.209516302294536,0.144904005037872,0.172401585738039,0.166324734887302,0.0343222381192229,0.272531133923028
"152",0.163657976252011,0.249041635181676,0.271895755003479,0.168633778727029,0.0341460904741536,0.112624764361651
"153",0.25408401009909,0.185421629758495,0.146842183923659,0.0332019428415133,0.130389946180217,0.250060287197026
"154",0.281886100228321,0.183913674934106,0.0170486152363725,0.038313708411013,0.323207750807514,0.155630150382673
"155",0.248538410000356,0.159927341433614,0.179116572971845,0.099415935358836,0.0724996041310623,0.240502136104286
"156",0.257783434458761,0.182029091305558,0.100084381269181,0.115993653274538,0.139403824882509,0.204705614809454
"157",0.26521788590403,0.140088338967536,0.0818027229512381,0.116136949541729,0.210931937581681,0.185822165053786
"158",0.246148400807135,0.205413601421961,0.0985735241868771,0.214572378172444,0.18670161917946,0.0485904762321229
"159",0.14379295523497,0.228736662009192,0.178436729139666,0.267720207719855,0.0485726555504034,0.132740790345914
"160",0.146910566047399,0.216107179152605,0.0715810567764893,0.178474090885605,0.166555895373815,0.220371211764087
"161",0.216736377134153,0.140557473350047,0.0340705647594695,0.164932382491596,0.122728537035296,0.320974665229439
"162",0.285565815307078,0.203371405572397,0.05639851465879,0.190973745699332,0.150744876641376,0.112945642121027
"163",0.404213528067108,0.103248474783143,0.0744114702664237,0.0384316489044055,0.29670725111426,0.0829876268646604
"164",0.224870574841667,0.190771565789323,0.109079102684279,0.0959078598015153,0.193538572837472,0.185832324045743
"165",0.341582986369686,0.16552853669592,0.0589542729596838,0.167210476596342,0.0302871437364352,0.236436583641933
"166",0.208307230738197,0.192193442524397,0.188789210134311,0.250402244523373,0.140120672005954,0.0201872000737691
"167",0.140662316582267,0.271937695369571,0.021827430445103,0.21008451979309,0.138335357486425,0.217152680323544
"168",0.231850144246271,0.185296076756779,0.175514281415529,0.208370238549729,0.166602397901509,0.032366861130184
"169",0.340288513271984,0.139682188175937,0.154699278405239,0.14243327238572,0.105988263543578,0.116908484217543
"170",0.303315418431515,0.198507928538058,0.0147858110457774,0.206936844399809,0.0725408729537693,0.203913124631071
"171",0.169802983511809,0.244650236666305,0.0655479195726338,0.393343131744627,0.0850028022315014,0.0416529262731235
"172",0.366404290107567,0.163897644023303,0.0218297578025079,0.154868116506164,0.0650189025831024,0.227981288977356
"173",0.315279605865598,0.175068192569043,0.270191598904463,0.00837611961540245,0.159785178766962,0.0712993042785311
"174",0.151947403076053,0.205149340403339,0.104307681263471,0.186528481515187,0.157163167119132,0.194903926622818
"175",0.327519002221492,0.146684177580579,0.0612042785702094,0.114385997435073,0.218624297023227,0.131582247169419
"176",0.134832354415936,0.238802877416338,0.240090299965069,0.082313620431829,0.261708116541902,0.0422527312289257
"177",0.214883787232548,0.205095117306882,0.156739096172018,0.133407957640078,0.0531676189019739,0.236706422746499
"178",0.276489945093456,0.202603713169784,0.143480894911877,0.104969682024423,0.141722687328932,0.130733077471528
"179",0.408210028041285,0.114341745347991,0.00260337355487587,0.187119859632969,0.104393991490289,0.183331001932591
"180",0.217776433669094,0.241391155694417,0.291310202140467,0.0442101807345853,0.0426762026081863,0.16263582515325
"181",0.213559131527746,0.162410656134636,0.300981198284111,0.0720463490275304,0.105151209615475,0.145851455410502
"182",0.51770274527489,0.103029532533878,0,0.202262494865154,0.00828457008106426,0.168720657245014
"183",0.249324509168595,0.217367334368623,0.0969060093779724,0.125489658850058,0.136134514457386,0.174777973777366
"184",0.340454769612859,0.150888537232206,0.0637909207379918,0.129890182052681,0.269612303380098,0.0453632869841645
"185",0.231143355101555,0.180057837762566,0.179549997386913,0.0319713086768416,0.240503574737237,0.136773926334887
"186",0.308533314165613,0.23907412536838,0.1701585825001,0.0373951353214216,0.0647455131004483,0.180093329544038
"187",0.303685463614379,0.131838487497937,0.00690789464723317,0.182438953104911,0.29545962828582,0.0796695728497189
"188",0.342699905132775,0.169886439957491,0.0615422154312893,0.232801830186404,0.0286727708655682,0.164396838426473
"189",0.239871182207172,0.192907897619192,0.194585343342669,0.0815654592162113,0.249173535388677,0.0418965822260787
"190",0.16160606097438,0.227758456853089,0.180537222584379,0.124115691668646,0.089844605920891,0.216137961998615
"191",0.214855254715466,0.262050142969582,0.0546910893644878,0.0447052342677645,0.125674472011732,0.298023806670967
"192",0.174136701700121,0.223788207763555,0.0970918347336785,0.221290438380831,0.204753156685847,0.0789396607359664
"193",0.332136020685613,0.194210487353667,0.0682799805647623,0.0892441554257423,0.00968337003535578,0.30644598593486
"194",0.118381464362852,0.202950575937457,0.209780426846029,0.193008745705461,0.178930909262338,0.0969478778858625
"195",0.294870386850835,0.1407458971657,0.10442949448062,0.0654133557402847,0.271789757638261,0.122751108124299
"196",0.300702533813039,0.164521479797262,0.178150201346137,0.102908749413456,0.0438962569559722,0.209820778674133
"197",0.28138448195921,0.137228117398896,0.273638069455886,0.187613785008397,0.120135546177611,0
"198",0.108066838080098,0.20393118270942,0.0968267607113698,0.209297303714594,0.219541730874318,0.1623361839102
"199",0.128577651719748,0.140642654720811,0.0403654536102845,0.184606396466715,0.20606189087992,0.299745952602522
"200",0.280511663796095,0.178988851181739,0.174805398135801,0.127759992863625,0.118684228134537,0.119249865888204
"201",0.362429776596235,0.161788151320187,0.131110332798291,0.213580082219953,0.111736198051046,0.0193554590142873
"202",0.157308953592343,0.22688907851248,0.0626768749257716,0.248213601018452,0.23971364701098,0.0651978449399731
"203",0.178548870059559,0.223213668259534,0.162802332969208,0.0359220904824134,0.0974885884482281,0.302024449781058
"204",0.330270293362662,0.268613543703283,0.0389504857041913,0.0825362479742698,0.0799976125720864,0.199631816683508
"205",0.373985673078001,0.165130636764275,0.296586242671754,0.0345679693230824,0.075840297636983,0.0538891805259048
"206",0.307033235154628,0.190268338674023,0.00669252906722478,0.041518614810899,0.150302889152573,0.304184393140653
"207",0.242845758723661,0.208999658165133,0.248778560202599,0.108864577492223,0.0298151926822067,0.160696252734178
"208",0.17577831314921,0.223075418773755,0.0291593561278592,0.150464662325954,0.24259389254579,0.178928357077432
"209",0.1735002058785,0.212975036592972,0.0599912738498091,0.273899782337669,0.265364388804061,0.0142693125369886
"210",0.281665121088202,0.159792056057805,0.0838677697776121,0,0.306347651405449,0.168327401670932
"211",0.373400687525656,0.185900229874588,0.0639448041595093,0.225241733157562,0.0721877111098191,0.0793248341728655
"212",0.399293703131167,0.140293959576158,0.0460204146431323,0.289985291579734,0.0693577664979894,0.0550488645718204
"213",0.213690173068193,0.212469849876851,0.204352822802084,0.0655312240979164,0.176084388810737,0.127871541344218
"214",0.241913774615094,0.19771825722778,0.175440526168837,0.159332395443755,0.0565777426034251,0.169017303941109
"215",0.11744747016598,0.24007335616595,0.0677718046439864,0.280710498633189,0.0639256152894015,0.230071255101493
"216",0.137903317259198,0.216324199373815,0.306771448750993,0.172225624810092,0.00576161594327739,0.161013793862624
"217",0.130064198333187,0.137636977162474,0.249691961182314,0,0.19464355131117,0.287963312010854
"218",0.322417456790629,0.186598371032481,0.20495857974345,0.139208075488303,0.0459945184618875,0.10082299848325
"219",0.142460172724171,0.181968743506909,0.183196879234666,0.102747095953413,0.223738350938796,0.165888757642045
"220",0.323769010405643,0.125990364095731,0.208905889507803,0.095089720143815,0.0445096823079652,0.201735333539043
"221",0.315804483875742,0.168679880811264,0.207122958170071,0.0260645312456041,0.0667892679816253,0.215538877915694
"222",0.266132229729466,0.206519634571189,0.100723337177455,0.13242821451253,0.165904899465161,0.128291684544199
"223",0.335951992179441,0.211304520864225,0.076308190558063,0.0377634098937142,0.155094477810621,0.183577408693935
"224",0.276815398213333,0.159519162807172,0.0715809631739824,0.118669897920913,0.173726199662371,0.199688378222229
"225",0.179520878324535,0.186084797916944,0.20126545108684,0.121547735978769,0.231581397539552,0.0799997391533598
"226",0.361615348018616,0.147265698717669,0.0891464274743227,0.0542972897791041,0.0695742555799054,0.278100980430383
"227",0.272269415134857,0.205382364912446,0.0516343399367921,0.163389384627322,0.179312685668352,0.12801180972023
"228",0.254039994093691,0.181440844915475,0.189186970743149,0.125349469293021,0.214023543545721,0.0359591774089435
"229",0.223208268892636,0.19702349849051,0.171031948993219,0,0.162792475861159,0.245943807762475
"230",0.185230390380778,0.142989068970151,0.131183012829117,0.167464873221865,0.0662154071544276,0.306917247443662
"231",0.309384391333817,0.155163938892792,0.0103234742073403,0.181659886208199,0.157181298701796,0.186287010656056
"232",0.14477482096718,0.185220259209212,0.0557223392132376,0.198224015307186,0.222011777705752,0.194046787597433
"233",0.236524167953324,0.214002318871304,0.202422375291875,0.220054125441859,0.0822523791065644,0.0447446333350736
"234",0.391275410203766,0.223126753268635,0.0353235823623299,0.245771303901645,0.0422230776102585,0.0622798726533656
"235",0.362297204150279,0.164950873205036,0.0534614792738344,0.181736520851639,0.197993783291475,0.0395601392277363
"236",0.105724377203429,0.245980436628984,0.0706451092902877,0.296624807108103,0.0692309887431528,0.211794281026044
"237",0.184098403998029,0.154238545462658,0.127523270032039,0,0.221185642850444,0.31295413765683
"238",0.243652734920933,0.158842020112275,0.19421103710563,0.0118781356617233,0.0977235162968912,0.293692555902548
"239",0.15644316965648,0.206747885308143,0.0900804245561052,0.204618914306678,0.162134256519622,0.179975349652972
"240",0.28134702313026,0.223659523393741,0.13582487079361,0.138016599067592,0.141708612662379,0.0794433709524175
"241",0.240123290045392,0.139586891930475,0.249244936477838,0.135475121054399,0.01973003185595,0.215839728635947
"242",0.179296856206728,0.209192457946501,0.0630606939805195,0.160689681978316,0.188526336949255,0.19923397293868
"243",0.50946971356688,0.120751823404533,0.0202866901293337,0.0660323251353972,0.0296545847788988,0.253804862984958
"244",0.303351383252624,0.188238643318643,0.179373848881034,0.0413979358803021,0.21376186541783,0.0738763232495669
"245",0.351398512272464,0.179180440958714,0.239616543815134,0.14349709225439,0.0452049496722148,0.0411024610270831
"246",0.380994750495821,0.117285926135939,0.129476245404714,0.129825645652204,0.126397917120982,0.11601951519034
"247",0.266448430755509,0.227349192146256,0.0312529786893135,0.294762082497776,0.146318690428936,0.0338686254822089
"248",0.223405579133216,0.14894268411266,0.190905348883813,0.016534966605634,0.159970384091272,0.260241037173405
"249",0.222514421521772,0.127396387920938,0.115014963959318,0.199024823730911,0.0448099200082151,0.291239482858847
"250",0.289300822324559,0.195293019712434,0.270545526931989,0.0127341194431452,0.108011294342662,0.124115217245211
"251",0.120772584213544,0.198305208745848,0.262423674938926,0.165113445306131,0.129509607832125,0.123875478963426
"252",0.273547629008513,0.138241609120843,0.225331879228813,0.177733223508748,0.162217479061782,0.0229281800713011
"253",0.104582197258251,0.203856120905179,0.212272847479356,0.280494096958313,0.117155896873593,0.0816388405253085
"254",0.228384275181374,0.169259697380531,0.183554164545589,0.0522115093224603,0.225250337016518,0.141340016553527
"255",0.267565425655011,0.158676490544432,0.0780685407181904,0.166577588406762,0.170570716594176,0.158541238081428
"256",0.224610555687536,0.191113706479614,0.215406676482921,0.0898264066546256,0.267171392165938,0.0118712625293651
"257",0.126453385284531,0.184971829427348,0,0.165792626779314,0.190614998093103,0.332167160415704
"258",0.316140008075459,0.211868743010767,0.188084339203931,0.0539587217292093,0.148610334963501,0.081337853017132
"259",0.260492970045801,0.155779211507058,0.24593911582184,0,0.0345421077964442,0.303246594828857
"260",0.236555228395579,0.225703032289794,0.0525615920311016,0.137767323054665,0.291052617925273,0.0563602063035881
"261",0.320773925513694,0.12095288178253,0.328370613191579,0.0050682983358614,0.0694007052310601,0.155433575945276
"262",0.202548058994859,0.242904569415536,0.098259684526888,0.234443895433521,0.0496082533313064,0.172235538297889
"263",0.358699870260522,0.108641867706631,0.165246838809677,0,0.215857478391032,0.151553944832137
"264",0.156495176505131,0.189248578819075,0.272692570288984,0.0717151123799697,0.254231622754877,0.0556169392519626
"265",0.219454610740226,0.159183344163872,0.220041314125835,0.186969170579844,0.0494687442945578,0.164882816095664
"266",0.309893057464781,0.139194489586029,0.17501444640245,0.130287587687915,0.0332978667136604,0.212312552145165
"267",0.328319414331428,0.226034248213439,0.0544652873008327,0.141181004742284,0.153024238620929,0.0969758067910875
"268",0.143739066796586,0.16922189253068,0.177762019227833,0,0.215642134066907,0.293634887377993
"269",0.315909146862252,0.20091001344969,0.127919474957434,0.113567743513676,0.0685177139917407,0.173175907225207
"270",0.228731435830274,0.157790147379629,0.321801794755949,0,0.11559491861595,0.176081703418199
"271",0.159564929668582,0.225123664491482,0.205340771711562,0.0393619165936206,0.140047557370726,0.230561160164028
"272",0.35225490972389,0.12499562437933,0.185520487380411,0,0.20506400798608,0.132164970530289
"273",0.318946266826983,0.11321612041636,0.0930820229593747,0.126752031318181,0.218810480879096,0.129193077600005
"274",0.274952096110107,0.19686559795847,0.0803217161820483,0.0968547241631601,0.161278385480592,0.189727480105622
"275",0.206652049493298,0.20496423239107,0.186218675531841,0.0226943988104526,0.171491042905454,0.207979600867885
"276",0.410010172251893,0.157476945703971,0.205189020323819,0.168937943751969,0.00971560431494913,0.0486703136533995
"277",0.464765649369263,0.127577606413651,0.270813994638455,0.00097598431816055,0.0323639080254173,0.103502857235053
"278",0.124354279560164,0.207369024088582,0.228039760327273,0.0935448735042463,0.24920358546987,0.0974884770498645
"279",0.347633101578234,0.114716282818236,0.13622788397252,0.130786083982845,0.182852684634729,0.0877839630134369
"280",0.248141167966577,0.176113339339435,0.225664528622633,0.124007104503399,0.181711557864672,0.0443623017032849
"281",0.307992283418771,0.168646658307439,0.327387901761099,0.026799403323782,0.135371898923418,0.0338018542654909
"282",0.306484526657829,0.173916913737099,0.172200022136112,0.0842630319287313,0.112714368957099,0.15042113658313
"283",0.39593991922846,0.20073323568671,0.0824739276123643,0.114707828690298,0.137727583863936,0.0684175049182326
"284",0.286247106713255,0.186385036343981,0.125708097741857,0.0839853588558841,0.215369153141528,0.102305247203495
"285",0.210794370947025,0.18269741386922,0.174339571194121,0.152904625036193,0.199199659429844,0.0800643595235968
"286",0.212045425729633,0.128867787490544,0.175292738111558,0.220705034546149,0,0.263089014122116
"287",0.243115342646732,0.21150967619047,0.0533316728775783,0.0920996825513464,0.162046715019251,0.237896910714622
"288",0.134357604476897,0.169273265699066,0.11503035298652,0.221129030675186,0.166630122252265,0.193579623910065
"289",0.434471975674212,0.0971795013106344,0.194504948996303,0.151935363173227,0.0520090639739706,0.0698991468716519
"290",0.294249696970514,0.176250821499766,0.138341590438731,0.111658015522176,0.0709070619912262,0.208592813577586
"291",0.456639816598228,0.121462822096257,0.0423252355111725,0.253083752235521,0.118219372100599,0.00826900145822269
"292",0.224948255758203,0.140410665636915,0.205571791397016,0.131938063325439,0.189092386591466,0.108038837290961
"293",0.341186393734012,0.16063475094055,0.0909659492252409,0.161706512599374,0.146551941460091,0.0989544520407325
"294",0.197933826493442,0.189227697458263,0.088132678457798,0.25909009196554,0.117701288316495,0.147914417308461
"295",0.349770676085062,0.20957030281556,0.0145284979731444,0.104199367817819,0.0398829063965321,0.282048248911883
"296",0.24295855955942,0.227408060428913,0.0226438317099307,0.188523038171799,0.215708912049365,0.102757598080572
"297",0.298079659304493,0.162483691783279,0.0459788772219646,0.090973421321162,0.19501990719554,0.20746444317356
"298",0.200070061761734,0.218623238535713,0.191741552410984,0.0555586579754442,0.215887907141445,0.11811858217468
"299",0.303356792542166,0.191087673670145,0.00714923532788164,0.18544240378101,0.181750839880419,0.131213054798379
"300",0.13936931019748,0.272293313492149,0.309050468142253,0.134434906789422,0.0163975756358458,0.128454425742849
"301",0.182456013199228,0.184547331191939,0.223125944689079,0.159043872302549,0.169099593111255,0.08172724550595
"302",0.335157969468219,0.182053885104862,0.0496728922719871,0.101329861926815,0.127071077405447,0.204714313822671
"303",0.35490545629209,0.179974479950713,0.0679539360749797,0.0892125294578301,0.185005893928893,0.122947704295494
"304",0.273304109451789,0.139209635477251,0.00739906244283345,0.066731064234432,0.348590724728863,0.164765403664831
"305",0.22492332363944,0.182784471490983,0.196691622185076,0.180880223445883,0.184095915602818,0.0306244436357997
"306",0.202426101529464,0.147869646186154,0.231062495582356,0.168549219711395,0.135930318588302,0.114162218402329
"307",0.283538362625199,0.160155256851497,0.260780800858283,0,0.100632683471798,0.194892896193223
"308",0.300220520994456,0.159683087915689,0.0865703890090762,0.124367354783501,0.193744313492658,0.13541433380462
"309",0.260828447863916,0.150604683615547,0.196162726337899,0.10861761283851,0.081539851357983,0.202246677986145
"310",0.250332796347407,0.231846155353049,0.0593834361745129,0.0902866928013332,0.282526331366791,0.0856245879569064
"311",0.143870826931467,0.19193136533578,0.113943949999538,0.151381990262776,0.193909314732654,0.204962552737786
"312",0.240119668414428,0.220480368374913,0.145311932339953,0.15246790824914,0.137588763058215,0.104031359563351
"313",0.187469101474534,0.203057713582265,0.114130580366097,0.140439388892024,0.04436395099711,0.31053926468797
"314",0.369727956338696,0.123409965250649,0.0934670561754296,0.0247712372540916,0.246619858829213,0.142003926151921
"315",0.190326937521058,0.142645375332184,0.169130360137356,0.0751586952096185,0.201171975423039,0.221566656376744
"316",0.282228092855911,0.139458574835684,0.088467213686473,0.0792178502840012,0.235847800358598,0.174780467979333
"317",0.394657452930309,0.125349665558306,0.23494265523822,0.175541502461211,0.0117199436615592,0.0577887801503941
"318",0.302881665306136,0.143218071631479,0.255204553316267,0,0.233481677422213,0.0652140323239045
"319",0.299500997459636,0.19837122358909,0.103231854407469,0.222932385124571,0.130005329577271,0.0459582098419627
"320",0.113573086418943,0.232845250039288,0.104360379369299,0.285564572009231,0.0921385707706468,0.171518141392592
"321",0.261987286322752,0.12346855640432,0.0853755373736772,0.14439991188598,0.168861529720076,0.215907178293195
"322",0.284426219313693,0.152688473356077,0.12452094174523,0.0697030574284298,0.193341248813911,0.175320059342658
"323",0.218629055186583,0.214807576830927,0.0430494974175894,0.215671089133373,0.0793967056187563,0.228446075812772
"324",0.268044285413984,0.212628394763913,0.107567750602044,0.193622342463029,0.150480745967892,0.0676564807891381
"325",0.243150028509607,0.130952890959055,0.147469439976942,0.0966894183449646,0.19733935555779,0.184398866651642
"326",0.323474486713864,0.143949207442161,0.157347622602898,0.0649526534355074,0.110982499603596,0.199293530201973
"327",0.19955391655699,0.22705549027711,0.0766092148695106,0.0467156765349623,0.274444761832641,0.175620939928786
"328",0.129501479573882,0.14200427710572,0.220773039527846,0.0948075347310588,0.206498893354562,0.206414775706931
"329",0.215260186713053,0.18531024297703,0.284734250851506,0.101445620935463,0.182156800560499,0.0310928979624486
"330",0.265263573031484,0.162435638800981,0.188419857663686,0.11156184737828,0.0941319075602677,0.178187175565301
"331",0.33513842995322,0.163361998106111,0.146104250253551,0.0165906166451127,0.183737098674384,0.155067606367622
"332",0.251756502869006,0.168364734947758,0.418932115571258,0.0180072976497783,0.0764432903078954,0.0664960586543046
"333",0.24760664585462,0.209442338818972,0.14296381145726,0.113795605895529,0.230142855002483,0.0560487429711349
"334",0.289299263047716,0.245230145377863,0.134889994259935,0.097797298913062,0.129965839996614,0.10281745840481
"335",0.209456330120311,0.210956104834847,0.200650276977782,0.0513050382078949,0.162385619177143,0.165246630682022
"336",0.229562187664085,0.193352736942544,0.167056917344533,0.12254761295701,0.131083727224367,0.156396817867461
"337",0.18671344872834,0.216968711000391,0.0497218030550096,0.127209004339045,0.20176452871533,0.217622504161885
"338",0.270242729184733,0.201233763191363,0.0115677359740643,0.181189049725828,0.131933682559015,0.203833039364996
"339",0.255839586695331,0.244190062283829,0.0462002016528804,0.141140908739734,0.297958710461645,0.0146705301665799
"340",0.122284566121728,0.225173978954227,0.0545342013942093,0.187456864380018,0.263842724412338,0.146707664737479
"341",0.353384125095082,0.144694490264914,0.0218899217925527,0.0884962481292498,0.274545070506263,0.116990144211939
"342",0.31590660738128,0.127692382561206,0.0526870267379658,0.08177866320434,0.268535647407616,0.153399672707592
"343",0.163053828267739,0.2122178660598,0.230181629519048,0.0126386922459847,0.117610161394426,0.264297822513003
"344",0.188020093921355,0.165932241378544,0.207589252513524,0.194823803908774,0,0.243634608277803
"345",0.302907165525603,0.187438522529818,0.227322447334993,0.0710755722750972,0.0415360070191903,0.169720285315298
"346",0.211726632363942,0.208698831828283,0.169014132703269,0.161077359141232,0.211663792981313,0.0378192509819597
"347",0.248899742254795,0.172067088427563,0.0874070220516433,0.0427362944322097,0.238135753069247,0.210754099764543
"348",0.310246425560117,0.156414601460815,0.174918979594244,0.186297160025833,0.00123798393963811,0.170884849419353
"349",0.332585801069312,0.186310599762635,0.0178683209360021,0.148543215468261,0.268017251505267,0.0466748112585241
"350",0.196708652614678,0.20003485203011,0,0.304813723018673,0.182188379405634,0.116254392930905
"351",0.133009575894288,0.208021575345393,0.160552260080077,0.168423972618302,0.220516036754002,0.109476579307939
"352",0.31752472061698,0.117310604795324,0.0284686400617291,0.0295271429467474,0.190206690555885,0.316962201023334
"353",0.153008291800527,0.179408260615696,0.121385451049922,0.167337951023259,0.0890980521198876,0.289761993390709
