"","neu","NK","CD4","CD8","B","mono"
"0",0.256696701994312,0.186617365349229,0.193813361297051,0.205159622260958,0.141975121373912,0.0157378277245381
"1",0.217205277553291,0.138792285278465,0.0500416086978675,0.0954093027902578,0.260823729096645,0.237727796583474
"2",0.115987691511076,0.198356870982463,0.173506960190271,0.105244369509408,0.221847145390748,0.185056962416033
"3",0.282227773731782,0.192370616413054,0.177949407075025,0.106062187828075,0.0286503865844669,0.212739628367597
"4",0.327787073873427,0.154863968615237,0.18241204054476,0.0279515866473031,0.197982708789795,0.109002621529478
"5",0.227630924755208,0.190858328261991,0.156848414618779,0.180037885928169,0.109367665654491,0.135256780781362
"6",0.356300342541149,0.136221780282148,0.0954213770260684,0.112414024662399,0.213597200077309,0.0860452754109265
"7",0.420961846082577,0.132415905375783,0.0363621664030019,0.0866379404101486,0.00619409542595247,0.317428046302537
"8",0.299305361756392,0.252684551350178,0.231383442105723,0.0591854879141848,0.0345965755156359,0.122844581357887
"9",0.317564248609535,0.190014314924995,0.130928687367484,0.0425524202435193,0.11769756197827,0.201242766876198
"10",0.311127773101482,0.17658899104752,0.0350935344910366,0.123188014875852,0.218878942070148,0.135122744413961
"11",0.337239064456122,0.1442044633132,0.145955808365332,0.123157818976812,0.0145763512956205,0.234866493592914
"12",0.33337503997348,0.183323814726267,0.03665817908187,0.184401517750702,0.0194008260763817,0.2428406223913
"13",0.140827426660948,0.174090700860424,0.238441245437835,0.18263657441745,0.136435189505626,0.127568863117717
"14",0.187919623439459,0.168996382316541,0.161154705563285,0.22228209347691,0.0648446162340894,0.194802578969715
"15",0.35824139876426,0.118367859556874,0.131802447723751,0,0.337527611476083,0.0540606824790319
"16",0.273043455882366,0.169901832596351,0.147352549410947,0.191645687379411,0.0255011736835368,0.192555301047387
"17",0.267942651489237,0.183601286392573,0.0991254810134742,0.138317421287457,0.114584221554853,0.196428938262405
"18",0.410724658239161,0.0921817218675903,0.0413456001735397,0.317106147954172,0.0246594529472663,0.113982418818271
"19",0.17693307608114,0.20833202017898,0.178939019629768,0.179457149221612,0.0710015345727245,0.185337200315775
"20",0.246734421374382,0.208169017162108,0.110222377612045,0.0743177869010915,0.320023743617191,0.040532653333182
"21",0.252149398618418,0.126079258415056,0.18331356394673,0.131996256643638,0.236861746504968,0.0695997758711892
"22",0.302233191420783,0.195104154957093,0.248726504154783,0.126995205868467,0.0960138045908729,0.0309271390080013
"23",0.197887866989373,0.203043462680523,0.159190598871933,0.0712425571924292,0.130733187151569,0.237902327114173
"24",0.289355019768835,0.152438951690245,0.200672171354929,0.0699298874394952,0.104057389340777,0.18354658040572
"25",0.270292719432041,0.179973201167521,0.17058347786744,0.00448507240000086,0.142617437256197,0.2320480918768
"26",0.43761062684462,0.213903064970514,0.0342289074828153,0.0752067930533944,0.0711205537085123,0.167930053940143
"27",0.214607234272886,0.209403210070247,0.107606461519032,0.194911050292364,0.120824718378243,0.152647325467228
"28",0.218023108786937,0.211060433528884,0.0733267305490291,0.237288394322638,0.202356015691956,0.0579453171205562
"29",0.155003991918672,0.171361813940017,0.208834935330257,0.198782894129276,0.0369295576229184,0.22908680705886
"30",0.127503988871153,0.217311620611134,0.102609628302445,0.222948575053049,0.134459007223568,0.195167179938651
"31",0.247244170438277,0.186466376318279,0.0511402220277983,0.168054047243197,0.179110328848056,0.167984855124393
"32",0.249267407355005,0.171974651881571,0.133160363573405,0.0356563051577129,0.206255648282411,0.203685623749896
"33",0.171449621898655,0.187573618342226,0.175886981947137,0.127849604362553,0.137751517684822,0.199488655764608
"34",0.182219370240969,0.223386742307601,0.0545526352147092,0.201416471552656,0.118083196624528,0.220341584059537
"35",0.281053781591802,0.124433150177091,0.216006971081203,0.162248865312765,0.111993289110777,0.104263942726362
"36",0.233173287480143,0.138612520895121,0.160783296698335,0.032292281527222,0.281831278240301,0.153307335158877
"37",0.218120040961612,0.132011419690107,0.234234812665938,0.129581490032486,0.21893115340472,0.0671210832451373
"38",0.13503465292402,0.222199646522744,0.202742940943614,0.156566222128076,0.191139829915441,0.0923167075661046
"39",0.32756553128952,0.194564884972442,0.0590162461668905,0.0170300704301463,0.231497762888651,0.170325504252351
"40",0.309989847526487,0.168241357428465,0.08122989975757,0.162220711436043,0.0831893008525497,0.195128882998886
"41",0.255575043016254,0.139886267126211,0.221247373261537,0,0.0193170936807701,0.363974222915228
"42",0.131371561720485,0.175983349715097,0.109885430012401,0.223898451868776,0.175290817067196,0.183570389616045
"43",0.199192280498948,0.181561215092066,0.0800663838268549,0.126982334268621,0.333880058358063,0.0783177279554467
"44",0.312792314180594,0.195800649615417,0.0426809033549538,0.311306776078157,0.0142676097062517,0.123151747064627
"45",0.164175377610857,0.151904388484439,0.00949115239607559,0.306197670392127,0.23606233619498,0.132169074921521
"46",0.209911620821972,0.276081027696058,0.23002964364692,0.0887467184337322,0.0259379701128662,0.169293019288452
"47",0.315674429553239,0.206568634742671,0.123851340363479,0.118573416632797,0.113236504679552,0.122095674028262
"48",0.180853288876472,0.121997481287683,0.289117180600347,0,0.166754282560601,0.241277766674897
"49",0.29535411349271,0.22450415000818,0.270933588288296,0.0627307426355989,0.0607600892152463,0.0857173163599695
"50",0.241933554470535,0.139622018198862,0.202223402418817,0,0.189700113988721,0.226520910923066
"51",0.230081938197823,0.174734805129728,0.208939809095223,0.10882494287334,0.141160932473812,0.136257572230074
"52",0.260402703992202,0.129237126516353,0.204023571265155,0.169648306993411,0.0587100833079614,0.177978207924918
"53",0.40930062974886,0.158854039178653,0.0768160213708423,0,0.21045246848783,0.144576841213816
"54",0.130051183346265,0.229786600048405,0.211786896324132,0.0693535866890674,0.00523882774798691,0.353782905844143
"55",0.174810171631787,0.201920216552787,0.0827244560950805,0.184131224591965,0.148778736675579,0.207635194452801
"56",0.319133318850133,0.205839689252831,0.122159250775859,0.0883761567756655,0.149885485259544,0.114606099085967
"57",0.292797020510674,0.21928692232437,0.0411741164416318,0.115167668667782,0.0832736041153717,0.248300667940171
"58",0.246684574396262,0.142944769556833,0.101147450887228,0.113030568628969,0.203543068667461,0.192649567863248
"59",0.362455242409137,0.127133847129467,0.0521666209683555,0.0937293434949878,0.109878717518733,0.25463622847932
"60",0.283188631619998,0.193791719683442,0.262052035076709,0.145092308381173,0.0896834289174708,0.0261918763212061
"61",0.347603873766712,0.168942054642693,0.187004129638999,0,0.0753805313287063,0.221069410622889
"62",0.245113823035879,0.204833152810282,0.0483093522391298,0.232087626633629,0.242102518770146,0.0275535265109343
"63",0.317259623503809,0.170275384630412,0.0516626784053399,0.204549959853579,0.256252353606859,0
"64",0.354314625057704,0.147312034889791,0.140239166306397,0.0895698683020109,0.187564878709167,0.080999426734931
"65",0.209067827901414,0.199441639275041,0.172036599364371,0.163629484024862,0.0404738297930411,0.21535061964127
"66",0.275479889667638,0.164105544632797,0.169031676898717,0.112309420185698,0.0580142169690536,0.221059251646096
"67",0.264031643967408,0.1955905990404,0.169101092940475,0.0678734894212618,0.0998741131559961,0.203529061474459
"68",0.148672282951297,0.144900785197674,0.139962076236392,0.171104982506774,0.209253120442577,0.186106752665287
"69",0.264351221585124,0.201342277565419,0.152484723392617,0.12599162577753,0.237527673268239,0.0183024784110703
"70",0.356149038173355,0.147654757578733,0.200743853078189,0,0.214933521776988,0.0805188293927354
"71",0.241779907149777,0.154540398160299,0.111390294643976,0.238629212654655,0.221329840158297,0.0323303472329958
"72",0.100119175867787,0.291453788471222,0.377122993133834,0.13518096005493,0.0295582229556378,0.0665648595165883
"73",0.215888000065764,0.196059503250771,0.0265602655264337,0.424892363474972,0.0971406544378002,0.0394592132442588
"74",0.328461855725256,0.121325658588631,0.193124770573225,0.0100789761585435,0.031499856904624,0.315508882049721
"75",0.198153367947064,0.177783245444916,0.1361080943241,0.0212770620783277,0.275680793224561,0.190997436981031
"76",0.137651317399044,0.19027012280486,0.269112948275926,0.0193273933567268,0.317676047527795,0.065962170635648
"77",0.156267145342966,0.168563502108538,0.128191205985685,0.11888845198309,0.16109752931724,0.266992165262481
"78",0.318281230187019,0.15880587041231,0.201132725645925,0.0201144703309668,0.130179824717362,0.171485878706416
"79",0.199325323556837,0.143115009341607,0.191088249341612,0.0576107224749591,0.238963132632132,0.169897562652853
"80",0.33434982701112,0.109481495448081,0.166897983540156,0,0.199990219429831,0.189280474570812
"81",0.150951530762431,0.217518332879723,0,0.22605217358176,0.221347087506181,0.184130875269904
"82",0.181878593052881,0.132234447986384,0.245786515968512,0.0305641724199141,0.12823970054609,0.281296570026218
"83",0.297675446072661,0.151662590365052,0.140060905900344,0.0180900213669223,0.0256568164065349,0.366854219888485
"84",0.463697907208088,0.186711309269572,0.146617500656737,0.0254241043050841,0.156487462034953,0.0210617165255645
"85",0.341054732472193,0.198348600371792,0.0813760452413601,0.11322695715688,0.126841877054035,0.13915178770374
"86",0.31078184910053,0.172740399287474,0.252929173556283,0,0.0371378808340938,0.226410697221619
"87",0.199134629218427,0.205496383654783,0.180368893099338,0.103994870986635,0.0200061547267577,0.290999068314059
"88",0.277063641284872,0.169271283076505,0.156125109565074,0.0779775720367527,0.0774510374760284,0.242111356560767
"89",0.237627493616696,0.240625125468764,0.00881527263630529,0.196961631292023,0.168806945252203,0.147163531734008
"90",0.183709132902723,0.137551007598779,0.247832188853223,0.0859881450942984,0.225949925683006,0.118969599867971
"91",0.240734631762582,0.186594546130538,0.144393522789793,0.104809242068351,0.154038759997887,0.169429297250849
"92",0.21065324173235,0.147039617336077,0.0704031703050652,0.190284409419358,0.203751309528966,0.177868251678184
"93",0.329738326526531,0.190076505460243,0.175241629218128,0.18352345243924,0.0253258650976452,0.0960942212582134
"94",0.220682339132918,0.164928152659125,0.141411051415348,0.112428945796122,0.0176224043555684,0.342927106640919
"95",0.281316679062692,0.212388383503902,0.117382563774172,0.201451106396719,0.134904928837011,0.0525563384255032
"96",0.30376594206037,0.190018650291045,0.157526728532587,0.072080816222749,0.0760652823749632,0.200542580518286
"97",0.198698679111904,0.163064675175569,0.0626807632532367,0.183309294749225,0.12641226847083,0.265834319239236
"98",0.176525441920651,0.143599118489627,0.306534693321433,0.114693277187446,0.130092582168582,0.12855488691226
"99",0.157732184433737,0.228795923331616,0.0662128757847476,0.434788184975688,0.105874823982635,0.00659600749157615
"100",0.202729388005503,0.203938637906608,0.212957701373375,0.00998784441872128,0.188222665410888,0.182163762884904
"101",0.265388305672722,0.151184607561589,0.163814684772911,0.0657349970990012,0.127598719644484,0.226278685249292
"102",0.244673979058473,0.192686705763654,0.0342764909038006,0.121047549310984,0.221328502066873,0.185986772896215
"103",0.158710940857945,0.133735472772145,0.249897203996341,0.119966858426669,0.214708073465976,0.122981450480924
"104",0.244439889583957,0.122950787702007,0.0228267584089519,0.0973720078410772,0.284620607028538,0.227789949435468
"105",0.152893604982307,0.265385475210337,0.0264634819900846,0.318693071856233,0.0350814179647978,0.201482947996241
"106",0.268335064508304,0.142533933778444,0.0693536225660391,0,0.228732123752594,0.291045255394619
"107",0.261660336504467,0.192866123542544,0.094736461185769,0.184443667630648,0.130009114120177,0.136284297016395
"108",0.129130331943895,0.174122799959171,0.255737665677012,0.140419851881476,0.126624859387907,0.17396449115054
"109",0.245932515661068,0.175752807072116,0.126904930960567,0.149911416240887,0.0921037788328096,0.209394551232552
"110",0.233435751501436,0.176835790481767,0.282127290664727,0.036417425422912,0.125513730140509,0.14567001178865
"111",0.278586847153509,0.170820329421059,0.162077774817494,0.140590081812152,0.226955865680837,0.0209691011149481
"112",0.109371772173201,0.208824281891388,0.214893543223899,0.274144565985564,0.118580860520226,0.0741849762057226
"113",0.297979558661898,0.189072580427911,0.225917485758322,0.0164615073389041,0.256823983582901,0.0137448842300639
"114",0.222534173975159,0.202532766200091,0.158104107520645,0.220727773065323,0.193619791574686,0.00248138766409611
"115",0.346887021035203,0.121727200662472,0.168361359953122,0.126440376272822,0.00132494555642973,0.235259096519952
"116",0.296636209865216,0.180071172665916,0.0221656940201218,0.0623388305643172,0.304173300515757,0.134614792368672
"117",0.146511856232157,0.200056341083454,0.0770109117221348,0.0687402038723345,0.301211577252135,0.206469109837785
"118",0.176059179785854,0.229238825716198,0.227331024831594,0.289840154515887,0.0428791402025086,0.0346516749479584
"119",0.187089507015262,0.207890443874622,0.0112632904716555,0.253020891496264,0.23255176658962,0.108184100552577
"120",0.264806620660115,0.201174178376546,0.0707860704224958,0.0559334582496328,0.183330586154924,0.223969086136287
"121",0.119085994292643,0.186650349851493,0.245601119605178,0.0163350808530801,0.122478314906084,0.309849140491522
"122",0.323561934902371,0.158289174002037,0.135631506695904,0.135703813149728,0.154367565320687,0.0924460059292723
"123",0.334845360430923,0.185745406297006,0.0396942005626244,0.109840893955252,0.239613072842685,0.0902610659115088
"124",0.131673423572931,0.180370496548227,0.161128049509605,0.209530173957951,0.148686581894074,0.168611274517212
"125",0.178379794946152,0.19488014414845,0.0979972066368055,0.154262669326353,0.256694165523141,0.117786019419099
"126",0.208157562726775,0.157247570166413,0.204214189622622,0.0739719847810941,0.280405144444946,0.0760035482581501
"127",0.29711908839341,0.211818505759336,0.13606665251962,0.14939735790908,0.187235138853246,0.0183632565653078
"128",0.258231062688496,0.17334475887596,0.230581822767978,0.211541581825118,0.104764426908734,0.0215363469337135
"129",0.199374459675953,0.179828416270918,0.00247419999849805,0,0.180407429448546,0.437915494606085
"130",0.306026678512724,0.161297176109535,0.152273883724441,0.0573147905464842,0.243936774424026,0.0791506966827902
"131",0.210989601227333,0.217363650943505,0.0339679190126485,0.351497381886941,0.0609247447296526,0.12525670219992
"132",0.402940757561821,0.102644262866795,0.0632424072665468,0.194211263146101,0.0962063419852878,0.140754967173449
"133",0.177026025090314,0.187737509577311,0.0442013843910096,0.186596312502341,0.298375639884787,0.106063128554238
"134",0.172494765240597,0.194475945839552,0.0847419967686436,0.0893284167443292,0.0413373160945689,0.417621559312309
"135",0.350792740733394,0.117638042376519,0.0824814539387263,0.148181465108123,0.0436054318509358,0.257300865992302
"136",0.223657234447663,0.220047738107465,0.190263622220096,0.157063176027629,0.115969913160196,0.0929983160369512
"137",0.119629354097848,0.205433607269025,0.193565471296635,0.140274467260836,0,0.341097100075655
"138",0.163119319846627,0.246639416684365,0.131004609313972,0.343133795438983,0.0444922461055148,0.071610612610538
"139",0.216986178468867,0.177183359162245,0.247739396260665,0.00651242414090519,0.0651387051942741,0.286439936773044
"140",0.271592706809463,0.170264939427583,0.125147371562335,0.12340817945851,0.171401994821593,0.138184807920517
"141",0.319498465979757,0.200164110992162,0.143926506647491,0.17360707203537,0.102827257355284,0.0599765869899349
"142",0.249665044859988,0.233127393445845,0.0604044479266866,0.0652367603467996,0.231831444449091,0.159734908971589
"143",0.166621294328487,0.176697726406128,0.265647001556064,0.223807156247091,0.00512618469565047,0.162100636766579
"144",0.302371993954635,0.185486213062354,0.0519432240130094,0.212090392658383,0.20722183617194,0.0408863401396778
"145",0.148379632957384,0.189847372657198,0.113132138882958,0.101525676198998,0.221701399556492,0.22541377974697
"146",0.363782655230737,0.227040899850408,0.0838753167972714,0.158513775191927,0.0306741294658293,0.136113223463827
"147",0.272434412224655,0.17782697320349,0.131079575645294,0.117309294544425,0.082676192621542,0.218673551760593
"148",0.229390099134276,0.17189334757169,0.149445075307249,0.00774053472591981,0.238093391780577,0.203437551480289
"149",0.329633775083485,0.160350515283937,0.190905712524743,0.0397578816548508,0.0610703810308381,0.218281734422146
"150",0.245395775611884,0.168059546285741,0.129534874932367,0.140310752294216,0.120136890728944,0.196562160146848
"151",0.306894379423472,0.166726345455971,0.0445749090223468,0.145345261565121,0.0187172649259045,0.317741839607185
"152",0.227996993956582,0.208453984603501,0.192157401378324,0.109166122849357,0.157462011703526,0.10476348550871
"153",0.313204206686616,0.178278755529329,0.0860938356571371,0.170027391624426,0.239748180212218,0.0126476302902741
"154",0.334849518752173,0.195388611184787,0.130952072842074,0.107062934971958,0.00325548218947181,0.228491380059537
"155",0.224958683258926,0.155186721875486,0.242923751128275,0,0.266133777758338,0.110797065978975
"156",0.323920095837392,0.135286054595658,0.0853332513771088,0.144344593316188,0.166342062994526,0.144773941879127
"157",0.303866396560391,0.156933609378998,0.14464442085286,0.128695580354261,0.094680497533963,0.171179495319527
"158",0.239972531758618,0.183654471110486,0.112850609555154,0.252148310702999,0.0160757829237228,0.19529829394902
"159",0.33950699198898,0.13082186463497,0.00336153730580228,0.129134697856093,0.167610825529397,0.229564082684757
"160",0.264335130879662,0.158777296039922,0.249128840030875,0.270788856250855,0.0148391406592703,0.0421307361394159
"161",0.227324629492601,0.225118396142213,0.169378312850837,0.198930310677265,0.0573020787192051,0.121946272117879
"162",0.179070756869476,0.149005999866098,0.254730349416982,0.122419426619575,0.257473839901484,0.0372996273263843
"163",0.32015780114097,0.174643526933777,0.178816348173492,0.0107964653394775,0.24887910615546,0.0667067522568233
"164",0.235431458992591,0.138348106821773,0.139417372681944,0,0.304053772015009,0.182749289488684
"165",0.139063450608797,0.22465834197973,0.028911625788713,0.112196791227601,0.22553862158704,0.269631168808119
"166",0.269680304813471,0.163636392536466,0.115575732968524,0.131487653645189,0.179060678014335,0.140559238022015
"167",0.238788905242785,0.170851359009355,0.104122432120199,0.043231796553948,0.135609846329466,0.307395660744247
"168",0.285415285839966,0.204870709854892,0.00439784146607849,0.0634949790074669,0.226668951542785,0.215152232288812
"169",0.241023844788675,0.182342281404143,0.113820732833094,0.162679828623497,0.20295688838179,0.0971764239688005
"170",0.329043393050676,0.210332369213584,0.0999507419706051,0.0290595552926436,0.0921962689684442,0.239417671504047
"171",0.26864005963521,0.157178931787566,0.134238035930365,0.20173839462225,0.143913401247521,0.0942911767770876
"172",0.278942576625781,0.16521174495288,0.170392408274929,0.0656446536879793,0.174007190938163,0.145801425520268
"173",0.264998528481432,0.213630776862558,0.058543658522659,0.144445148967005,0.0619546761366335,0.256427211029712
"174",0.244400592986294,0.160521560994864,0.0493038335900668,0.166826333291394,0.241071506320703,0.137876172816678
"175",0.179901175637762,0.232362478998237,0.0190788076998817,0.359726372242576,0.113651905117685,0.0952792603038583
"176",0.227932659209364,0.144487186381072,0.0888968133067971,0.196014752160543,0.0833667338597407,0.259301855082483
"177",0.269791695299773,0.192503020700025,0.143380641069982,0.14726749113924,0.056042330014733,0.191014821776248
"178",0.433877457978234,0.117438616300592,0.261043564458263,0.063526336498158,0.0206189052251752,0.103495119539578
"179",0.232905946163746,0.271314885132909,0.0686750033550229,0.103000356008914,0.278711710876758,0.0453920984626507
"180",0.213319557775351,0.209924529888872,0.084279457224589,0.0997268006831167,0.248141500273126,0.144608154154945
"181",0.346708516134418,0.209502406109183,0.0381488446442502,0.215355166634558,0.0314602645299116,0.158824801947679
"182",0.328077241820198,0.16291112094842,0.149357302310361,0.160563983954817,0.0951123882678105,0.103977962698393
"183",0.394612181469118,0.112082373383261,0.0490861257532568,0.00597929479702186,0.0528784934046234,0.385361531192718
"184",0.308873350560659,0.131673344727847,0.126664286550983,0.129167209891447,0.127088751650276,0.176533056618788
"185",0.142755193330274,0.201411489560561,0.238485006346881,0.235783988900437,0.111336758041718,0.0702275638201281
"186",0.372582220421273,0.21438424990991,0.0768018149914622,0.225615409386105,0.0204533107873293,0.0901629945039202
"187",0.448966511380786,0.175168457049924,0.19281778172574,0.00118861970655848,0.0381551283715381,0.143703501765453
"188",0.132604215924621,0.31638582641151,0.0406223237078354,0.245341647032984,0.119910190191295,0.145135796731756
"189",0.302788190937004,0.210605903021692,0.204073237953262,0.0309199911930167,0.117295765984282,0.134316910910743
"190",0.203321316969441,0.227492161389914,0.203350767275926,0.174461263976645,0.170313771948953,0.0210607184391204
"191",0.165555935258388,0.225729332382634,0.0991742704008293,0.0360580911839674,0.176035733585312,0.29744663718887
"192",0.249925108524524,0.165826044818277,0.121707228456119,0.136555779283543,0.151432293466499,0.174553545451038
"193",0.22408009490733,0.179546290187926,0.163099725768224,0,0.331922259347904,0.101351629788615
"194",0.233033444665855,0.239357075712492,0.00688652011826605,0.207983953978491,0.125007724830174,0.187731280694723
"195",0.209674226211626,0.205953799053892,0.229481348658943,0.155796805440644,0.0216235380139995,0.177470282620896
"196",0.298384297706318,0.157954045883548,0.0627414074129725,0.0855016658603252,0.19354490743592,0.201873675700916
"197",0.228426992656772,0.120241351107546,0.205629328662107,0,0.213048326588002,0.232654000985573
"198",0.246742284263617,0.194248866308451,0.0361465877931188,0.182732099877616,0.187710987406169,0.152419174351028
"199",0.2825643370136,0.191293372796131,0.175703415196959,0.0820463387070481,0.225387516442544,0.0430050198437177
"200",0.290462290383683,0.164542666287075,0.129791206076346,0.200805545194495,0.149923251592473,0.0644750404659293
"201",0.502614870950301,0.109832325597457,0.0245284208528871,0.317625541006842,0.0438225835083071,0.00157625808420621
"202",0.231257926693937,0.236119897737525,0.0589392383000874,0.0946110120353973,0.0552563257095031,0.32381559952355
"203",0.237277413130721,0.156952820316802,0.133216517984533,0.129884901322847,0.193427282749711,0.149241064495386
"204",0.495030672723428,0.17701270996629,0.0484264008588268,0.117841608562847,0.044426729583924,0.117261878304685
"205",0.105032678912179,0.220936775000682,0.269751075084229,0.239477928447146,0.102764813131419,0.0620367294243458
"206",0.219221196087282,0.183040262379266,0.166486303500839,0.100155989855306,0.197990625738677,0.13310562243863
"207",0.249589097473652,0.183334402902328,0.249609998647094,0.212070429625085,0.0698452350728665,0.0355508362789752
"208",0.228083278717988,0.211417646852336,0.0288488696720482,0.137228600822345,0.196886502704593,0.197535101230691
"209",0.34316226752256,0.180514358311122,0.218222520532831,0.00105303198635418,0.102931552212089,0.154116269435044
"210",0.218447175802306,0.198952957309336,0.142539091966077,0.156682960607811,0.181286101643429,0.102091712671041
"211",0.396354173814876,0.115972584721894,0.258876301360612,0.156206973676347,0.0169825857629554,0.055607380663317
"212",0.219956822689013,0.151259242386895,0.261872803764429,0.0146897782898726,0.148038538696143,0.204182814173647
"213",0.167997344865721,0.24368677208035,0.242276950558958,0.0825620549012686,0.0376086899699391,0.225868187623763
"214",0.149906944650073,0.216565665227783,0.220113807407495,0.0455812569639006,0.14049918905891,0.227333136691838
"215",0.263820182840269,0.137796500882432,0.291501919566713,0.0235834799031621,0.204033105082862,0.0792648117245608
"216",0.280679563108864,0.14817118170947,0.175030378277584,0.100569511635849,0.267475095647463,0.02807426962077
"217",0.387933664312419,0.132145858379148,0.0221370285334847,0.213028412905878,0.0722308704387581,0.172524165430312
"218",0.339635843925526,0.180054747508713,0.153955930919417,0.120754316545832,0.110688048554949,0.0949111125455637
"219",0.377413086452558,0.124679946105977,0.170354658322907,0.073304336844914,0.0682017678726392,0.186046204401004
"220",0.180888536360947,0.264630834248521,0.0127201749217228,0.0445503178182363,0.108074757864905,0.389135378785668
"221",0.239065218900801,0.201897011255527,0.116755495131874,0.0914888650585153,0.061456348044458,0.289337061608825
"222",0.174012138542175,0.197555160887045,0.116249913481973,0.210118392576158,0.19829132590592,0.103773068606729
"223",0.275833202092079,0.155443753235899,0.155027040085404,0.0742457902377486,0.116258998405389,0.22319121594348
"224",0.367883717357627,0.186871842152994,0,0.148275549570342,0.0749348445866641,0.222034046332372
"225",0.322784453675528,0.234872262852596,0.0149148329418245,0.125992704138507,0.13036805451275,0.171067691878794
"226",0.20640231129875,0.141318861267144,0.0851448702355211,0,0.298989683411708,0.268144273786878
"227",0.243131865976007,0.205818010256821,0.041896904402917,0.19389562857292,0.0463480697218657,0.26890952106947
"228",0.235422243271162,0.166839064131824,0.220830234365249,0.056739820647395,0.165770813757357,0.154397823827014
"229",0.185134523477055,0.209545756928855,0.169773387356131,0.0595251045691628,0.311446217337652,0.0645750103311453
"230",0.428935142576478,0.134597704568297,0.100499601452434,0.0761153547777541,0.0998848940309926,0.159967302594043
"231",0.278662349173321,0.128747467346469,0.0592625168308728,0.130526378832087,0.119556475977075,0.283244811840175
"232",0.382154644545117,0.222185378582025,0.15654768459666,0.0655447016795215,0.114859719993277,0.0587078706033996
"233",0.11657224348487,0.244275516046854,0.169989650373126,0.307370773208957,0.0797701261624128,0.0820216907237801
"234",0.34900298394694,0.146292174943283,0.118487590480954,0.114021405258041,0.0319130773346836,0.240282768036099
"235",0.307202377356508,0.182317506588589,0.062088764654817,0.224440304831018,0.183922816372371,0.0400282301966961
"236",0.313494687197849,0.207866702963542,0.064987831668289,0.269060226644754,0.0988945140540809,0.0456960374714849
"237",0.347741014821493,0.169854700442447,0.249233100672431,0.0306208621024841,0.15889784352138,0.0436524784397649
"238",0.143229038570649,0.175949528328582,0.139107759885668,0,0.206155852495358,0.335557820719743
"239",0.21646564116425,0.194497135478835,0.199950719139575,0.20764831656063,0.0635587638908027,0.117879423765907
"240",0.286056329792507,0.166798670035596,0.217545218163614,0.0489458309133967,0.260606460617612,0.0200474904772747
"241",0.208319853668628,0.226987860386517,0.019245986450102,0.103135806719777,0.305067040098338,0.137243452676638
"242",0.325570636937048,0.121163654935933,0.013794278690042,0.068295572488279,0.435593628200296,0.0355822287484024
"243",0.119215810297785,0.18579196385267,0.195513842924386,0.127938979912893,0.0829745019745877,0.288564901037678
"244",0.232504151122105,0.160202173249802,0.155270653765257,5.37106728732793e-05,0.0664616535871482,0.385507657602814
"245",0.283566091260903,0.168853069929265,0.147014128236476,0.0583886804090535,0.152213980580498,0.189964049583804
"246",0.264972966543641,0.242075927867398,0.00810894755879465,0.147099481637417,0.0950044551742055,0.242738221218544
"247",0.2762113931702,0.155097281111541,0.198859055852649,0.0989951880569914,0.0232853260107931,0.247551755797826
"248",0.256412005709506,0.264098923791948,0.00966638558614477,0.067695387691718,0.320031588002488,0.0820957092181948
"249",0.15389781952949,0.222428121469652,0.23974394206349,0.158243266159376,0.121719138605046,0.103967712172946
"250",0.252813012547629,0.137150850830587,0.324271225007417,0,0.154693043740099,0.131071867874268
"251",0.128081201491375,0.248700740489786,0.0137381158956438,0.317349687090283,0.230962037979865,0.0611682170530467
"252",0.221910762511472,0.20513725066435,0.177385553109354,0.168867142713176,0.151652088741689,0.0750472022599589
"253",0.166507330886358,0.224322373876545,0.0438697146414995,0.139485649441419,0.209429290845059,0.216385640309119
"254",0.255939842115831,0.17519286326761,0.0476610755788509,0.216362370422145,0.100363034557511,0.204480814058053
"255",0.117407253710102,0.206895307755928,0.0167900149207846,0.328349443210391,0.0624359005029605,0.268122079899834
"256",0.144605276734308,0.176119085996783,0.474601474572477,0,0.180707154833978,0.0239670078624549
"257",0.234169923634254,0.21274613638624,0.206399472175991,0.113350942361861,0.0214608966675884,0.211872628774066
"258",0.235595562908471,0.172623711666385,0.157769892127242,0.129298925730402,0.132313125778867,0.172398781788632
"259",0.378909322173125,0.178538908018939,0.12699222962523,0.0727673448320769,0.00354334551113029,0.239248849839499
"260",0.145029742716119,0.239130487911102,0.21982895933621,0.106399168879368,0.226342349581351,0.0632692915758504
"261",0.186572176972588,0.156629572215935,0.193510070794628,0.126742603143914,0.165710711686646,0.170834865186288
"262",0.243910686390803,0.241204304495399,0.148402764508723,0.0698916524971136,0.269182211781147,0.0274083803268148
"263",0.204574625921744,0.171954722105908,0.0908308314959066,0.14561430602009,0.216016034755855,0.171009479700496
"264",0.201672835807736,0.219514552105094,0.0902459220775258,0.192507199585573,0.100435449560241,0.195624040863831
"265",0.161843786213993,0.150877202888084,0.0819708907756273,0,0.143657638395319,0.461650481726976
"266",0.145342815367578,0.18058199393679,0.25513403489378,0.132117278530571,0.13897484081991,0.147849036451371
"267",0.306696149541439,0.156585264206332,0.216999327111622,0,0.197898521121477,0.12182073801913
"268",0.164119067693793,0.209258014900931,0.107813324979173,0.0784525280065272,0.225695703269116,0.214661361150459
"269",0.391187515077246,0.135237505495627,0.0142506772960013,0.246295519632308,0.17816428241379,0.0348645000850279
"270",0.230154197041196,0.255984262540633,0.0100691554533014,0.117172410619666,0.102135299586475,0.284484674758728
"271",0.164058324560143,0.206129547670619,0.0703305920624097,0.257233668353226,0.295653444047434,0.00659442330616802
"272",0.366996364924464,0.132960745949595,0.185272619322167,0,0.0166485878106457,0.298121681993128
"273",0.272189310516161,0.195941220413539,0.145749397703904,0.130880376801228,0.15072167325425,0.104518021310919
"274",0.293149838379357,0.162247218797346,0.181400739352288,0.109350170803344,0.118055854222466,0.135796178445199
"275",0.221321712207744,0.139076192082332,0.202544269362363,0.105963931795749,0.0984121022344957,0.232681792317317
"276",0.248884358077461,0.139164483326993,0.0580296334116189,0.114782226653575,0.214023877920106,0.225115420610246
"277",0.126456890187166,0.221898934148491,0.0401632115614241,0.0888625884406406,0.0879009096766081,0.434717465985671
"278",0.354731626598052,0.198504492415571,0.140513219860498,0.0893900497316801,0.0495487914827909,0.167311819911408
"279",0.148003717840686,0.182924539389056,0.172349754989934,0.140212462831544,0.204732003591376,0.151777521357404
"280",0.138767724782593,0.262058867640275,0.201373239502993,0.213662449338534,0.0644439085000594,0.119693810235546
"281",0.183414737276871,0.157019299842922,0.201890856860962,0.0944880244157803,0.180683197957582,0.182503883645883
"282",0.197285699460217,0.175210960723327,0.151876193969044,0.224192756854327,0.05867027326359,0.192764115729495
"283",0.292382535685356,0.190705008119656,0.0524931986082487,0.172393618024698,0.10296412519547,0.189061514366572
"284",0.202107254483832,0.193822427150058,0.151049995530228,0.146164082243288,0.142898826353398,0.163957414239196
"285",0.257009296288791,0.153625334152684,0.161079335559879,0,0.316090331704851,0.112195702293794
"286",0.28467609497245,0.117234713514648,0.0764354055350654,0.121782709227376,0.106827355612403,0.293043721138057
"287",0.263599669860729,0.144022570909696,0.39131500152789,0.0641955338168901,0.0443060111252236,0.0925612127595716
"288",0.260026559889022,0.223867964696347,0.0334184577370833,0.0546453735897095,0.186817819091807,0.241223824996031
"289",0.206076468851702,0.194900872608767,0.114466546930425,0.148885303688023,0.15254631653757,0.183124491383513
"290",0.313624811466073,0.213578606346314,0.134500852874195,0.161683468348493,0.0755764091783983,0.101035851786527
"291",0.157493456390372,0.226878054423192,0.0440271503286435,0.315338501581747,0.0443606660128134,0.211902171263232
"292",0.424145549052103,0.158722107788533,0.168343625924124,0.0271351093437188,0.173076440419335,0.0485771674721865
"293",0.191025748732048,0.221047717080407,0.22076499271144,0.230469492747968,0.0406439662133481,0.0960480825147884
"294",0.264131764944351,0.157811424013832,0.18843910570079,0.130304883253342,0.116537032240298,0.142775789847386
"295",0.247511283056625,0.20957329084892,0.110346934688165,0.0313909675282768,0.174570650212878,0.226606873665134
"296",0.252079587459143,0.206956560362043,0.127344595405777,0.0141899560430496,0.17930462630882,0.220124674421167
"297",0.334869877599771,0.160836462956598,0.0337887715306846,0.0838054311644013,0.185112598531164,0.201586858217382
"298",0.274118297179389,0.152604030273751,0.144820623348183,0.106465728520324,0.182274915012328,0.139716405666025
"299",0.267330197786053,0.138940424496187,0.161600780326132,0.223390373272906,0.159042584938525,0.0496956391801973
"300",0.118545747651333,0.210024525029753,0.0775273418296032,0.299816535112967,0.0149319780058942,0.279153872370449
"301",0.311763816687368,0.179562669815994,0.0778955163337396,0.0786248173791831,0.150448722592023,0.201704457191692
"302",0.297530126776198,0.157628332059705,0.0768917687074507,0.0370347003400804,0.206885308537438,0.224029763579128
"303",0.206091386659572,0.321947559569277,0.205645777580412,0.0998461390494548,0.099309425098898,0.0671597120423868
"304",0.290055478387715,0.169857380903557,0.132190970234062,0.197741968030278,0.146936390323191,0.0632178121211965
"305",0.313193847099005,0.168940662905142,0.202183808125936,0.164810495307337,0.104100296507104,0.0467708900554754
"306",0.246359074576353,0.181943859398373,0.142591095930122,0.0703669739542817,0.172782513813468,0.185956482327402
"307",0.352997791449895,0.145112042240363,0.16466372840591,0.116703251208101,0.20764326661272,0.0128799200830107
"308",0.178600911688037,0.195507716365073,0.193489795716039,0.0829883149668778,0.1282340915048,0.221179169759173
"309",0.182710522427764,0.209869659883829,0.290280110510816,0.179807798301349,0.00259313268671133,0.134738776189531
"310",0.166846986225266,0.195586858048769,0.092017832477654,0.0199384499055517,0.255497806823158,0.270112066519601
"311",0.3328894854304,0.226118817002891,0.0948080468352987,0.0656751537080232,0.188212213504762,0.0922962835186248
"312",0.369546140910521,0.137534584922667,0.15686539575055,0.037082186854408,0.254693582824145,0.044278108737709
"313",0.417848393999742,0.200663438848345,0.0473642098535007,0.0276878303263938,0.076022941079472,0.230413185892546
"314",0.313461981129214,0.206772339508533,0.0230605999942312,0.0593015846466166,0.124166069416218,0.273237425305188
"315",0.16206158822826,0.20915531412952,0.145883296316809,0.00132028940816553,0.210577732889283,0.271001779027962
"316",0.132975632949542,0.215234287819455,0.118504684019455,0.306189727914152,0.0655886245598927,0.161507042737503
"317",0.23560090964997,0.239008733235196,0.212253978928644,0.0863863248585,0.0407579132436132,0.185992140084077
"318",0.200375056699563,0.199504800754987,0.000299101398007641,0.0339768853029785,0.329191095602123,0.236653060242341
"319",0.378278436919772,0.238534540968272,0,0.196061320934701,0.045837888844729,0.141287812332526
"320",0.253917302194547,0.173259284557899,0.15949422554828,0.0988285559186734,0.115079286422635,0.199421345357966
"321",0.384447109820783,0.128671648125725,0.116344655509179,0.201197237627478,0.169339348916835,0
"322",0.135431163085224,0.196199231245017,0.109730230438306,0.27310197158021,0.264272934415321,0.0212644692359219
"323",0.169964248599916,0.178394491931148,0.196138882857813,0.123809473327919,0.0527669979006708,0.278925905382534
"324",0.147876611913199,0.154093706203448,0.222420697003598,0.284573478055122,0.105780206782674,0.0852553000419583
"325",0.256988163963916,0.172931355136073,0.257984820395786,0.0042062396540769,0.00539566195573582,0.302493758894412
"326",0.128569061279946,0.158918079356845,0.310635945966725,0.182001562421019,0.03072641236214,0.189148938613324
"327",0.131795853360423,0.207435870499352,0.0143478759911884,0.3015514976335,0.223556933124111,0.121311969391425
"328",0.23430726956926,0.153845604410796,0.0106843422986208,0,0.432680040863153,0.168482742858169
"329",0.213320292850944,0.181331692766279,0.189039278518967,0.17665884495022,0.0734791841854752,0.166170706728114
"330",0.192769114850675,0.200778788849809,0.139693247474608,0.193158611083941,0.220689109948652,0.052911127792315
"331",0.118430902337883,0.20499325929614,0,0.0240564058441502,0.449079349723272,0.203440082798556
"332",0.323767974964219,0.126771689934607,0.267445078795417,0,0.065298970615169,0.216716285690588
"333",0.17852417449646,0.145844000669159,0.163192826239995,0.111761622879473,0.196957738607829,0.203719637107084
"334",0.242805787058149,0.148526776661489,0.0360594532830437,0.0782063576152884,0.440712117627687,0.053689507754343
"335",0.277819382906378,0.211194110999529,0.177808101460525,0.0170171885197515,0.0971277009170396,0.219033515196777
"336",0.220006827455272,0.128951040131878,0,0.202321965582779,0.136135635903299,0.312584530926772
"337",0.246658346744137,0.183002171163477,0.218319028655781,0,0.0619537214348686,0.290066732001736
"338",0.19985493437757,0.145704858865102,0.0663143677577756,0.304648615667022,0,0.28347722333253
"339",0.15379304744155,0.152961152539287,0.00559645403712669,0.104071860558856,0.308242242969842,0.275335242453339
"340",0.282145104134514,0.21571349511958,0.174685232150443,0.180817104018136,0.114965202485928,0.0316738620913996
"341",0.206721646084716,0.165989617170096,0.0278737994040789,0.0616533815617689,0.250769637292347,0.286991918486993
"342",0.514016451063003,0.088680153436768,0.151567985232448,0.0870326145002148,0.0487918748076666,0.109910920959899
"343",0.144771227953289,0.174533250223343,0.210568444884108,0.110515127469099,0.209577281175272,0.150034668294889
"344",0.160975406363317,0.247992642086806,0.172590676884221,0.140897400224653,0.110696469551306,0.166847404889696
"345",0.369887746215544,0.122042076054905,0.152748592379233,0.161549058721533,0.165792685833444,0.0279798407953412
"346",0.298290442122435,0.163784613205954,0.0187419070781398,0.202055965326656,0.144127846465017,0.172999225801799
"347",0.129517499096957,0.228888075298935,0.146016967514674,0.0542501019476045,0.222225028126083,0.219102328015746
"348",0.251585903256385,0.159127866706623,0.262845651162507,0.000774005362450474,0.263418325802413,0.0622482477096216
"349",0.293413232351825,0.172459639158474,0.0610854952451116,0.185287133919561,0.0899649449781535,0.197789554346875
"350",0.367580996799511,0.135777345699334,0.101604325578785,0.0782505301426767,0.136076848671589,0.180709953108104
"351",0.177396317521988,0.233978323404408,0.123199051911323,0.154165788888047,0.071559993544206,0.239700524730027
"352",0.346298071522197,0.22477681330071,0.143374677299462,0.0688278616016519,0.12156906431691,0.0951535119590685
"353",0.162408770715757,0.210448206944764,0.269327413051653,0.0760382298543733,0.0532171545198338,0.228560224913619
