"","neu","NK","CD4","CD8","B","mono"
"0",0.192636283826646,0.233654136844281,0.193473977309664,0.244316572876251,0.0891003878698361,0.0468186412733227
"1",0.290413821009971,0.198532521251645,0.169832752495469,0.0294425265432426,0.0365231118441924,0.27525526685548
"2",0.195495506321843,0.168180941998482,0.0648071878462251,0,0.222831546379064,0.348684817454387
"3",0.274267619889906,0.170015926676195,0.100559839900769,0.214852453608969,0.20426727947319,0.036036880450971
"4",0.198976156214326,0.184239791042069,0.20065648199158,0.140519726039454,0.0705672657221844,0.205040578990387
"5",0.13082451943222,0.20271952360403,0.132300003863341,0.220893994121902,0.0819065658073219,0.231355393171185
"6",0.345427860213273,0.121176513762879,0.175148172808392,0.0540134428539807,0.0936292076907658,0.21060480267071
"7",0.219020740644656,0.210784147851972,0.157517389516897,0.138902391538579,0.113736378097024,0.160038952350873
"8",0.132446373100158,0.186416541185623,0.12766800598576,0.178262221038709,0.375206858689749,0
"9",0.201049073834154,0.182005406229569,0.169765687707679,0.119023159707851,0.118436016243172,0.209720656277576
"10",0.43988722399293,0.151185126192082,0.2564175352715,0,0.0269914368431295,0.125518677700358
"11",0.383777119702273,0.137978716179958,0.150373205913316,0.169410789513663,0.132848074795731,0.0256120938950594
"12",0.140222391070404,0.222293137932828,0.217223509148559,0,0.11013080249685,0.310130159351359
"13",0.3615295050334,0.105267676148167,0.163211422325414,0.0374339154232,0.116956313561236,0.215601167508583
"14",0.299616037538339,0.198484710776639,0.154060108474347,0.116828271336606,0.110375438031544,0.120635433842525
"15",0.167522075800033,0.137128045505535,0.239493092046149,0.042893035926431,0.258811081426672,0.15415266929518
"16",0.315820285096096,0.155246776767066,0.0387215341144125,0.205865805629772,0.173053608234703,0.11129199015795
"17",0.211169977370602,0.200950103456407,0.0712839441435012,0.0904108216063954,0.236900441924777,0.189284711498318
"18",0.310477715956283,0.185034692439708,0.196124593298039,0.0170909442805494,0.0318602386546251,0.259411815370795
"19",0.265337587696327,0.173005900317516,0.0441084688246184,0.114258385969518,0.202739885869878,0.200549771322143
"20",0.363946631830141,0.117836083937679,0.0930340748768407,0.044425262789538,0.183911931350863,0.196846015214938
"21",0.176500202828557,0.193370640505291,0.277136557984655,0.169095861224862,0.0730272530203802,0.110869484436255
"22",0.21101967968056,0.219169468156688,0.279901538087813,0.0985023227273423,0.0684632225072485,0.122943768840349
"23",0.270048012856257,0.209441375192213,0.0961116361871207,0.133322411067291,0.136270234628152,0.154806330068965
"24",0.32548747013342,0.188040944934831,0.109235847260106,0.000703861364267497,0.134366366293527,0.242165510013848
"25",0.125067792042698,0.153521949667381,0.278972610611428,0.145776937529433,0.267047162803697,0.0296135473453637
"26",0.351741639757788,0.12144135209149,0.103240746366533,0.109932780641524,0.109215921353314,0.204427559789351
"27",0.144085290651108,0.195995353939383,0.0889888284207289,0.180922893593724,0.166552780838129,0.223454852556927
"28",0.188354980878765,0.153757675091311,0.151576988713564,0.0991989067826939,0.190730957935449,0.216380490598217
"29",0.229472086292926,0.179918423444773,0.157777415709075,0.153837715487542,0.00573882371421154,0.273255535351472
"30",0.375180741506128,0.247618288319105,0.0511096672417566,0.159215290712963,0.0643551094283041,0.102520902791742
"31",0.259717268536703,0.201732704601716,0.202478742863841,0.197202898561336,0.021501310535096,0.117367074901308
"32",0.205410718969086,0.214859526176603,0.12118808224361,0.153177229086455,0.126271308038731,0.179093135485516
"33",0.428252904338185,0.233604840952926,0.064804395562095,0.129886142479715,0.0223309311397234,0.121120785527356
"34",0.343215606840963,0.140789363946247,0.103963849933695,0.048556513908926,0.230408075060459,0.133066590309711
"35",0.356684392531874,0.190108748236337,0.0911748242637,0.140195011899835,0.127359942164266,0.0944770809039886
"36",0.153769234266661,0.165536703902216,0.0699731554161474,0.206315832882186,0.132898092630971,0.271506980901818
"37",0.405220649076603,0.117226487539531,0.0456118563805862,0,0.311616802723718,0.120324204279562
"38",0.273482104803625,0.195095550699079,0.0694524254084086,0.244889018654779,0.0548069243806422,0.162273976053467
"39",0.26034647439695,0.175927452982084,0.272470226057874,0.241352152812672,0.0417859983197476,0.00811769543067244
"40",0.234694961089446,0.205598714550467,0.164570881467733,0.108509811928032,0.18781318323338,0.0988124477309411
"41",0.333886454983655,0.187434589915964,0.0419165591602853,0.28859865865106,0.116457425392252,0.0317063118967837
"42",0.169056675301264,0.197296902738363,0.184480672538301,0.0649644795754598,0.221147425709774,0.163053844136839
"43",0.330518545899463,0.204354328993358,0.0294691053340554,0.166532137408715,0.142897665588671,0.126228216775737
"44",0.172318831354265,0.1849109060355,0.129642006154761,0.0385974701468948,0.210183300664656,0.264347485643923
"45",0.262826614701612,0.16297532334228,0.234053793157987,0.0112164656747387,0.182082513836601,0.146845289286781
"46",0.347214985691224,0.130724413279365,0.128209583791896,0.225973534418066,0.0336847720387113,0.134192710780738
"47",0.329942953723529,0.128078032366772,0.0754103203047686,0.128412689861723,0.28352903372794,0.054626970015267
"48",0.340790248681017,0.148299077497911,0.0310054246577458,0.162173721931159,0.188471633286816,0.12925989394535
"49",0.382017403482417,0.112682128565139,0.0249272441654833,0.251180110093811,0.151378359204123,0.0778147544890276
"50",0.367518042961911,0.187737568238191,0.172580501421257,0.020758077288549,0.12107383355667,0.130331976533422
"51",0.150087981814758,0.215404758699026,0.237334574169418,0.188835484275505,0.187421633797483,0.0209155672438106
"52",0.329444473145327,0.160793080063208,0.158140926881165,0.00192419389307662,0.119645144438665,0.230052181578558
"53",0.141369415104484,0.204987027613894,0.120972924451246,0.255595534591097,0.178412583289018,0.0986625149502607
"54",0.215753181942752,0.184154941207374,0.156099187482154,0,0.177089227885568,0.266903461482153
"55",0.378506470948787,0.185217212838306,0.057857024957578,0.173518826767651,0.0569283793195605,0.147972085168117
"56",0.167783658638902,0.206631499372777,0.0388126078127149,0.0984026867559631,0.256509883193011,0.231859664226633
"57",0.323674897077788,0.226451406781225,0.175735174691695,0.0493630276175143,0.0534641884414515,0.171311305390327
"58",0.369052263705526,0.141929113083025,0.107221313510391,0.200497575438847,0.0576096892408601,0.123690045021351
"59",0.16635732179297,0.182608980015673,0.298765770151553,0.076420879623726,0.139583914457662,0.136263133958416
"60",0.325948883378281,0.195971770621024,0.0120046105439447,0.0789309870965242,0.153166201646583,0.233977546713644
"61",0.195598737810719,0.156882091802588,0.117633644313587,0.195065915912008,0.121427166105125,0.213392444055973
"62",0.162431750248261,0.136584950853327,0.164599355830739,0.23348833412549,0.144465400613416,0.158430208328766
"63",0.196123088693309,0.127788171080912,0.0493042645127955,0.181349502572598,0.220948801167696,0.22448617197269
"64",0.296766938039714,0.152713955284347,0.153033504247531,0.149463767594373,0.127832011207192,0.120189823626843
"65",0.374730145012532,0.130420488235366,0.18931794772817,0.00167381301778372,0.199356768717763,0.104500837288385
"66",0.252019219473686,0.23254718067354,0.025943404466802,0.0832114269008687,0.126922755122265,0.279356013362839
"67",0.241969210740871,0.17019271095124,0.163032072094455,0.0827443750991521,0.197150663847519,0.144910967266762
"68",0.308912449478848,0.207186179919898,0.0734877436265171,0.101438570576737,0.101623115624657,0.207351940773342
"69",0.369254606461697,0.191447206605433,0.0397009970634044,0.108685216567344,0.207648039095829,0.0832639342062928
"70",0.285482075713051,0.158185977469601,0.126158256279653,0.0550820580358932,0.147229114574837,0.227862517926966
"71",0.310672589854758,0.141465005753682,0.183759259030737,0.0696658228664951,0.00408476642093864,0.29035255607339
"72",0.349370077323188,0.12402020174467,0.120804185157027,0.214094238472247,0.0457316632948851,0.145979634007983
"73",0.170090479944777,0.224552870899275,0.188681940055098,0.0545698941459009,0.227663475615964,0.134441339338984
"74",0.26016708247415,0.159311520450932,0.241316862276359,0.0979928580552328,0.00921376238193171,0.231997914361395
"75",0.353958676114884,0.211134223909324,0.00425458026357098,0.0338640796105636,0.170882013286481,0.225906426815176
"76",0.25623732840772,0.147840359464448,0.077005348538322,0.0778618134181729,0.344423608756059,0.0966315414152778
"77",0.168329610870714,0.228006999149181,0.249805380766522,0.115654950040258,0.0645119247265701,0.173691134446755
"78",0.16693663062314,0.182481677950891,0.0784329708305636,0.115225417385066,0.197625978053061,0.259297325157279
"79",0.252520132594443,0.231771159765311,0.0672034911549848,0.152003898388853,0.0263412352859956,0.270160082810413
"80",0.231633213516208,0.211740748693165,0.0606994778324856,0.155463970108643,0.170566081141415,0.169896508708083
"81",0.335422889153776,0.177471195732891,0.187211404120633,0,0.241835654765412,0.0580588562272892
"82",0.453641666152964,0.118280582889543,0.056282199896946,0.133675305140009,0.196368529290404,0.041751716630134
"83",0.278254705956919,0.124973839587606,0.196761718340381,0,0.194138180340389,0.205871555774706
"84",0.207080950145191,0.144627354282916,0.141943478433334,0.155234172920972,0.306149113408212,0.0449649308093745
"85",0.335038931218353,0.131062870259915,0.0592530909343894,0.1226487031183,0.100006515633678,0.251989888835365
"86",0.222833000132984,0.184810773800478,0.160890032024316,0.147858106222675,0.108101479829743,0.175506607989804
"87",0.309392125810734,0.207985243897773,0.0404179905339232,0.0868456831270563,0.212369922486244,0.142989034144269
"88",0.306186441383235,0.149008872715408,0.106555712676181,0.0803852216983953,0.132014018416146,0.225849733110634
"89",0.243895298933451,0.219592354348246,0.164137002056922,0.269300324329125,0.0899577646421312,0.0131172556901251
"90",0.267754711387631,0.209873672886902,0.0890314680483501,0.16672792925459,0.253309370286498,0.0133028481360292
"91",0.166418860895893,0.280474324303688,0.0521459791088213,0.0830879415984817,0.245963223221869,0.171909670871248
"92",0.207725282707129,0.211252825663618,0.140929751281183,0.0975555902340384,0.272607548857998,0.0699290012560334
"93",0.222740835332466,0.212155559456093,0.0845880026063193,0.0887748257389986,0.227982774711678,0.163758002154445
"94",0.177815091796267,0.220609105719328,0.0483014281594186,0.062501030779896,0.224363078508447,0.266410265036643
"95",0.231226009645824,0.205890468801181,0.201190714272636,0.128558105619395,0.168747459944201,0.064387241716764
"96",0.23379012219944,0.211028088518143,0.205629043412545,0.0424532227621679,0.00813212700878883,0.298967396098916
"97",0.311070098323704,0.130233745175935,0.15329219661599,0.0249992421135379,0.249135064957747,0.131269652813086
"98",0.277591955221883,0.171786818402777,0.142398443181276,0.222082595524224,0.0400321151574309,0.146108072512409
"99",0.440004436047272,0.136520609453486,0.00518544452935444,0.0284218747073363,0.150140411366728,0.239727223895823
"100",0.221223435215054,0.198290804906474,0.068258222623086,0.0750663785313885,0.286007676783046,0.151153481940951
"101",0.246682294484883,0.165317240677033,0.137155426884068,0.162532335939944,0.10497902333104,0.183333678683032
"102",0.425358178386151,0.124380710747367,0.0203355036496784,0.165380782876701,0.0635764743617372,0.200968349978365
"103",0.204029955632764,0.153145204004595,0.14153002078351,0.0604421146280976,0.197738291888455,0.243114413062579
"104",0.261565692555991,0.242139218577339,0.0122846400908266,0.290267166376296,0.193743282399547,0
"105",0.212570399359793,0.175083052098016,0.0459654437871286,0,0.425639455325795,0.140741649429267
"106",0.219835613635608,0.212498365466663,0.0356571639183624,0.198379842732372,0.328925508042639,0.00470350620435547
"107",0.161476358854491,0.236565960689667,0.183017376253226,0.0323337407803792,0.239771338008767,0.14683522541347
"108",0.301797498483611,0.186504745163422,0.0443892420557431,0.106538605289156,0.217763368961611,0.143006540046457
"109",0.19059326933271,0.215954632265062,0.218071912783132,0.156570661309278,0.190276640009088,0.0285328843007308
"110",0.206071087651216,0.176404294892798,0.187994043213497,0.15489699203438,0.058888510300815,0.215745071907294
"111",0.298227900816402,0.139812180272611,0.0866521360210177,0.0328852109610758,0.215541691390108,0.226880880538786
"112",0.2906941111155,0.136732332142057,0.203972391883462,0.155767070766383,0.115206336157814,0.0976277579347835
"113",0.249535045471913,0.174725133252968,0.0422229504412529,0.117516114667619,0.234730447608804,0.181270308557442
"114",0.245489957890776,0.178599251077652,0.101370364825573,0.111308462511409,0.208213161895988,0.155018801798602
"115",0.236763606267276,0.169099582259152,0.165735717747807,0.0517860974367866,0.136695621565446,0.239919374723533
"116",0.281604413107582,0.170507131220247,0.141761978948474,0,0.193674880612394,0.212451596111303
"117",0.388009732654485,0.171126529030422,0.278814146263879,0.0341454658864541,0.0945305748339921,0.0333735513307677
"118",0.404818414587561,0.121906600059959,0.0311751076477057,0.121538057227046,0.0585446670616867,0.262017153416041
"119",0.345566566780567,0.11216961859882,0.1573334422707,0,0.216705446682278,0.168224925667635
"120",0.244114360508592,0.137522782087044,0.265920573687644,0.118059571872833,0.101642309707169,0.132740402136718
"121",0.259444741611169,0.254921695607567,0.00717237439444878,0.271111095900554,0.0625908735863525,0.144759218899908
"122",0.230379386352373,0.223432602145907,0.0106679084182879,0.182913433023038,0.0543757165918698,0.298230953468525
"123",0.190588500182759,0.188102529931514,0.176814836139958,0.180740682485916,0.0480317953678002,0.215721655892052
"124",0.238698669235922,0.199053002596244,0.226222424844721,0.080088963582298,0.23056042312499,0.0253765166158243
"125",0.205527434851166,0.210330432383553,0.16861285773237,0.200033108195175,0.18625376378589,0.0292424030518464
"126",0.221788644116306,0.182551778689656,0.179330610439709,0,0.375107072725191,0.0412218940291379
"127",0.139667000336216,0.206335402701183,0.142257516857913,0.17193618856571,0.109590061321261,0.230213830217717
"128",0.166833719413848,0.189786916880391,0.243542998695263,0.141384411918957,0.17992305849594,0.0785288945956014
"129",0.227015156161039,0.261111404566221,0.039055413168883,0.196991191943717,0.0344861793990647,0.241340654761075
"130",0.28723107056899,0.211687312441988,0.112837762685441,0.0463530534756386,0.233282678165806,0.108608122662136
"131",0.216898132246115,0.205748801941298,0.0546184655247527,0.117719586614211,0.294390553759108,0.110624459914515
"132",0.29076604392925,0.16656027463178,0.195436150641193,0.0175954796197838,0.183077235090936,0.146564816087057
"133",0.155561703356687,0.229975202231011,0.00722519600713239,0.195310432587717,0.207621239872219,0.204306225945234
"134",0.274429902513013,0.214600444261631,0.160785923522148,0.193556245229055,0.0910277796350719,0.0655997048390804
"135",0.242728543189907,0.181861659271061,0.162281990230262,0.264150507005154,0.0266999200188781,0.122277380284738
"136",0.284846818520124,0.157476778096237,0.115987489519371,0.119068209661664,0.251441345620102,0.0711793585825031
"137",0.30062789509431,0.204546887561521,0.232433991875023,0.0506529212792126,0.0687572804459225,0.142981023744011
"138",0.159579360021656,0.240807683055357,0.17743683551795,0.0575018408794809,0.206502875717846,0.15817140480771
"139",0.164336074312109,0.188105501442709,0.0828436121909557,0.148919380738564,0.19895951668097,0.216835914634692
"140",0.349033339458399,0.157984277183792,0.0197003476296603,0.220346013767255,0.0621748153876478,0.190761206573246
"141",0.286547090608441,0.125912187891772,0.211532602575829,0,0.113369566332157,0.2626385525918
"142",0.123502457061057,0.202793490296794,0.132153571800314,0.1674046095475,0.157900887513281,0.216244983781055
"143",0.342266948665111,0.136212008106087,0.0475995821451993,0.0656667661357185,0.264869859508101,0.143384835439784
"144",0.291043001374609,0.112399720618248,0.177397270265013,0.106204112678443,0.119502222000004,0.193453673063684
"145",0.166562380107864,0.182479267379973,0.216747457372326,0.0198404893655832,0.0627822692615394,0.351588136512715
"146",0.262615582950171,0.1469278591878,0.17943499795583,0.176255709044967,0.207838649278696,0.0269272015825364
"147",0.231719057273866,0.173976481376701,0.116258878198143,0.0505733661848183,0.195875226525678,0.231596990440794
"148",0.265613242072695,0.147999889453368,0.209623032573129,0.243736770383407,0.1330270655174,0
"149",0.231124249366784,0.21206263180382,0.203503773506486,0.050353214712068,0.0504517660485078,0.252504364562335
"150",0.206859558494773,0.123586251673437,0.0513696204850873,0.239089450882712,0.0217447412682594,0.357350377195731
"151",0.150313883135529,0.197937427965553,0.163328184828255,0.23535290766256,0.197612736413619,0.0554548599944837
"152",0.182648039986727,0.155443387922163,0.106077082608335,0.0394362469412971,0.352137231370836,0.164258011170642
"153",0.205028570784698,0.221514738294506,0.019470319962231,0.420519181561512,0.00721446189832884,0.126252727498724
"154",0.2177214809686,0.168317680194168,0.0582674802843041,0.180441197793715,0.1723744727466,0.202877688012614
"155",0.208434436515322,0.172031777588387,0,0.18685078591727,0.250646837035758,0.182036162943264
"156",0.177249328090367,0.226818699951268,0.149854737696355,0.240915293721663,0.0278048417930401,0.177357098747307
"157",0.357324134402195,0.140347233831247,0.0858427816476877,0.0571235647440389,0.108578314721694,0.250783970653138
"158",0.208899357894309,0.209619521311102,0.0452518455894011,0.0653248124761763,0.297464367194087,0.173440095534924
"159",0.178706010910024,0.202470927077355,0.188252494418662,0.0990181671638424,0.209434081434924,0.122118318995192
"160",0.277594684226617,0.130511654936446,0.0664524978215763,0.160642457909298,0.22974124895455,0.135057456151513
"161",0.272698043531394,0.147481842914269,0.0444969589383872,0.0466270696108661,0.133492637041711,0.355203447963373
"162",0.20107947869766,0.20021046229799,0.140960154889717,0.214120609854412,0.0996125151878018,0.144016779072419
"163",0.260292028409072,0.222126910286637,0.0867597827458529,0.0180967635299698,0.196302871183617,0.216421643844851
"164",0.190244813954473,0.202391307772872,0.149631359318863,0.137164297359951,0.133743288628745,0.186824932965096
"165",0.301409526547904,0.125737982258954,0.0229419997097364,0.00746138602700848,0.425313308379625,0.117135797076772
"166",0.330621801781864,0.128593819819643,0.0230283925426215,0.172562870970382,0.254841371041456,0.0903517438440333
"167",0.398052167645185,0.20900145413931,0.0538694238383994,0.0940234380884989,0.189734830812122,0.0553186854764847
"168",0.366302344312615,0.124956111565479,0.0874468049572082,0.17317594028126,0.20017069480266,0.0479481040807779
"169",0.292769573940065,0.188026888113356,0.0140097208860614,0.0172596607152552,0.473135081595654,0.0147990747496086
"170",0.158738423436093,0.191973514535886,0.152486557535359,0.0475654904190636,0.264179721704219,0.185056292369379
"171",0.191085590712514,0.154064263468759,0.0790605827856388,0.096427392671581,0.26329076458605,0.216071405775457
"172",0.203747680961147,0.228263396748093,0.0256617373006552,0.086932732178242,0.248307549339795,0.207086903472068
"173",0.157673902128682,0.21123915842648,0.218385362397803,0.189397197948922,0.186224685495156,0.037079693602957
"174",0.272993411563196,0.1596552760251,0.143820072061218,0.0423197903570478,0.289704313196951,0.0915071367964874
"175",0.251996981160753,0.163148442093965,0.128727919942729,0.0889976927487883,0.175415909878148,0.191713054175617
"176",0.344720502196173,0.270864014285113,0.0519882456442313,0.0684184143460139,0.227007229893804,0.0370015936346655
"177",0.193301849204781,0.204272205631374,0.142940892974741,0.0962728791774881,0.231092185451795,0.132119987559821
"178",0.216932769472644,0.151799667956046,0.231459692528495,0.0540638514424171,0.206245478810335,0.139498539790062
"179",0.198827475306172,0.165493412635263,0.255978045653455,0.188974053168531,0,0.19072701323658
"180",0.308424711827861,0.128407491993954,0.110934917394731,0.0757017731416729,0.156807983567016,0.219723122074765
"181",0.146534756581512,0.200783396250486,0.0305740332995189,0.0988268231656726,0.225317038123844,0.297963952578966
"182",0.186653053071065,0.200305584386495,0.269016135382307,0.164808779507369,0.071915818424623,0.107300629228141
"183",0.247407516692813,0.190793465657406,0.17519267365145,0.0954198491663398,0.156390365555649,0.134796129276341
"184",0.213092347705558,0.189927699739888,0.0873889783144859,0.162306803083275,0.166945258937749,0.180338912219043
"185",0.282714394543858,0.113042559487729,0.136994399745413,0,0.216430525954202,0.250818120268798
"186",0.268347471487416,0.15937407175589,0.140148356829842,0.0771821327985058,0.213754538369786,0.14119342875856
"187",0.265762074625114,0.247342606213213,0.037050027609703,0.146916196197383,0.202956261947291,0.0999728334072963
"188",0.412979129320442,0.128387439496133,0.116605814602797,0.144937909411077,0.152219066826797,0.0448706403427534
"189",0.333147352240718,0.126527757977989,0.0910764472839574,0.0431895558190272,0.232513935595769,0.173544951082539
"190",0.255282730679361,0.174450903174508,0.0112401127938547,0.13811008715346,0.205214522249387,0.215701643949429
"191",0.269228822189936,0.149274921999699,0.0238428859408589,0.351075583652172,0.0128130151076742,0.19376477110966
"192",0.253605228197157,0.170608210447922,0.027854075403259,0.16031283262551,0.229328755965547,0.158290897360606
"193",0.264353800440944,0.153460065964469,0.149803229416013,0.193556142088076,0.0585231425645223,0.180303619525976
"194",0.2160833800525,0.243316684249095,0.0144586305871854,0.279350305986522,0.224948631780263,0.0218423673444342
"195",0.368231453315912,0.159215607721044,0.245518617278161,0.00348711095248817,0.0310813765452291,0.192465834187165
"196",0.203535261865164,0.207120044365613,0.203976054557363,0.120129840973365,0.106599108337144,0.158639689901352
"197",0.26464601037546,0.207793229422183,0.21444109528205,0.0607340624335362,0.102695663783302,0.149689938703468
"198",0.159763642960675,0.197017946914976,0.16244343543331,0.181239289202225,0.235317124897329,0.0642185605914857
"199",0.224445991652528,0.190322745343445,0.172396696990863,0.110628876747783,0.15144817149235,0.150757517773032
"200",0.414038990325405,0.196046381705922,0.0952399639842103,0.0989142572346522,0.172835796276255,0.0229246104735552
"201",0.245690374137342,0.155617835496697,0.285366876694867,0.0893756819502258,0.211316677540772,0.0126325541800965
"202",0.335646759669128,0.148406123893704,0.0767687842011269,0.0595671816937071,0.208339688760408,0.171271461781926
"203",0.135184570980305,0.138260569552424,0.333998514987241,0.0795981460917127,0.224688186264938,0.0882700121233795
"204",0.284040234334827,0.167332569278386,0.0599845764944775,0.0669572181264406,0.266201172004053,0.155484229761815
"205",0.166176130184547,0.208508115065444,0.151308569276236,0.159321104538335,0.202223088506841,0.112462992428597
"206",0.332561196933034,0.138278052779039,0.18770755734724,0.0978739848178773,0.0510781722560039,0.192501035866805
"207",0.172473830349682,0.201964802896424,0.102809343606366,0.164441389738415,0.0853134783700443,0.272997155039069
"208",0.316601668757182,0.148977233002492,0.166738067004247,0.00723154315841413,0.194032766173801,0.166418721903864
"209",0.15762337501716,0.197975323586586,0.175731766620295,0.209677763476773,0.0259083527779044,0.233083418521282
"210",0.35639954861011,0.111331173946589,0.121774890466914,0,0.204794002503128,0.205700384473258
"211",0.185156849440389,0.232118007240281,0.266321861635245,0.104143614637495,0.150225395715481,0.0620342713311088
"212",0.297387291264754,0.213535539021938,0.0569091526421626,0.262698694908248,0.114765516643795,0.054703805519102
"213",0.302073438840861,0.273578030401565,0.0315618625046007,0.156838580246045,0.027609936125775,0.208338151881154
"214",0.258893055007769,0.172828389109723,0.185895689556348,0.153115530216524,0.0547700624692315,0.174497273640404
"215",0.290344166148728,0.112280498272263,0.265527635339711,0,0.015851364490114,0.315996335749184
"216",0.291507207328301,0.155488649704549,0.208836826907984,0.0245546699592537,0.116400755870705,0.203211890229208
"217",0.230297736024949,0.161591453005841,0.101515349787161,0.205770045518725,0.140299839248099,0.160525576415224
"218",0.337621612534185,0.118125170826453,0,0.141331281730807,0.224020597964377,0.178901336944178
"219",0.346662827644971,0.126356380115046,0.00221574221885067,0.126847107133306,0.0861594227496119,0.311758520138215
"220",0.159572249884333,0.213496326343364,0.0590713420290754,0.250368228717625,0.00462293849963081,0.312868914525971
"221",0.357273479823142,0.191942389948307,0.160475908935827,0.072564200347961,0.127824236244854,0.0899197846999081
"222",0.383566709687174,0.166380341005866,0.0729189662927889,0.183852744459551,0.102473068721583,0.0908081698330368
"223",0.16758129034927,0.180375295513675,0.099902181260727,0.182039750811955,0.13818539007971,0.231916091984663
"224",0.259307595960091,0.189242571425457,0.118538114890074,0.0917500434018212,0.170135038706431,0.171026635616126
"225",0.173445815761952,0.214308397639655,0.213868503468543,0.148804082236499,0.0520888399605782,0.197484360932773
"226",0.263148460059386,0.211320185549323,0.0247177515047988,0.0120778888850405,0.236573385510444,0.252162328491008
"227",0.268319959990591,0.210766934754071,0.174426835337481,0.213079931565486,0.0255111561027202,0.10789518224965
"228",0.337094754318391,0.152356137273739,0.217982018491863,0.141272358499186,0.0742187926186854,0.0770759387981371
"229",0.186144723268931,0.174098313847811,0.172305545524325,0.141232564681858,0.20401982963378,0.122199023043294
"230",0.333387800903246,0.181639244412981,0.118019167773683,0.211836218333072,0.117387498060108,0.0377300705169102
"231",0.199841836514858,0.151132517078911,0.184918600456925,0,0.208060857255706,0.256046188693599
"232",0.363970996835786,0.140324438132663,0.112198367905272,0.132009384842609,0.0852850402404481,0.166211772043221
"233",0.295345648916342,0.178688419883865,0.0375230839070429,0.148640708950004,0.0663954870402041,0.273406651302542
"234",0.28108584466112,0.162286348233155,0.091208192531236,0.119021995639692,0.193851100112082,0.152546518822715
"235",0.11598058227624,0.24616402197492,0.205754096496906,0.124004675893454,0.0157841821775668,0.292312441180914
"236",0.349610016044195,0.140461452722294,0.106492724377651,0.133760663652233,0.197407167493554,0.0722679757100725
"237",0.187459258472979,0.215096929130132,0.153264194549964,0.181067629093858,0.00726554306733664,0.255846445685731
"238",0.248383100897326,0.136956057716153,0.167174821475424,0,0.176405418766627,0.27108060114447
"239",0.305952648290223,0.13010371220777,0.0125292298043424,0.197823146649488,0.148005532926665,0.205585730121512
"240",0.20507373967843,0.15066550614561,0.0761980905143446,0.0156604446420195,0.341606189097344,0.210796029922252
"241",0.327889472916464,0.159519261263287,0.204126715203003,0.0292190284519465,0.183574719802305,0.0956708023629948
"242",0.32718128671201,0.131611987997924,0.215071757117053,0.106518551890798,0.12564110406799,0.093975312214225
"243",0.26795989332127,0.238071906414685,0.0119090990886803,0.252246871111138,0.0338737056806144,0.195938524383612
"244",0.382275938825242,0.256678345737728,0.094594219077414,0.123013453605429,0.0694827527297516,0.0739552900244352
"245",0.253691125858593,0.208833914779163,0.0263380140514365,0.0493421331393158,0.255762906947528,0.206031905223963
"246",0.136652937680008,0.201303411225239,0.185244756667577,0.172481461120521,0.215743355054158,0.0885740782524957
"247",0.248199802136721,0.15075746735336,0.115848223472872,0.100146254905442,0.180432499570491,0.204615752561114
"248",0.297961407885835,0.145977142449565,0.148987502810763,0.116794362137608,0.120178954310674,0.170100630405555
"249",0.194746968695712,0.194857587101671,0.13826301818693,0.0333732293911637,0.221004358918019,0.217754837706504
"250",0.307593365617125,0.196898342227477,0.0806152245708312,0.0967762749847744,0.211978272190954,0.106138520408839
"251",0.363261987545502,0.132684265262764,0.00834388512076694,0.218185766655007,0.136738609983215,0.140785485432744
"252",0.245391066472193,0.18810594467642,0.12838308924037,0.187588026607499,0.0338370282455134,0.216694844758006
"253",0.233874550675065,0.203520582598418,0.135624555214468,0.146375476707429,0.15849174388859,0.122113090916029
"254",0.113992240292193,0.238399886700118,0.192512609977502,0.131330365022933,0.217372117358757,0.106392780648497
"255",0.379292240937652,0.182533633737417,0.0431239754710891,0.215567248930851,0.0985178929256832,0.0809650079973077
"256",0.237717556756975,0.124490326618905,0.0450310326493381,0.13978891239097,0.0990525952753882,0.353919576308425
"257",0.327720405938445,0.203661697502299,0.0196286260246426,0.101355230826706,0.247453186664382,0.100180853043525
"258",0.226829099964055,0.180112250598873,0.0935551647791315,0.024873452411094,0.315865637584899,0.158764394661948
"259",0.232022298999018,0.184076494349396,0.222790728241655,0,0.0489511564104563,0.312159321999475
"260",0.252993116756671,0.251265645724864,0.0010252798912116,0.243718171563034,0.0491185854126036,0.201879200651615
"261",0.204192331323635,0.168724060785215,0.103167165085249,0.196609679144662,0.236823228949703,0.0904835347115369
"262",0.189484655082404,0.248720123553914,0.242874748457184,0.0757974285010713,0.0848550698983453,0.158267974507082
"263",0.238348026054953,0.15265945482421,0.208307719797665,0.0284052564695776,0.0607289884478245,0.311550554405771
"264",0.245011699057573,0.165322873471074,0.0749825667051192,0.0261481403270449,0.27397819561215,0.21455652482704
"265",0.228609314821699,0.190659422854945,0.236481958901229,0.0474976719439211,0.125386273598262,0.171365357879944
"266",0.187323982519114,0.214899201215421,0.139044214108179,0.268090737207851,0.104435543367306,0.0862063215821294
"267",0.30507434796731,0.210515787262708,0.138365813181079,0.0393330246686887,0.188820342051748,0.117890684868468
"268",0.34951775125803,0.187202996355022,0.0394673444221519,0.117941314847785,0.035034855996818,0.270835737120192
"269",0.211158860925315,0.147616816447643,0,0.0795602925884879,0.278010900948664,0.28365312908989
"270",0.357320484792875,0.222189722611732,0.0817331698466118,0.228249593696122,0.080152988659943,0.0303540403927164
"271",0.303226677028854,0.143203194926901,0.114984833197023,0.144259561767929,0.214944680526653,0.0793810525526395
"272",0.283953243596806,0.152114768064086,0.025605881242922,0.175455039320479,0.194887473035524,0.167983594740183
"273",0.358600840097538,0.151180408018125,0.0239103680615569,0.12444364123117,0.1414637695796,0.20040097301201
"274",0.149968300960077,0.205702364903976,0.127580178230633,0.15223743539113,0.150242544792097,0.214269175722088
"275",0.322591332008918,0.105565057319498,0.0921371429861741,0,0.132219627913952,0.347486839771458
"276",0.23142198520871,0.147555505929421,0.178931456717726,0.136605321020629,0.0513530425146097,0.254132688608904
"277",0.28029997841675,0.17222024676349,0.134555819791909,0.145059912554272,0.0711221202718655,0.196741922201714
"278",0.321473654058167,0.163424379805552,0.224713239870391,0.184104104985318,0.0146636725832644,0.091620948697308
"279",0.200791125658946,0.26748749035143,0,0.127551446091676,0.36279869411651,0.0413712437814383
"280",0.239456062686828,0.217973917979535,0.181773235339111,0.0458692674187431,0.221814640492417,0.0931128760833664
"281",0.271298308714077,0.199399105455458,0.101268723146441,0.106992498253606,0.149258879725817,0.171782484704602
"282",0.265393824975421,0.215109943314667,0.189268384088613,0.0298714654984241,0.101142010245294,0.19921437187758
"283",0.170558631698283,0.206168714680274,0.0739441263407264,0.330789207479696,0.217569626266646,0.000969693534374843
"284",0.307493758369932,0.145844075264686,0.181598704323674,0.0705321657193374,0.11112057052442,0.183410725797951
"285",0.199565919773821,0.221990950003822,0.262549663152691,0.0577734541173907,0.111717642703501,0.146402370248774
"286",0.278755960329034,0.159537025619526,0.180995004609641,0.0736975162187052,0.0867617712817308,0.220252721941363
"287",0.217934501303784,0.145508786053974,0.102083845439496,0.026464729708216,0.324480549465799,0.183527588028731
"288",0.177493189004915,0.126159400513237,0.285543532355041,0.104971682102216,0.00940851966111244,0.296423676363479
"289",0.128356849610214,0.253857566824732,0.182544014563172,0.328515626451727,0.0348204745220786,0.0719054680280753
"290",0.147877715133474,0.215647351084341,0.135117642549339,0.0535285805209031,0.107197407275864,0.340631303436078
"291",0.291977073985195,0.131429062540726,0.149972121290024,0,0.411553743698233,0.0150679984858221
"292",0.506994207771351,0.229148396726894,0.019412340683917,0.063542015834291,0.0815113601492677,0.0993916788342797
"293",0.263099930715734,0.1417193491926,0,0.228352801487109,0,0.366827918604556
"294",0.147048302659214,0.213296136768254,0.229006355240913,0.242846039181334,0.0378910860707024,0.129912080079583
"295",0.439931762575613,0.0989961529095417,0.0774820938476619,0.263061613406651,0.025172399780691,0.0953559774798406
"296",0.332156402135972,0.182009300310134,0.211434824766461,0.00966413987236072,0.245227246309972,0.0195080866050996
"297",0.300319966342785,0.19018816256129,0.119231278341189,0,0.23984743434249,0.150413158412247
"298",0.211241521021455,0.174488829853383,0.208822511433849,0.0631251538039801,0.139566255830205,0.202755728057128
"299",0.192350325600308,0.211460541934118,0.121505101189015,0.0396461344110819,0.185781623785837,0.24925627307964
"300",0.12426843538257,0.191881665956926,0.147679640659927,0.00223870334752113,0.407092896063185,0.12683865858987
"301",0.147302078751408,0.207390272710721,0.169547823292073,0.154290608653923,0.0789228373019067,0.242546379289969
"302",0.153243273273336,0.182623234093145,0.161393775728837,0.175308468657551,0.145471626529054,0.181959621718077
"303",0.110077246069938,0.228120351531699,0.208243680902591,0.263373872735122,0.169137409825898,0.0210474389347519
"304",0.149860968307362,0.234926825017569,0.0406463579475521,0.347952192731365,0.139392262081125,0.0872213939150258
"305",0.311363580027948,0.138380278732863,0.237298580598115,0.09140991276954,0.20621166805872,0.0153359798128152
"306",0.212157005284393,0.205327864819231,0.0461028598648557,0.264707358160144,0.0234840514592544,0.248220860412122
"307",0.309845418062203,0.138025853045125,0.169247298247649,0.175116197358649,0.00634989640323645,0.201415336883138
"308",0.252432322157474,0.139738314162426,0.10714998713336,0.0499681780526712,0.160323798932849,0.29038739956122
"309",0.365480051651958,0.126199093020227,0.264273141605524,0.0606203447406034,0.00647865573780979,0.176948713243877
"310",0.243962906054168,0.1975216320723,0.19155346502266,0.00424900121112207,0.109328757950905,0.253384237688846
"311",0.251421457108215,0.254074691369338,0.207040180857402,0.0823064187632387,0.0632322578757273,0.141924994026079
"312",0.323602648532265,0.203589823392292,0.0573962735292445,0.168335129779756,0.168857619670454,0.0782185050959878
"313",0.239578873485857,0.218091761370753,0.0201419849715886,0.243773528160512,0.0245980190778537,0.253815832933436
"314",0.356459758812977,0.191659184290951,0.21834461790473,0.0929602429231621,0.0751561897286495,0.06542000633953
"315",0.371587148060478,0.109442036956793,0.0393590628793763,0.121861001224096,0.185025551904855,0.172725198974401
"316",0.134941528121476,0.19947539588067,0.374705390173085,0.00995555375430835,0.0655789253825362,0.215343206687924
"317",0.289418194909104,0.127286652946841,0.0753783811856326,0.161766357422044,0.0881575930896873,0.257992820446691
"318",0.264533688486119,0.220353891569613,0.241138909351399,0.104016712890066,0.0776959067706261,0.0922608909321772
"319",0.209803770020222,0.151548554251883,0.127334709613293,0.118970243221734,0.213135968529303,0.179206754363564
"320",0.352583305904781,0.137343951422769,0.215246971542672,0.0901464905720562,0.0429393315810121,0.161739948976709
"321",0.371747207571698,0.141531514190731,0.0336951431103662,0.155227439498944,0.223600837111553,0.0741978585167075
"322",0.245346516592916,0.244653899804836,0.116944037081749,0.183233125403331,0.0957383939806118,0.114084027136557
"323",0.267575355198927,0.178397069378762,0.0645472188866208,0.0258841274172443,0.288084183801318,0.175512045317128
"324",0.249962392560462,0.164154137318064,0.203695796219636,0,0.188192476094645,0.193995197807193
"325",0.296548185919822,0.208985387906321,0.16957750331279,0.0863922798654568,0.141452176255285,0.0970444667403253
"326",0.49032194822312,0.143905722738534,0.169462712553773,0.00145069986532776,0.178231320440954,0.0166275961782913
"327",0.339864548518163,0.133520401448475,0.0909446355475776,0.152897451531955,0.233993655340872,0.0487793076129575
"328",0.319549529440918,0.150940283804082,0.11800466676411,0.0116119320580672,0.215517331022024,0.184376256910798
"329",0.216401918435616,0.190050738449408,0.0513239673994219,0.325782957340201,0.148353265226935,0.0680871531484181
"330",0.307578127880475,0.13001482947804,0.0396697582536127,0.0391661607628688,0.246162455280433,0.23740866834457
"331",0.278171847605309,0.205891389266216,0.106688859092943,0.152362508247823,0.137225839756971,0.119659556030737
"332",0.353688597219809,0.142796630361213,0.324633939384126,0.0545917616145419,0.0207322783366457,0.103556793083665
"333",0.119738994893724,0.167966248178745,0.215960801816352,0.193088047503688,0.259470817143718,0.0437750904637725
"334",0.151218591459217,0.155537139013521,0.261375516312712,0.129205695242913,0,0.302663057971638
"335",0.341556294648959,0.117407963875435,0.100985704625613,0.000878357865992146,0.420669111483219,0.0185025675007817
"336",0.378995998870848,0.11392755249088,0.0740899314698212,0.147830134754418,0.0642479737348048,0.220908408679228
"337",0.216216538335066,0.26076785066069,0.169324039415219,0.068342034003666,0.166096355543461,0.119253182041898
"338",0.241100409942443,0.1717479308149,0.235310865481736,0.128126793953646,0.204354314255129,0.0193596855521471
"339",0.302643584864023,0.182402088678828,0.155300542694849,0.13183123760898,0.113866019748262,0.113956526405058
"340",0.30672034192359,0.198950886197704,0,0.314271606491591,0.00340033632568489,0.176656829061429
"341",0.224352062347797,0.20001771748773,0.1739211959588,0.213336443525169,0.149992172335959,0.0383804083445459
"342",0.122617882789733,0.199788652798896,0.217082931415573,0.0387961451562308,0.213110590432328,0.208603797407239
"343",0.380193638932016,0.218110635630026,0.0460771150596748,0.151400316543819,0.133909979822013,0.0703083140124507
"344",0.231567693052222,0.189353070293481,0.136588141419284,0.151482757442634,0.233074566608501,0.0579337711838782
"345",0.323095845294323,0.227319045657881,0.0878042566318814,0.128471374966494,0.0899759792948927,0.143333498154528
"346",0.208484239666932,0.180797157874459,0.30430871780051,0.0396131573245555,0.148994655139759,0.117802072193785
"347",0.285913622167754,0.200593207614112,0.0763236684599205,0.206267517352869,0.194378278898837,0.0365237055065078
"348",0.159279222210062,0.188174155171444,0.249047045099024,0.139548924424924,0.198102137012114,0.0658485160824325
"349",0.212381012234509,0.205090818770232,0.163193047117748,0.13262577710996,0.0888050395337353,0.197904305233816
"350",0.16164273277304,0.18077709845583,0.200075347682597,0.220460087794883,0.178587220650554,0.0584575126430958
"351",0.192375965691437,0.175556085402604,0.165555583195127,0.150458785941354,0.146073249449628,0.169980330319849
"352",0.270675491489746,0.149110705086632,0.165657254486501,0.0763036970064097,0.167142201205161,0.17111065072555
"353",0.300157596855679,0.186874867337083,0.0312626573889616,0.0655861440409038,0.133486963754802,0.282631770622572
