"","neu","NK","CD4","CD8","B","mono"
"0",0.315539567173123,0.19072476305034,0.00444802050774318,0.122072141190583,0.201100582573111,0.1661149255051
"1",0.14389588426784,0.244200063698013,0.222663561253933,0.195828765257513,0.0498816745007744,0.143530051021926
"2",0.255377047255181,0.146789443070266,0.0464279075362494,0.386135382777159,0.00285628522744156,0.162413934133703
"3",0.254199438472698,0.172968474290808,0.181428392645511,0.144458211978655,0.0330862719713133,0.213859210641015
"4",0.341909379376942,0.213175828033643,0.0753330729191754,0.031724180766637,0.255091588232146,0.0827659506714566
"5",0.258087174884075,0.200957590624956,0.207183898108776,0.195103626410914,0.106560963642736,0.0321067463285433
"6",0.260840022448987,0.194572465530964,0.12796948159974,0.18094982354879,0.0967982089232553,0.138869997948263
"7",0.305264603803933,0.147222220922653,0.0923647977107864,0.171441594718619,0.143307067611575,0.140399715232433
"8",0.139647082165006,0.169687281559036,0.124552920789867,0.393931074543622,0.165834382139713,0.00634725880275621
"9",0.291146081685949,0.152817830585596,0.168360047918157,0.0306463585760906,0.175768881518206,0.181260799716001
"10",0.116604400870709,0.242802306236478,0.137905752043076,0.0851256659729794,0.295140337097155,0.122421537779603
"11",0.164086239450025,0.24119357411614,0.0357743547890338,0.306374993394485,0.201334418432911,0.0512364198174054
"12",0.719550684704572,0.0496516378463358,0.13667666508585,0,0.0684938138563129,0.0256271985069292
"13",0.188952551935549,0.16919617331104,0.248771785910986,0.00541825353151523,0.145998088029327,0.241663147281583
"14",0.258272363988788,0.174926266487095,0.0570288934706426,0.18839916051515,0.0548985257298982,0.266474789808427
"15",0.265890041570646,0.188064077601837,0.128178918568689,0.00290227702897327,0.167735509966563,0.247229175263292
"16",0.293521219505461,0.132657919438674,0.278243619250382,0.0370750240871283,0.0379206250576705,0.220581592660685
"17",0.250163950808153,0.119352117050259,0.0873301632907834,0.0928993053422236,0.212723876099419,0.237530587409162
"18",0.337090253206442,0.135743861488653,0.135692240732328,0.186954897759867,0.070344347937442,0.134174398875267
"19",0.167991054185026,0.22651468515477,0.140729566228073,0.101814059512419,0.27180651314997,0.0911441217697422
"20",0.309446563073513,0.249189401289749,0,0.131242269352562,0.0592515163783485,0.250870249905828
"21",0.211947158614732,0.173250889532583,0.11922514598117,0.120841300213891,0.23987291953255,0.134862586125074
"22",0.196153760608075,0.153679752726137,0.223746116830354,0.127859237384125,0.00791365825929148,0.290647474192017
"23",0.228934517360657,0.188177882735759,0.010017174857868,0.304920589728797,0.164649008498052,0.103300826818866
"24",0.214317347397925,0.188345961097833,0.133811963809274,0.153643581272638,0.125323137347763,0.184558009074568
"25",0.253341411258908,0.223910126825349,0.121639854085326,0.115785735595037,0.24317368984742,0.0421491823879604
"26",0.331134765914354,0.160444865480074,0.0654944155736343,0.165721581124909,0.0400390665824897,0.23716530532454
"27",0.327209055810681,0.215723811467945,0.211511205589996,0.083370547065283,0.0141061379672375,0.148079242098858
"28",0.223100509355549,0.147599431710406,0.20559938756804,0.198404141129382,0.0727607091189338,0.152535821117688
"29",0.248478413389777,0.173956774589752,0.135237360026358,0.115882723897186,0.217371429565619,0.109073298531307
"30",0.130961382576693,0.197900251473583,0.019944027076457,0.22311492394002,0.204999087253755,0.223080327679492
"31",0.225620374706829,0.252738822116934,0.223541861060602,0.103584435713188,0.0931610985015619,0.101353407900885
"32",0.24750218364771,0.144264629495017,0.19626971023109,0.0557627950870497,0.145031843897934,0.211168837641199
"33",0.336667879222497,0.241391151683426,0.13859996430424,0.0696901024609875,0.194631918609652,0.019018983719198
"34",0.313257999154012,0.208984786032757,0.154183161651047,0.0978937346394991,0.208682221819085,0.0169980967035992
"35",0.260941382682319,0.135684192434275,0,0.166245963366186,0.186443268043016,0.250685193474204
"36",0.32115710349161,0.256271717591125,0.155171935453289,0.0829091574406359,0.137976226665304,0.0465138593580368
"37",0.301816052387616,0.195131530975376,0.156922407545472,0.15942716348629,0.156446111103415,0.0302567345018316
"38",0.207226930286484,0.133690268252783,0.0865758648731658,0.171266511784311,0.292096419015821,0.109144005787436
"39",0.128948488644501,0.199194642757602,0.0620198064690824,0.212563427623544,0.212490376665013,0.184783257840257
"40",0.198196875022563,0.30351230584846,0.155728979470394,0.156603806272504,0.0574773617805543,0.128480671605524
"41",0.284267777572726,0.227103423054879,0.0895297615041407,0.126349345139609,0.0924856601805858,0.18026403254806
"42",0.361830615075358,0.121902023432879,0.0465164683957974,0.194679414627217,0.107937596450077,0.167133882018671
"43",0.168107322702082,0.207125620285746,0.172929423446826,0.121058141153025,0.131119389914264,0.199660102498058
"44",0.159166364776522,0.202096519963688,0.00619631269502415,0.16218321796504,0.288297070896803,0.182060513702922
"45",0.362796892992933,0.145991535873399,0.203053941016313,0.0449115892459816,0.158293530011856,0.0849525108595167
"46",0.154824873881794,0.227123374500796,0.157496290386212,0.325020422998209,0.0694076171989155,0.0661274210340744
"47",0.315327657400336,0.135807911160426,0.101085105423404,0.137904741824849,0.178963877210637,0.130910706980348
"48",0.16699970618589,0.188425433334363,0.216909384316677,0.0414293878538373,0.196101040036369,0.190135048272864
"49",0.36349400280385,0.142030628830375,0.112884171104312,0.297210509174298,0.0532159463109522,0.031164741776214
"50",0.359654423556185,0.182203767490619,0.271000762237066,0.0218521973009112,0.0804649758890953,0.0848238735261228
"51",0.271409814647438,0.18201407019936,0.113979270842364,0.0983706456358084,0.322037020403462,0.012189178271568
"52",0.180361385618961,0.157861098255415,0.161373517387466,0.127920413884273,0.181350194807152,0.191133390046735
"53",0.234056498129598,0.143463838393402,0.249771566267455,0.137960686418903,0.152297652182329,0.0824497586083124
"54",0.187460892362769,0.144551251864066,0.134609376832306,0.18973726748837,0.187398703364288,0.156242508088201
"55",0.328134386551353,0.175401962576351,0.00739248237221232,0.127710063500656,0.342812528357173,0.0185485766422539
"56",0.29694726661316,0.18232777784136,0.0697143504339471,0.189227863296143,0.062550391061505,0.199232350753885
"57",0.175853761410383,0.212509037508933,0.169365489452411,0.0676195076986538,0.235214913294194,0.139437290635426
"58",0.238573031528278,0.250907335594599,0.0333671046193546,0.281203502202028,0.136767083100228,0.059181942955512
"59",0.327412854858665,0.191744385871051,0.00444205177795806,0.0334838464737896,0.246824359043025,0.196092501975512
"60",0.316314286683596,0.245882302099025,0.156669896176983,0.0952393138822028,0.0832168794617972,0.102677321696396
"61",0.285807757564485,0.145464343434638,0.12417460187205,0.059242917570597,0.202614965213916,0.182695414344314
"62",0.244443304606418,0.198144101445414,0.203349214324713,0.0359489579813792,0.0270798298427171,0.291034591799359
"63",0.252467782504144,0.131689361599419,0.0243031194224009,0.169032983043977,0.138511870775797,0.283994882654261
"64",0.306486023862821,0.1952917423111,0.0995024319199046,0.160835893597743,0.231946327097096,0.00593758121133508
"65",0.119744626567935,0.155674034928296,0.210221604421899,0.131074310009326,0.166390437941667,0.216894986130876
"66",0.175772832748093,0.146084569038348,0.215114479819899,0.0678807932269691,0.19174106594841,0.203406259218281
"67",0.312937483819822,0.193139416040372,0.0104071154895105,0.0408774957101676,0.224406495891278,0.21823199304885
"68",0.201814386720059,0.169908918586831,0.199187725372091,0.124870429004179,0.104074509643103,0.200144030673736
"69",0.139366523944276,0.203579788303232,0.161615877769258,0.141172981840436,0.179739877381562,0.174524950761237
"70",0.242315416064004,0.181423547912666,0.0507146615181042,0.177897623368926,0.191214968937219,0.156433782199081
"71",0.29905958428515,0.146298028589196,0.187239339446721,0.22926390921177,0.0188155739789181,0.119323564488244
"72",0.284978880983268,0.188911890640445,0.10609450534322,0.0350391354943339,0.012612957580656,0.372362629958077
"73",0.212546160614734,0.184453475038845,0.112294217454633,0.13372253255403,0.236606607434322,0.120377006903437
"74",0.164517648495364,0.229329256482935,0.0924457962907323,0.227356301690867,0.158443657925834,0.127907339114268
"75",0.33490740130509,0.204932938374096,0.12304286441759,0.175055678593574,0.130845713748542,0.0312154035611081
"76",0.313031282699373,0.125946381970737,0.204733229946196,0.025046109611181,0.096778309238908,0.234464686533606
"77",0.287464287512009,0.202830825725398,0.204944498549951,0.162578810516965,0.0134157108660503,0.128765866829626
"78",0.238092972545579,0.137456168299428,0.224979631233293,0,0.149246578856495,0.250224649065204
"79",0.292945383623231,0.172071996668135,0.181130020424241,0.0346638334341745,0.124101546293862,0.195087219556356
"80",0.210540662948916,0.158911725870391,0.00993091238906094,0.265390103531491,0.317011975542947,0.0382146197171944
"81",0.111160225223572,0.197689985335242,0.353177027412586,0.19143178566248,0.0441997480331016,0.102341228333019
"82",0.24324736237163,0.160171793934718,0.181189879954187,0.150428471593881,0.133960723020154,0.13100176912543
"83",0.380162310630948,0.235186592297236,0.0532549000741188,0.0561131889564722,0.137513442751048,0.137769565290177
"84",0.294626422784086,0.17268926246928,0.0663311780829719,0.0177632403182515,0.264402910305892,0.184186986039519
"85",0.413188486078385,0.1217109179814,0.112821531183123,0.202958482180779,0.0808134510997344,0.0685071314765788
"86",0.172368067391539,0.124325838933504,0.12225280824164,0.137961042931767,0.0921800643325066,0.350912178169044
"87",0.177172112802245,0.161242761218494,0.0645742498095474,0.383222689142362,0.213788187027352,0
"88",0.202915631746904,0.197396648319395,0.129838843400369,0.189788184008948,0.193719983639715,0.0863407088846693
"89",0.174615206708002,0.235311604038451,0.16779063049595,0.193578113936259,0.0666680355174572,0.162036409303882
"90",0.131133309229556,0.226944641159659,0.159674551412077,0.256524616295529,0.071918535859893,0.153804346043286
"91",0.346794442657105,0.141643442809106,0.0668849736137003,0.163618844786075,0.201519672249806,0.0795386238842068
"92",0.187407443249709,0.156040554480084,0.087551636857715,0.172611667674421,0.284985346619295,0.111403351118777
"93",0.197596096531872,0.298858915249684,0.112034164571472,0.103103512232084,0.0511223027646246,0.237285008650264
"94",0.126732120965759,0.235420936708278,0.100036093805506,0.344651237178305,0.1596635602922,0.0334960510499529
"95",0.29612760214032,0.191088142833094,0.219988490978494,0.0130263360216008,0.178050779119605,0.101718648906886
"96",0.239184400353492,0.157337932917162,0.197826560653524,0.0724059262668495,0.199407231240756,0.133837948568215
"97",0.188782682711497,0.130636908946616,0.131621732915797,0.00350948774909959,0.266468081957465,0.278981105719525
"98",0.22933564349295,0.139868259613284,0.134061903338242,0.0125760262456954,0.155233721481483,0.328924445828345
"99",0.286190973785776,0.120292347189821,0.274769272633157,0.0246147149090345,0.07163518195038,0.222497509531831
"100",0.23017258667903,0.166581447792889,0.186305550216221,0.164931558799787,0.170210239302502,0.0817986172095702
"101",0.180780306041451,0.189479612933886,0.229439072695667,0.0191089450385603,0.303279498805277,0.0779125644851596
"102",0.34489648892129,0.180689429500272,0.144291968524656,0.141715639974452,0.0114173921007644,0.176989080978565
"103",0.356489359545892,0.227197546226694,0.0182306444484674,0.0877154583810693,0.169042088572697,0.141324902825181
"104",0.306741274709179,0.103470733355281,0.0928015427241962,0.150347442878252,0.18780605399817,0.158832952334922
"105",0.199165607269817,0.139382743042276,0.375557158840575,0.118472297195731,0.0554875755918208,0.11193461805978
"106",0.373364238467328,0.1733574139116,0.0143204589328021,0,0.164769082432546,0.274188806255724
"107",0.289071958202541,0.145734290254844,0.0140805638092143,0.228779399296691,0.193020649512583,0.129313138924126
"108",0.359490351965897,0.116373539081045,0.0794807323293798,0.259481270289427,0.177045299840318,0.00812880649393202
"109",0.248239033441904,0.122006190833064,0.191759506982674,0.00279204823253942,0.380144158086825,0.0550590624229941
"110",0.193222897231716,0.133785208010828,0.128434107469821,0.145735204556022,0.193293309202235,0.205529273529379
"111",0.29070617877927,0.171849401125228,0.106213724676911,0.150111556142856,0.179016968263676,0.102102171012059
"112",0.174148839742031,0.161149463947727,0.151477696294699,0.119719431342542,0.092865888218507,0.300638680454493
"113",0.141246327932003,0.285458032631511,0.0196703163990478,0.455488172630005,0.0479573521810629,0.0501797982263702
"114",0.319141637205236,0.110217241654864,0,0.076970303785714,0.324902071714869,0.168768745639317
"115",0.148120752105986,0.167039919592183,0.248301291168782,0.058584726342601,0.256797499879389,0.121155810911058
"116",0.244489572567076,0.163830373116212,0.118381994632049,0.156151311931388,0.118295242552059,0.198851505201216
"117",0.324837043058952,0.139711120454997,0.164568178355943,0,0.185360038433211,0.185523619696898
"118",0.231355537276742,0.157028836283556,0.0711869660955627,0.146966329025539,0.0802641480176799,0.313198183300921
"119",0.280774571051355,0.177833259921882,0.100558343063027,0.163693453432743,0.108463095751627,0.168677276779367
"120",0.346946874943321,0.137769812787542,0.0769766291655149,0.210165725865376,0.228140957238246,0
"121",0.241816879229364,0.168998150091207,0.204030363042688,0.217470703997474,0.130396161825342,0.0372877418139248
"122",0.179484911541693,0.184054803211112,0.162026314647062,0.183966405625844,0.0922044159086423,0.198263149065647
"123",0.223900157362493,0.139601652820518,0.0948759824014659,0,0.241992285361684,0.299629922053839
"124",0.230152815021766,0.179465125620248,0.105044010664335,0.109304392747115,0.00854024104376445,0.367493414902772
"125",0.229719526138813,0.19045075578962,0.00240084192037783,0.251954944915088,0.152451774371361,0.17302215686474
"126",0.207232032074812,0.15050435765391,0.214383483853524,0.0158493302391198,0.0913662734442743,0.320664522734361
"127",0.121930146118835,0.1688469527819,0.247205363721787,0.136247455910246,0.265367357688065,0.0604027237791671
"128",0.142056495675773,0.168890642992081,0.126934783191593,0.198889063466922,0.0808060015921511,0.28242301308148
"129",0.235461293116167,0.179605147439021,0.00798188517133819,0.0556342098391193,0.219379422417098,0.301938042017256
"130",0.255305834233401,0.174838652067231,0.111483997309557,0.110078752224221,0.156018926940655,0.192273837224936
"131",0.217484079398085,0.209995419151005,0.0889421509648471,0.136986007633566,0.0864613676937582,0.26013097515874
"132",0.218383400931912,0.199260019141388,0.0828605494753339,0.141571510229703,0.127498466691382,0.23042605353028
"133",0.263758904631029,0.123156359455105,0.22818540356716,0.111286796644078,0.215683169549834,0.0579293661527945
"134",0.259563004479292,0.199291397390958,0.0418695147446003,0.167132561123629,0.173960665549749,0.158182856711772
"135",0.177709356643116,0.189346679239337,0.101544600054114,0.165491244321598,0.112895811498563,0.253012308243273
"136",0.179980364856033,0.168530601099398,0.117424822426938,0.0893442582950999,0.265022788345858,0.179697164976673
"137",0.246924125370647,0.132326389748293,0.178173708812165,0.118483328792188,0.12646591136089,0.197626535915817
"138",0.408769548318489,0.18591824308232,0.105382102605338,0.0139802508821398,0.250626778231044,0.0353230768806691
"139",0.365532550489123,0.14420830498531,0.0994976446085785,0.114002036792243,0.042661618246444,0.234097844878302
"140",0.234520534202518,0.249935910431107,0.165906480294841,0.0804197386699024,0.197894813237562,0.0713225231640691
"141",0.110394265111272,0.231954515147867,0.237814484377218,0.0714677304406336,0.28120154266249,0.06716746226052
"142",0.410874988643339,0.172719700868028,0,0.081286733771461,0.309164718679948,0.0259538580372235
"143",0.130967690673627,0.218497331553514,0.144772151945478,0.0812322544735837,0.180394641987901,0.244135929365896
"144",0.342432378174281,0.125256501079499,0.269391307829422,0,0.0772348119973084,0.18568500091949
"145",0.230529573933776,0.224879886239867,0.00601851435004231,0.15063480243278,0.0883014447186001,0.299635778324935
"146",0.326275387159565,0.188833127540642,0.0437058475519095,0.034115304425175,0.332936299670502,0.0741340336522061
"147",0.214840571946162,0.253929470369427,0.0617913159040412,0.132574515281214,0.283573229258697,0.053290897240459
"148",0.131245416583509,0.261452826483356,0.168382386820597,0.114247638869647,0.238366719235155,0.0863050120077351
"149",0.182386522450596,0.125708927742943,0.189809108417307,0.155794893064073,0.2713138769217,0.0749866714033803
"150",0.259695136500627,0.181972172071958,0.0930063875980933,0.242833067036392,0.189081143758549,0.0334120930343811
"151",0.140933228612845,0.16990570049448,0.0529362360388506,0.307141390745799,0.308377353156543,0.0207060909514815
"152",0.268927624877398,0.146456544956205,0.194229894657508,0.154201502838647,0.132000526435946,0.104183906234295
"153",0.136468132946948,0.170401344379901,0.0846172962482963,0.288535846340303,0.244989216098213,0.0749881639863377
"154",0.155381249668642,0.177893124949458,0.189708516498295,0.153147136647267,0.222621965581281,0.101248006655057
"155",0.335984208611016,0.144252416657721,0.211306652065077,0.0584592849787154,0.176118575617076,0.0738788620703943
"156",0.312034620056659,0.12373468117308,0.202450771753515,0.131439098658612,0.122599917096654,0.107740911261479
"157",0.213106970913196,0.169551574584414,0.238928139112655,0.118414123592958,0.22307781884009,0.0369213729566863
"158",0.160832235392436,0.191618865381567,0.287454301123962,0.0157838564682371,0.166262040846984,0.178048700786814
"159",0.149967446614266,0.168514491191311,0.137255494199642,0.140624910860976,0.162858472731416,0.240779184402389
"160",0.296267379202438,0.137420172753041,0.0926621832671535,0.0779812250689373,0.187527228210645,0.208141811497785
"161",0.311854558501718,0.224622147827374,0.128269660715112,0.0814185349281612,0.205811435903118,0.0480236621245158
"162",0.328172059576436,0.151983444355675,0.112533509818699,0.0741443171994672,0.26745291326727,0.0657137557824523
"163",0.233585491701272,0.162375866128196,0.296435815763604,0.105812757998545,0.0688470087531827,0.132943059655202
"164",0.376648945779173,0.118272623157427,0.0213930492304691,0.0779380835341912,0.239823948379443,0.165923349919297
"165",0.119611242042943,0.21439111886222,0.045837668360163,0.228771598775621,0.258930082664377,0.132458289294676
"166",0.238220630925986,0.219016046906875,0.120354216272639,0.184283262998605,0.0651419192439265,0.172983923651968
"167",0.280428408125254,0.167257158632598,0.251720482724311,0.132262436582274,0.15847947737058,0.00985203656498232
"168",0.291628472604185,0.180888361512233,0.168499676091711,0.114826507249393,0.129915105556128,0.11424187698635
"169",0.203370623628899,0.264763044303795,0.0753691590870331,0.223094028894726,0.0242578370499928,0.209145307035553
"170",0.240773583374054,0.19199094149246,0.127243887613966,0.0613752265438739,0.162424826947239,0.216191534028408
"171",0.343123163763499,0.170009012624831,0,0.131017382005004,0.0852669714086857,0.27058347019798
"172",0.34562131971285,0.240524113983121,0.0241861663553522,0.109843365790908,0.150299056827958,0.129525977329811
"173",0.169576581468717,0.219540666384927,0.0336047625387836,0.166619438336784,0.139367965782204,0.271290585488585
"174",0.181267548086277,0.206369099322931,0.202842970801914,0,0.22532326227874,0.184197119510139
"175",0.127428937021638,0.155187088875422,0.162873873953972,0.169616493442792,0.174315210721425,0.210578395984752
"176",0.16186740008948,0.159220933885215,0.17231046925265,0.200600775963695,0.0700174935434453,0.235982927265514
"177",0.261622986194369,0.235773740624655,0.00118622621738823,0.114244449552639,0.229203417621844,0.157969179789106
"178",0.312558542676738,0.144791253991733,0.180192272933624,0.0514831530013289,0.111022079985321,0.199952697411255
"179",0.350786542104026,0.160554738208551,0,0.180935693818681,0.213489041137197,0.0942339847315449
"180",0.209398181882328,0.148144011062392,0.185455940321412,0.163484222448568,0.0428295825099046,0.250688061775395
"181",0.197256165217175,0.214624208846231,0.0298497819098776,0.333709081741557,0.122175789618522,0.102384972666638
"182",0.166555030721405,0.19854314205884,0.160818030935989,0.130342657112483,0.163040782793201,0.180700356378081
"183",0.246787003268135,0.221150160360734,0.163973068573589,0.137658817832144,0.148164556573804,0.0822663933915943
"184",0.262663521664256,0.151245209228899,0.188546963717791,0.069273414900901,0.0977859497656759,0.230484940722477
"185",0.153578605382196,0.200760590819542,0.00687141815935799,0.224069314348595,0.287144990742343,0.127575080547966
"186",0.13238026572599,0.204772067386848,0.229111303904464,0,0.109831933956889,0.323904429025809
"187",0.309475715996628,0.110536795646122,0.0818069184329651,0.146745221506346,0.0843299121213581,0.267105436296581
"188",0.168684041891452,0.201547606202401,0.11118617306288,0.184128573847004,0.198557483984382,0.135896121011881
"189",0.351380380310239,0.213228993467576,0,0.109248709565689,0.0805205918029416,0.245621324853554
"190",0.233904124211317,0.21603918674269,0.141716050780907,0.273178354299606,0.0222749423800866,0.112887341585394
"191",0.238398404564879,0.206466944180147,0.15207060062296,0.152073012857115,0.124275320038082,0.126715717736816
"192",0.163364556598573,0.14514509201608,0.158463555556272,0.174861598317172,0.261268502461987,0.0968966950499168
"193",0.22577948759768,0.218758654934008,0.231879999419591,0.113737493041182,0.0477510198176151,0.162093345189924
"194",0.211001430043434,0.147831222866468,0.170897414226008,0.000176707344226999,0.206195744596844,0.26389748092302
"195",0.32744466114395,0.147705605253254,0.145465891073743,0,0.126313403283574,0.25307043924548
"196",0.164567396698174,0.215324868698288,0.0208652941042492,0.0462860525617134,0.229091696241757,0.323864691695818
"197",0.279685084149729,0.120971579139597,0.204243601008474,0.118268548699389,0.27683118700281,0
"198",0.270060124924821,0.202335197476079,0.202453770871487,0.100123869074832,0.140486425707068,0.0845406119457132
"199",0.294924607804515,0.129181947641548,0.41736706887215,0,0.0134833718350048,0.145043003846782
"200",0.281595483376651,0.125491564678683,0.071147964229523,0.201888209987389,0.279551550440978,0.0403252272867768
"201",0.282547924935764,0.164982077135664,0.130434258628691,0.164352083744328,0.195375591357288,0.0623080641982668
"202",0.386074059374084,0.127305086824436,0.14136564810057,0.157144019299616,0.0784434736611123,0.109667712740182
"203",0.323475516146145,0.138000793345565,0.132600770953512,0.13551793097967,0.142211367308365,0.128193621266743
"204",0.172555790319702,0.226508597935299,0.072970729331612,0.208160163325288,0.229511006063001,0.0902937130250983
"205",0.171489407030265,0.219557595846531,0.0513786454448364,0.285484941705597,0.19350784978935,0.0785815601834194
"206",0.145729689251668,0.251480818703704,0.192067738034854,0.262244565408664,0.060747936190145,0.0877292524109651
"207",0.281077451302543,0.164619974408892,0.0421254461388,0.178963666554321,0.124194603957946,0.209018857637498
"208",0.156279525151349,0.195254148436877,0.0745765412229721,0.141081302002361,0.213932779951885,0.218875703234556
"209",0.284870390750502,0.204752954374115,0.0401505232479337,0.209401340123255,0.138356053771428,0.122468737732768
"210",0.160567926594674,0.189215414299778,0.317721650253564,0.0985716679006519,0.00522491535764316,0.228698425593689
"211",0.187447897499803,0.190870975074629,0.0027582880215014,0.254895460252219,0.227568350602714,0.136459028549133
"212",0.242781869898624,0.192637377068368,0.160815439663222,0.0445119580822246,0.247290054435492,0.111963300852069
"213",0.285442766462172,0.168938481455287,0.248765872405825,0.0585423800112986,0.129895484547024,0.108415015118393
"214",0.177662482139713,0.220891978252455,0.1659861119776,0.235021058653483,0.0583713252706179,0.142067043706131
"215",0.211888831634282,0.19315754806073,0.0393264245008839,0.119714374022468,0.266343361559779,0.169569460221857
"216",0.3164727699919,0.113238417551068,0.124590930087753,0.139497783563185,0.228121077125112,0.0780790216809822
"217",0.310118774401304,0.170008194434891,0.18002975465159,0.126058625984813,0.0401725175782821,0.173612132949121
"218",0.209830770681263,0.177217904597548,0.227155894724672,0.117483942199008,0.120032825113038,0.148278662684471
"219",0.249734558901252,0.205148418351836,0.213384755527113,0.152258355492046,0.0336633439435839,0.145810567784169
"220",0.233215403806189,0.217087460299734,0.05631248523801,0.143741790073278,0.30598098591798,0.0436618746648089
"221",0.349746734651267,0.129416156820075,0.116188912736404,0.0636306683301495,0.0534597732285108,0.287557754233593
"222",0.244456795287485,0.176407308647783,0.0389740916272147,0.242627419161751,0.0924517864617921,0.205082598813975
"223",0.20853887122845,0.141991735216199,0.024456324681057,0.0646819656024645,0.0497979558982744,0.510533147373555
"224",0.269625782743429,0.221469885314065,0.0967038576189295,0.236271556515601,0.148057767411462,0.0278711503965135
"225",0.357684605389045,0.14221357102861,0.0794384181170451,0.0638754587992608,0.247924611175744,0.108863335490295
"226",0.304227010666474,0.180631000118163,0.193213693331603,0.166098559031802,0.0128888595874513,0.142940877264507
"227",0.160970984668335,0.197216531047758,0.0929436382179519,0.13957096179871,0.257464962690622,0.151832921576623
"228",0.296491519744026,0.142175294322121,0.0570028595050494,0,0.206984451727463,0.297345874701339
"229",0.161388797435582,0.193091847160504,0.233322574405743,0.0464296783824736,0.15028209654437,0.215485006071328
"230",0.263319956093014,0.188764088667526,0.247126097923933,0.0521049637968416,0.15097211004977,0.0977127834689152
"231",0.240613595995518,0.208620648473806,0.0688059322806687,0.183045830449276,0.214204267134018,0.0847097256667129
"232",0.338845709588815,0.147289494940573,0.0970343278002537,0.103691941243316,0.0542499267172394,0.258888599709802
"233",0.266667136354587,0.193151002570425,0.25003343555215,0.030397225993039,0.122281364896439,0.13746983463336
"234",0.271481121182832,0.213993141990822,0.0795013171310128,0.0487270263885313,0.155097280370092,0.23120011293671
"235",0.287765449064833,0.170063427943385,0.142991802041923,0.11738079487024,0.0977424272685554,0.184056098811064
"236",0.161484620530253,0.182360671718566,0.278370005226186,0.0635997352621658,0.206440697512574,0.107744269750255
"237",0.136347837244081,0.227486114104185,0.193549981086051,0.213282352194507,0.0945400193030619,0.134793696068114
"238",0.332745973975546,0.140810437992079,0.220183301046861,0,0.185040158864923,0.12122012812059
"239",0.240682841430454,0.191902034935434,0.0694622009033121,0.295121475450035,0.0913140546966138,0.111517392584151
"240",0.142384152472854,0.273854432926783,0.010231140503823,0.172913844703665,0.288085383396915,0.11253104599596
"241",0.258597147192671,0.181595244350124,0.0507038440097475,0.284410633610685,0.102498463456883,0.122194667379889
"242",0.356959821900503,0.136690765071573,0.0971352791284493,0.110028374782045,0.143839606812062,0.155346152305367
"243",0.195109982031649,0.142418010029573,0.155512988197028,0.166741585248477,0.257131380851953,0.0830860536413195
"244",0.204470033370718,0.198242538655524,0.197035266154773,0.0871884475494456,0.146089070344637,0.166974643924902
"245",0.304567854312787,0.152317581605247,0.176671124778034,0.206047415193286,0.122600511342964,0.0377955127676814
"246",0.114588791611724,0.231477904318827,0.0416726092331228,0.195129782040068,0.0954617009534731,0.321669211842785
"247",0.327599050394001,0.172238245064927,0.094104977828557,0.0226105317844074,0.226110603335454,0.157336591592654
"248",0.287113089410369,0.235899049321575,0.200640498227555,0.109195497085536,0.0330263128141797,0.134125553140784
"249",0.330090471609161,0.201218809719564,0.055428052862144,0.147486076035044,0.111707363364413,0.154069226409674
"250",0.173555459342628,0.195530499402713,0.124588316209932,0.0673635310840212,0.236103906613596,0.202858287347108
"251",0.247249545474506,0.194582917532423,0.10966664628884,0,0.210142411533204,0.238358479171027
"252",0.369372435444172,0.149617389098291,0.163415522169846,0.0437129900599201,0.0856976459479308,0.188184017279839
"253",0.303388899593129,0.14747572875069,0.182759031926336,0,0.166683340352679,0.199692999377167
"254",0.308670479066916,0.175784249980697,0.144551703926161,0.0164178664985472,0.136664719730424,0.217910980797255
"255",0.173669952513462,0.185820295775685,0.113980859970832,0.00749117362383148,0.218593838394875,0.300443879721315
"256",0.179214085461759,0.260886818441926,0.00849813120767973,0.360608454463433,0.111763479028853,0.0790290313963496
"257",0.384305750950555,0.122176348038375,0.00166854774703018,0.102391401254937,0.308873794430121,0.0805841575789826
"258",0.268534792599037,0.137360011038253,0.0992629081429753,0.266579277631545,0.0551599591567883,0.173103051431401
"259",0.217782560344324,0.137265660318324,0.169514870205541,0.0928709385679306,0.174951876709932,0.207614093853949
"260",0.14214765235344,0.126625462622924,0.0774265963023273,0.057256136896406,0.248172878267627,0.348371273557276
"261",0.284538811583494,0.125555189742757,0.0987857154523,0.237372197769122,0.112155070656973,0.141593014795355
"262",0.276028103035876,0.199774055985844,0.182905543780797,0.158265561765103,0.14393405512217,0.0390926803102111
"263",0.136334891726994,0.216964812637179,0.152942326701975,0.122114754192526,0.235193555765405,0.136449658975921
"264",0.249297471777303,0.174966728504966,0.134837702693876,0.11720677840523,0.157201971230728,0.166489347387898
"265",0.174594849643958,0.183735760373653,0.3140273942414,0.00468270014553989,0.112148900362632,0.210810395232816
"266",0.405558258906514,0.117632704565495,0.118505228851903,0.0483795338920918,0.150429920272889,0.159494353511107
"267",0.224442525199296,0.151056520228308,0.319155891039482,0.113324745872921,0.17414478805979,0.0178755296002035
"268",0.149217718038732,0.186165769794359,0.133959243909799,0.192399149662783,0.239805072585185,0.0984530460091421
"269",0.360022267430475,0.145166557588885,0.0149030782203201,0.085370242063456,0.205120533186547,0.189417321510316
"270",0.404241277939703,0.107661175718496,0.157834158425024,0,0.171000711514492,0.159262676402284
"271",0.281733969449029,0.190908388190782,0.0278133170901797,0,0.232818092360601,0.266726232909408
"272",0.159256061835335,0.223823155437705,0.092142034008204,0.157171236858384,0.211081791725081,0.156525720135291
"273",0.142517570638731,0.221321361434234,0.193315337012371,0.118573654003802,0.284967517650737,0.039304559260125
"274",0.269929971106783,0.235294103854549,0.0272848216731047,0.311622157043474,0.071061854390026,0.0848070919320629
"275",0.34385923610971,0.136954626966807,0.249595356517487,0.0689047172346589,0.00825883570037391,0.192427227470963
"276",0.294468325592645,0.150410718334912,0.180754339608984,0.0688777577309317,0.159244057879379,0.146244800853148
"277",0.27147355976668,0.137779333779097,0.0498933932439066,0.149533074124575,0.306782951424173,0.0845376876615688
"278",0.375577107479629,0.132040125818321,0.103506676095823,0.0299253651462043,0.0567346165607122,0.30221610889931
"279",0.244557442926296,0.207577953551119,0.154155719450946,0.0773423635991528,0.119821379874035,0.196545140598452
"280",0.210914171233961,0.229762707192499,0.119967174210783,0.344677567927207,0.0456643932172883,0.0490139862182621
"281",0.186347331975389,0.210812389636684,0.00671783550587056,0.255295018079013,0.178899416548543,0.1619280082545
"282",0.1112461344518,0.237619821157971,0.195039203485223,0.216658766314779,0.00758743693327457,0.231848637656952
"283",0.39326639058404,0.100475403720936,0.0215833196686533,0.149287029776975,0.287589515887878,0.0477983403615175
"284",0.342052321966134,0.10484635349456,0.00619569439230382,0.146986958952486,0.277597150265167,0.122321520929349
"285",0.336812764309606,0.151385172307297,0,0.102841093977604,0.278607942018981,0.130353027386512
"286",0.272194518576787,0.155600823754847,0.111754500630937,0.102581730358135,0.252905886406401,0.104962540272894
"287",0.299375199714075,0.166072458952026,0.152420958189589,0.211024615344804,0.151085825991407,0.0200209418080985
"288",0.32108313596523,0.131310723689032,0.185791957913735,0.123994061164726,0.181280307386522,0.0565398138807553
"289",0.34064888772584,0.147638222973877,0.0511263276756595,0.0500877995868278,0.0262448787975776,0.384253883240219
"290",0.313929801865848,0.179720066762275,0.147562488972657,0.1304274043167,0.00838808036507296,0.219972157717447
"291",0.147044279894116,0.208520811048983,0.0402848909220605,0.10921993135607,0.243047127938096,0.251882958840673
"292",0.17537749437471,0.225528502244715,0.0639189934282026,0.150981525351202,0.210167054534894,0.174026430066277
"293",0.336073583989822,0.192780746336733,0.128853669510748,0.0314851508109514,0.165644505729869,0.145162343621876
"294",0.174448620389742,0.226887558833969,0.18194829749417,0.080724827885739,0.101046367365338,0.234944328031042
"295",0.27476995349484,0.147738736177737,0.0558577021822805,0.146083321049419,0.204509112527952,0.171041174567771
"296",0.335046662542466,0.130123820026865,0.0979930208638401,0.0316786143070047,0.224763976772645,0.18039390548718
"297",0.357887993986989,0.136367191445197,0.198119944711222,0.133883952847464,0.0984677659980853,0.0752731510110434
"298",0.248772148878602,0.114616469111447,0.158913412717277,0.269893881603542,0.01502091054618,0.192783177142952
"299",0.408603900923976,0.100820403073517,0.292630188650924,0.0118341933079924,0.0697437948907401,0.11636751915285
"300",0.442266085689954,0.169610275679427,0.0141628126009461,0.193689107112639,0.0332446907017964,0.147027028215237
"301",0.224457654787972,0.163754393820666,0.15697260561615,0.167207541388979,0.228778501979873,0.0588293024063604
"302",0.261453742249218,0.136518475330584,0.199037727536663,0.171966154085161,0.0301398979472214,0.200884002851153
"303",0.152629597795675,0.205050361255318,0.19204947997377,0.0964594494164915,0.252397386302829,0.101413725255917
"304",0.170034931883866,0.205404789741018,0.106958525236742,0.215332754197984,0.121233671040515,0.181035327899876
"305",0.122123169131698,0.205574047692548,0.0497441970195073,0.234013454937309,0.100574646815489,0.287970484403448
"306",0.340049832376567,0.19418074423565,0.0258088104011864,0.101603945315878,0.109790021703218,0.228566645967501
"307",0.171716522848403,0.197014753859356,0.206592128349525,0.243438105155903,0.0189835069021764,0.162254982884638
"308",0.256396935125312,0.203967833694089,0.0898507706374541,0.053314628745779,0.0048242725058898,0.391645559291476
"309",0.230980022378099,0.141811841080426,0.0491986551713143,0.0694106449446255,0.159384947255403,0.349213889170132
"310",0.392167939767255,0.124273770206562,0.0993962470800815,0.167134702073875,0.00708746630273217,0.209939874569495
"311",0.164901066929413,0.251198808863069,0.0796131601455503,0.164969538402619,0.259547373252855,0.0797700524064935
"312",0.254575213819893,0.228940792249415,0.141157977726806,0.195530437266644,0.0581039932764509,0.121691585660791
"313",0.228830215514522,0.205967406353375,0.0370196996182402,0.128867851004893,0.144822036037893,0.254492791471077
"314",0.241309963694385,0.172464230766456,0.19368736760202,0,0.153417360850031,0.239121077087108
"315",0.30903974839788,0.183980705967195,0.0628780954575588,0.00566001114945497,0.124324050367029,0.314117388660882
"316",0.358067034665207,0.145557852376221,0.149631976274508,0.142485381731086,0.187015086122102,0.0172426688308767
"317",0.349741071628406,0.174465754238513,0.105456231660754,0.19881106620659,0.16047107031023,0.0110548059555064
"318",0.336081350221276,0.163150287362258,0.0760514758063439,0.08574636401693,0.176729797067418,0.162240725525775
"319",0.315729054830889,0.135668067299106,0.196627393324334,0.100432220724124,0.222739038016241,0.0288042258053065
"320",0.206846631795294,0.185472009751403,0.306118843492111,0.0946972784914597,0.100297533464822,0.106567703004909
"321",0.175861675078351,0.135876037073039,0.00172021225557692,0.340358989933122,0.334270224199192,0.01191286146072
"322",0.184169965194674,0.188096057430597,0.213243691682724,0.139937198091381,0.0647400343278815,0.209813053272742
"323",0.107502525087507,0.221240071092852,0.18350498828425,0.122831783108223,0.196028754760057,0.168891877667111
"324",0.227253491346678,0.153422401420099,0.0475558413073457,0.0752130199100413,0.302991033544614,0.193564212471222
"325",0.180530846375147,0.154662984223164,0.13576763995942,0.178686814720312,0.212804412883395,0.137547301838562
"326",0.196730480952647,0.162806458471608,0.242151135638511,0.0862957853395912,0.0274610600683793,0.284555079529264
"327",0.502261930246225,0.107039157518071,0.0134628698854837,0.0525532530359838,0.295947591621244,0.0287351976929929
"328",0.315655289384729,0.209489293170721,0.152191728889425,0.0238020304535259,0.0265286951689224,0.272332962932677
"329",0.241068259712126,0.212743691950097,0.251381517042016,0.00730088225616796,0.143993037572222,0.143512611467372
"330",0.229089769009173,0.145425917840941,0.205742744872951,0.013005129911296,0.217864002862462,0.188872435503177
"331",0.265602119828546,0.17177325324647,0.10771315123895,0.0488121745887579,0.119562348428739,0.286536952668537
"332",0.272708056743089,0.152357883375404,0.123948027069258,0.110636021130839,0.238848772654211,0.101501239027199
"333",0.145185119802607,0.20907542411217,0.179555120398225,0.208667193508879,0.179190440744007,0.0783267014341123
"334",0.107815316865448,0.292909335744519,0.14615680312294,0.329120515671187,0.0699516672295906,0.0540463613663145
"335",0.162673470809213,0.146598918642974,0.172653312259479,0.170795673137542,0.198216367550836,0.149062257599956
"336",0.221685110396074,0.16589534080875,0.109202591436599,0.224015736613936,0.0920512273058111,0.18714999343883
"337",0.32727906330114,0.190502493167746,0.146574067955095,0.222993189376344,0.0884358340958254,0.0242153521038493
"338",0.245404973225131,0.248883770039787,0.0469633160600786,0.0778345028014132,0.288980281084568,0.091933156789022
"339",0.260374505501782,0.194809330600264,0.142855841706625,0.149702200429407,0.0628222415851125,0.18943588017681
"340",0.318804000124281,0.147304100817203,0.105339209888469,0.101656236845508,0.12754435756523,0.199352094759309
"341",0.217515132583266,0.191618125767725,0.256351541716428,0.162322948644523,0.00199338185844196,0.170198869429616
"342",0.212953854443345,0.154956466527217,0.0634855301311201,0,0.325631196725925,0.242972952172393
"343",0.225258262099848,0.140323508373881,0.140467752032021,0.176189057726825,0.117844897104117,0.199916522663309
"344",0.166606292819352,0.21832485979945,0.0663907761450716,0.318181227284104,0.14695700312613,0.0835398408258924
"345",0.271953918913456,0.186969590687854,0.161726844839158,0.0535903079935737,0.097955309982036,0.227804027583922
"346",0.254962435635912,0.130727257379982,0.0969624713234781,0.137831545631168,0.314024165719487,0.0654921243099729
"347",0.375876931544034,0.126467393072257,0.0492257312787957,0.15100005806157,0.0832983960542031,0.21413148998914
"348",0.194993201428327,0.281059496047975,0.025559994600925,0.101582158985945,0.114130889666865,0.282674259269964
"349",0.344789548900297,0.269595209740952,0.0216606719064406,0.0958186618952041,0.15471829124851,0.113417616308596
"350",0.237281065669461,0.151909739775749,0.0709639576326148,0.0311215959585542,0.381581094576149,0.127142546387473
"351",0.267946427906542,0.176533484233411,0.0297030359434302,0.112804617711396,0.263860140081561,0.14915229412366
"352",0.147231298709955,0.217041498349034,0.181936625153852,0.0485156563447234,0.223594740969384,0.181680180473051
