"","neu","NK","CD4","CD8","B","mono"
"0",0.33416848966898,0.158151175318854,0.160818010759248,0.0781816558930155,0.0543122086465328,0.21436845971337
"1",0.249434412260293,0.20861594310875,0.152671459555313,0.0503308179864565,0.191769416970442,0.147177950118745
"2",0.241520559663453,0.187719758212431,0.0128750193571143,0.224037628286543,0.114383338060584,0.219463696419875
"3",0.251444529330292,0.268708430416374,0.0296738444067068,0.199310255853845,0.220280800198836,0.0305821397939465
"4",0.362020141279851,0.124453388363452,0.210046752628049,0,0.254505315230201,0.0489744024984471
"5",0.362511678807384,0.127314697700964,0.0713665210612722,0.167853658416097,0.198339285370462,0.0726141586438215
"6",0.265379734341673,0.146321079734514,0.202684658473779,0.123816130397987,0.0718902922313876,0.189908104820659
"7",0.444784692253548,0.109071868178798,0.104945248974957,0.0433541964630893,0.211347647281299,0.0864963468483089
"8",0.327446609559646,0.162694201039178,0.0473074688056582,0.219361173468976,0.07947952847204,0.163711018654502
"9",0.146298153853155,0.119501626308792,0.0576399403059433,0.212140176714706,0.161107821580318,0.303312281237085
"10",0.217348490477155,0.267514790356384,0.202422242553522,0.13011709648376,0.0546937885300696,0.127903591599109
"11",0.372291626689772,0.122704827524768,0.22466946365645,0.166654894705714,0.0743595403264656,0.0393196470968309
"12",0.255035265203735,0.19758586211861,0.0916265636214255,0.134804000027221,0.241220628175672,0.0797276808533365
"13",0.199616082774898,0.246376257044175,0.0390733727534103,0.130944654317032,0.0183818161653607,0.365607816945124
"14",0.253699126386568,0.166571615654545,0.168237147045397,0.132705333408935,0.0765986586380465,0.202188118866508
"15",0.252281213072357,0.129796994442778,0,0.129469048586722,0.313783912651628,0.174668831246516
"16",0.139136309430385,0.208126612601067,0.187647335130623,0.215820369533191,0.0884426099928252,0.160826763311908
"17",0.182606973481875,0.251288472798898,0.0134592044130583,0.314701403289446,0.104203179962737,0.133740766053985
"18",0.29564456216464,0.161596108963044,0.0568558450035083,0.229108087540398,0.152700670468811,0.104094725859598
"19",0.24405206829485,0.205812763032463,0.198205486382877,0.066202322166896,0.035172086923911,0.250555273199003
"20",0.310748457225083,0.140115410087235,0.0976293084452387,0.128224527917939,0.131899386892063,0.191382909432441
"21",0.400989324877161,0.123886590346905,0.0733869423003563,0.23772879144002,0.0726196090089097,0.0913887420266482
"22",0.147835795902859,0.225125727885172,0.221992092421029,0.175565209614311,0.103176071795239,0.126305102381389
"23",0.131332429826993,0.152443766427494,0.157337555742494,0.17630212482517,0.226416913176768,0.156167210001082
"24",0.259926341082657,0.165239504271632,0.148103544311048,0.180185903548237,0.157380887961543,0.0891638188248826
"25",0.110865379141759,0.247051627301022,0.0153938483517061,0.155785698387947,0.21558131493869,0.255322131878875
"26",0.185813726917825,0.226942203471405,0.171630164773697,0.129418281948268,0.00956372977645257,0.276631893112352
"27",0.275469694775389,0.254747166844875,0.0601025419397057,0.0710180984985317,0.0363986457790179,0.30226385216248
"28",0.187639025079557,0.259915614424863,0.182362665063681,0.0686138985341242,0.181005118818962,0.120463678078814
"29",0.396436330206668,0.101943666984512,0.0867921169148324,0.0428312799636424,0.0326687560107058,0.33932784991964
"30",0.139214463598627,0.163407497217358,0.228237855257866,0.137481367304756,0.29113540256387,0.0405234140575224
"31",0.163815304579204,0.22516831526155,0.374177723432599,0.0281560948586907,0.0571894778076562,0.151493084060301
"32",0.163708945818627,0.205839319134445,0.17349254525264,0.173427958805679,0.183818918024594,0.0997123129640149
"33",0.229430465724684,0.168653692529628,0.227882520588824,0.0630057728030885,0.100862490040475,0.210165058313301
"34",0.21791675777313,0.160729842279512,0.146875633463731,0.185097189350829,0.093112713705543,0.196267863427255
"35",0.390323053601491,0.194518390159337,0.00951787282628975,0.187039569837037,0.144147863233429,0.0744532503424165
"36",0.247934181617544,0.19517974806495,0.175406576127151,0.064341726409237,0.20954234185437,0.107595425926749
"37",0.118598970132978,0.230598527859794,0.124363711690793,0.212158649341108,0.0615716665502319,0.252708474425096
"38",0.331357595032114,0.203773969007703,0.0479425691874158,0.162346486927446,0.246023414608206,0.00855596523711451
"39",0.22691340124271,0.179886024909075,0.220148870909138,0.183106913771691,0.176881685229933,0.0130631039374526
"40",0.149094714986141,0.220311724088756,0.14847691566405,0.0215988659701125,0.215228790125411,0.245288989165529
"41",0.137090531003445,0.28888459103787,0.201046963898705,0.172536372399118,0.172590856251196,0.0278506854096664
"42",0.26711208332252,0.156129547744257,0.201022188756451,0.122346449564773,0.0675767782289309,0.185812952383069
"43",0.230308673515117,0.195590731821312,0.129721140996933,0.149211721938608,0.0619247536596496,0.23324297806838
"44",0.469450437822372,0.200622424187165,0.0320241388750123,0.078432631097141,0.129148465838424,0.0903219021798856
"45",0.202466162279211,0.179268884027765,0.0892064076100364,0.16756631270123,0.1686458795311,0.192846353850658
"46",0.362463115162021,0.15811079316446,0.254990076092311,0.163906416323922,0.00736473560103114,0.0531648636562541
"47",0.32079865657036,0.142211285502989,0.022456673604208,0.19641413544847,0.0998762102570693,0.218243038616904
"48",0.285725666444494,0.169452284608635,0.209107555591707,0.0618485752357328,0.035503866674573,0.238362051444859
"49",0.215936556072656,0.162095621901068,0.259946654324743,0.156667313449726,0.152848875407771,0.0525049788440361
"50",0.136591474839353,0.216454576091611,0.0420254728065954,0.217665904863794,0.194698202427817,0.19256436897083
"51",0.260280616563032,0.185800953721636,0.135187500884337,0.0118600214379755,0.216824989626927,0.190045917766093
"52",0.249599918085416,0.180578518150972,0.267329044696043,0.120399994794877,0.0172153046219477,0.164877219650743
"53",0.274978930287647,0.184845336287033,0.155855314772388,0.0238534387956878,0.144152272107881,0.216314707749363
"54",0.173255368307757,0.225692363529723,0.164311099949932,0.0739084572665087,0.125390243134558,0.237442467811521
"55",0.26705930502954,0.1786681070565,0.183483714304014,0.161912380610214,0.028343955036936,0.180532537962797
"56",0.136350294457484,0.250000419572549,0.273081358221098,0.0612854713488877,0.0291275618895622,0.250154894510419
"57",0.15994306423089,0.159551700198881,0.189584787950694,0.170818240269995,0.291546303091743,0.0285559042577976
"58",0.119112646377782,0.214523083781457,0.0710594489973922,0.381009877038019,0.172999764194833,0.0412951796105171
"59",0.328149430171766,0.148119835343126,0.0746521674892958,0.0541219840762499,0.178907375671558,0.216049207248004
"60",0.205153416080212,0.214843371967767,0.178650521440134,0.0526722911294283,0.190566639768074,0.158113759614384
"61",0.180196808194565,0.190316694980401,0.198560886745269,0.0130629295679265,0.146404383110971,0.271458297400867
"62",0.306064910789455,0.111790729316506,0.19977367043613,0.151812885665673,0,0.230557803792235
"63",0.166970680703478,0.220190198383627,0.256002405388057,0.0799244975320509,0.082750248855904,0.194161969136883
"64",0.227538873002878,0.157190750402946,0.0946258464851237,0.196022819180246,0.307745870952618,0.0168758399761886
"65",0.143671766126319,0.135589755793359,0.0728917575875258,0.0610776694736862,0.315342913929489,0.271426137089621
"66",0.225687917185566,0.146601547731345,0.229484820786171,0,0.156114227851832,0.242111486445087
"67",0.341013021644919,0.144585386563638,0.259311930907359,0.135276491813151,0.0396014281047639,0.0802117409661696
"68",0.39475653719799,0.166839690997842,0.138714148475049,0,0.0930170502569487,0.206672573072171
"69",0.137449186159032,0.247192205597005,0.252556033078907,0.213349141453931,0.0587247890686159,0.0907286446425087
"70",0.377509357247888,0.150928185792653,0.104208652288529,0.151680797392969,0.0103389496210384,0.205334057656923
"71",0.256094690570689,0.201130246326843,0.170204161472212,0.0639994346563952,0.119062861295063,0.189508605678798
"72",0.39521883767505,0.109909232885165,0.341430389647034,0.0434196995983595,0.067302432780156,0.0427194074142348
"73",0.244489823778751,0.205914267639784,0.247766319845468,0.136062906897765,0.0495674654207038,0.116199216417529
"74",0.303631754721184,0.157229382873425,0.156409530553882,0.156524212286346,0.115714918886798,0.110490200678366
"75",0.299529420858871,0.18806071058981,0.17754452939738,0.112241098845206,0.112269906681412,0.110354333627322
"76",0.342854308742467,0.173253707703248,0.147501767371238,0.0880270846338538,0.0680986741842626,0.18026445736493
"77",0.287771182740763,0.208208115600588,0.104058096169756,0.0484381878665422,0.23316495094731,0.118359466675041
"78",0.28061508248226,0.171524107457471,0.191809732667319,0.131842676312715,0.12880410186248,0.0954042992177559
"79",0.253855302217925,0.160727756089572,0.0886780792286722,0.172388037374534,0.196400129251607,0.127950695837691
"80",0.33403816920106,0.177586718240535,0.245780699754072,0.0364189626155822,0.140342035459072,0.0658334147296796
"81",0.360245257872179,0.248806377935535,0.0359637832201234,0.0813355247289549,0.237416692744191,0.0362323634990166
"82",0.296901536150533,0.164197201997755,0.0563146690145641,0.146367168142733,0.157162188970706,0.179057235723709
"83",0.254261207484891,0.19514071396673,0.186987834228168,0.0106540857241636,0.269439087450723,0.083517071145325
"84",0.217660045665358,0.199605860153264,0.0601305296132645,0.107482987426306,0.0802536827842971,0.33486689435751
"85",0.300101774212433,0.134434761643599,0.0735807883991609,0.156575057351118,0.196508191461264,0.138799426932425
"86",0.35144349502908,0.198928380882207,0.0711179321115259,0.00875498726286879,0.236569208983257,0.133185995731061
"87",0.123193085762562,0.20720928386371,0.140491554531238,0.0148808417368676,0.15434705241539,0.359878181690232
"88",0.370651984810281,0.19419299005562,0.00705867937328173,0.121605998021455,0.0484468430173051,0.258043504722056
"89",0.172305149355796,0.247884160743005,0.256005692846771,0.147998481111967,0.0567956953615132,0.119010820580949
"90",0.213113157252274,0.196214839401119,0.152203344627264,0.169206915623504,0.201579785686359,0.0676819574094799
"91",0.208168809039942,0.198859783285057,0.212542576169562,0.00427676657279534,0.221762531373305,0.154389533559338
"92",0.313527376131667,0.1916043733539,0.12106595543217,0.116122593964912,0.157743148864018,0.0999365522533328
"93",0.231365597204116,0.144008987998134,0.251833679116024,0.249226432193981,0.0539787313725126,0.0695865721152321
"94",0.210098648975167,0.141473140127881,0.211592507411671,0.00669316343318955,0.355367145446348,0.0747753946057434
"95",0.119604525568376,0.150224222185942,0.226110122064575,0.143718131601317,0.30228371079326,0.0580592877865313
"96",0.337281693272887,0.144320685128887,0.0168842156748618,0.0797685580242621,0.234386290982144,0.187358556916958
"97",0.238965159599474,0.181383383057668,0.249137929975295,0.0550114985261413,0.136148586146277,0.139353442695146
"98",0.318939098917244,0.202663346680971,0.22367322119742,0.0598928476917928,0.0923622973576772,0.102469188154896
"99",0.237460390240172,0.218660590663949,0.0626736500649358,0.0951530123269038,0.185038407605631,0.201013949098409
"100",0.344744916947814,0.157943237157768,0.00975380306828303,0.313338687230811,0.00225899148185131,0.171960364113472
"101",0.352537234565319,0.14558865395596,0.339153160181025,0.0224687595736833,0.0812254159869282,0.0590267757370849
"102",0.291021067338603,0.188256405488723,0.19696490846758,0.0932306995012389,0.0375744898618158,0.19295242934204
"103",0.379049129855631,0.141078360610671,0.236323294774085,0.0632644609515409,0.0774264907429116,0.102858263065161
"104",0.284208937388545,0.153206600241578,0.145157653266964,0.110218549571362,0.181981981660209,0.125226277871342
"105",0.118251471155748,0.278831843047481,0.13474742231778,0.124349339422964,0.0195385930183017,0.324281331037726
"106",0.323462111221519,0.209343042387276,0.0799312334405638,0.137172977785724,0.181377441716173,0.0687131934487455
"107",0.287195574627138,0.207237148362342,0.147410027634579,0.0841463706113002,0.0249272011749681,0.249083677589672
"108",0.254469510797273,0.210335670151663,0.122917395554892,0.206595034014088,0.0581467113682792,0.147535678113804
"109",0.241740841387572,0.207421607566538,0.156958192835896,0.0664816320304097,0.244353925134173,0.0830438010454123
"110",0.194873762502696,0.168359587341345,0.131541432448292,0.133392505889552,0.363183705899613,0.00864900591850274
"111",0.208501809277375,0.135692120652715,0.180607329503228,0,0.298332516446119,0.176866224120562
"112",0.273191804097883,0.155351521250344,0.173408440145941,0.0657860408972384,0.163530066830164,0.16873212677843
"113",0.283822227416018,0.169291034495384,0.0281636225254149,0.131220883173201,0.195240284562986,0.192261947826995
"114",0.166391707466471,0.141669029717678,0.250886050724305,0.0799195128320955,0.0921441414607402,0.26898955779871
"115",0.2047805021376,0.202386581991624,0.137676053316767,0.0818162810154481,0.179494547547906,0.193846033990655
"116",0.292673828683005,0.135447389896415,0.0664529552221395,0.144496948972134,0.179898442640673,0.181030434585634
"117",0.343722961167555,0.182729314181936,0.224786521023295,0.0163345794474228,0.0964581363433741,0.135968487836417
"118",0.20778749306111,0.155884869218049,0.0586351424310252,0.20450564548645,0.222310849148716,0.15087600065465
"119",0.285098708706881,0.17484839844708,0.118164011088956,0.123959197389076,0.167310701769179,0.130618982598828
"120",0.121173228730079,0.211226591964109,0.222470667720614,0.140945736911257,0.206892951858352,0.0972908228155887
"121",0.314456237617019,0.211468470468849,0.0273395935888432,0.120547843957197,0.119282687215028,0.206905167153064
"122",0.170664459698141,0.187318874240351,0.237685759911073,0,0.233960969815055,0.17036993633538
"123",0.220545451172731,0.225498418939639,0.0293527167876445,0.216022952658096,0.214232525403364,0.0943479350385255
"124",0.308755868102536,0.206965535392773,0.0980433756082324,0.0508242677352417,0.251239211852299,0.0841717413089179
"125",0.327596989696273,0.163414627595345,0.00288505757410312,0.219569168829019,0.0970153941056672,0.189518762199593
"126",0.166118314693696,0.271588872630533,0.113769601853089,0.164450540824498,0.152015064180745,0.132057605817439
"127",0.118191839201604,0.210770369097004,0.0575548883658511,0.141038734603706,0.290154500946576,0.182289667785259
"128",0.312208444197519,0.140946133895752,0.257956206249219,0.0816724488305449,0.079054736142167,0.128162030684798
"129",0.135837723455386,0.193178785749821,0.154385297850071,0.106534835200239,0.242013548175044,0.168049809569439
"130",0.124574778006179,0.266066309340937,0.114948970668117,0.177278156656652,0.166023570470729,0.151108214857385
"131",0.332314525988583,0.135645138795283,0.135514511896406,0.13521282619041,0.02150122393017,0.239811773199148
"132",0.334275754604198,0.185418294306816,0.0237736442309263,0.21752426578855,0.221863368584644,0.0171446724848666
"133",0.197153529830671,0.187644250253431,0.249147806252743,0.115705689036363,0.0530993974506332,0.197249327176159
"134",0.229271037836918,0.158426093046516,0.0794873558427308,0.0979646086786406,0.191854001219197,0.242996903375998
"135",0.196675980583681,0.217264567564328,0.221487314435087,0.0990653446233639,0.109858731648648,0.155648061144892
"136",0.275303313710048,0.21222609920588,0.280352032954891,0.100873090982768,0.0521591547638031,0.0790863083826095
"137",0.441851467199154,0.120075283852447,0.192469274991673,0,0.012938824542716,0.23266514941401
"138",0.212611119611877,0.184856309446943,0.141374936143907,0.0953329521261906,0.182157743740806,0.183666938930276
"139",0.211770920444475,0.1768429952608,0.152222841623696,0.13018537213158,0.147820965737472,0.181156904801978
"140",0.293606640584631,0.200451375147406,0.153731666189315,0.0407955713718467,0.262656163642825,0.0487585830639765
"141",0.373113031589129,0.155141594905204,0.057181575460903,0,0.202748634914652,0.211815163130112
"142",0.238861207478085,0.150741856853016,0.176850783992627,0.043182777692794,0.266325059610555,0.124038314372924
"143",0.223819290156794,0.217618995595573,0.0574380632141011,0.255293971970447,0.205346919448231,0.0404827596148536
"144",0.219972657999817,0.200554845983796,0.049746811488624,0.1607166841072,0.201395309003995,0.167613691416568
"145",0.223528998733918,0.173420679867888,0.109734597147094,0.223893640818159,0.161357893490149,0.108064189942792
"146",0.368836703583793,0.234944267325005,0.0429416096890654,0.138690933812781,0.0329718262284365,0.181614659360919
"147",0.334522801530865,0.13205657608424,0.189741118454034,0.0496597068723653,0.216461546085,0.0775582509734965
"148",0.287083883375242,0.211958140864036,0.204566992345355,0.040953916063641,0.210739782418084,0.0446972849336414
"149",0.195478233771731,0.213701460424423,0.13497877432368,0.0998991013998644,0.132499284476161,0.223443145604141
"150",0.400914710491304,0.131223416123469,0.158024574942581,0.141496682208944,0.0750108080586686,0.0933298081750338
"151",0.330902532564471,0.132925529802725,0.0327086148635105,0.123935362639095,0.188878516604506,0.190649443525692
"152",0.304831861620664,0.125653345449014,0.173137738364782,0,0.228542509674537,0.167834544891003
"153",0.320458785797082,0.20168678380772,0.0894789827604566,0.17900446467072,0.0478373894507158,0.161533593513306
"154",0.354072955647634,0.142819330750887,0.157131206195392,0.0552488650292575,0.0494343953056286,0.241293247071201
"155",0.272443165612702,0.12920482004039,0.259765174536561,0.142523643971375,0.152554603672928,0.0435085921660448
"156",0.108677031556803,0.218381464728009,0.190461502358876,0.204027846505579,0.0680107333257406,0.210441421524993
"157",0.313107155033128,0.196894378093615,0.235449652767903,0.101583360978524,0.00404631833534004,0.14891913479149
"158",0.356732561403253,0.197477525730157,0.0745169087504228,0.131142066984448,0.058959841919408,0.18117109521231
"159",0.285847286955319,0.139902051391639,0.106043270384512,0.122840990411876,0.163627339368057,0.181739061488596
"160",0.147855649848597,0.198049195756302,0.199649119537,0.0780665961395898,0.135992232755964,0.240387205962547
"161",0.354065397034225,0.123737428892837,0.0338791483220756,0.167486819118924,0.0333032982162786,0.28752790841566
"162",0.118362000230938,0.137379595760613,0.243985971623248,0.139554538605564,0.329263068575032,0.0314548252046041
"163",0.268148527560953,0.181643044706977,0.19676362758033,0.00428779465992048,0.224387293032305,0.124769712459514
"164",0.423719995694857,0.179785899697809,0.221479682971326,0.0664217570212267,0.0266630807281524,0.081929583886629
"165",0.369464471375047,0.139516090910631,0.0730805813948362,0.14090288230464,0.0989191339873365,0.178116840027509
"166",0.30144103343393,0.204135049727396,0.174844282377141,0.173312823971926,0.0586841269883705,0.0875826835012374
"167",0.333610301361255,0.150877109119495,0,0.211177413536564,0.144752006037877,0.159583169944809
"168",0.245811725569273,0.218821886262762,0.0333058057289238,0.232484062430294,0.0748740056786379,0.19470251433011
"169",0.214090155631844,0.194949874812417,0.107272683279951,0.186251573943189,0.173117370365538,0.124318341967061
"170",0.210140627695917,0.140687620433395,0.348178028906624,0.172435207653669,0.00422264681360481,0.12433586849679
"171",0.31206952489815,0.149477434778785,0.111677827681062,0.0174557542747856,0.221553592171457,0.18776586619576
"172",0.306640657154391,0.189087557038269,0.166511272439501,0.0748213339561285,0.132824573697888,0.130114605713823
"173",0.386729469174148,0.130932752964843,0.0281111945992183,0.237356710293394,0.059707414209691,0.157162458758705
"174",0.393730684995029,0.236188107319889,0.164806641237982,0.117249291890019,0.0338405187258776,0.0541847558312037
"175",0.290932633480205,0.130046011711781,0.181315705327162,0.0836332050005846,0.166700796361852,0.147371648118416
"176",0.291896551231702,0.208488082507136,0.0457464692726258,0.292169940425194,0.0250238507835373,0.136675105779805
"177",0.251580592198402,0.20082017890381,0.15128570820911,0.139309214887598,0.228621113085131,0.0283831927159483
"178",0.245274588633396,0.155574813926333,0.0447481117057575,0.113876313727243,0.142028683100135,0.298497488907135
"179",0.292063782817547,0.116161550186438,0.113761149712005,0,0.272166033942107,0.205847483341903
"180",0.208577154942637,0.169526553250221,0.104945606472132,0.116156333142063,0.181473874779572,0.219320477413375
"181",0.185747861921469,0.156120584362267,0.0601910708398435,0.121809663497886,0.239744200221524,0.236386619157011
"182",0.356239177658084,0.187727676557117,0.121192010382062,0.223180908269428,0.0711503135220353,0.0405099136112736
"183",0.18522744836506,0.214995997979338,0.151834230742026,0,0.145385503414596,0.30255681949898
"184",0.235946584941145,0.118302932158945,0.154821312081828,0.159986037963074,0.149158827703383,0.181784305151626
"185",0.189295411244446,0.181325494910851,0.124988464925438,0.295711746053819,0.200820416307623,0.00785846655782269
"186",0.118736460898541,0.234260939153613,0.162027582072071,0.2229748602887,0.0532040433633144,0.208796114223761
"187",0.220436509985352,0.166063480630894,0.248733702001679,0.0766793972461226,0.175994882853929,0.112092027282023
"188",0.199164130805015,0.139166877838123,0.17972921401983,0.171211325935753,0.157059855383852,0.153668596017426
"189",0.33377995329526,0.20316023964887,0.0382452520452408,0.209699361875034,0.0223317663425088,0.192783426793086
"190",0.150696699969914,0.22961459766253,0.201446018207438,0.22532811040315,0.0484699912002686,0.144444582556699
"191",0.162029107542084,0.20799071013365,0.22567757863656,0.111876697154833,0.146464033005461,0.145961873527411
"192",0.292020883667997,0.186468280918613,0.127289237067011,0.0619096704975265,0.211184161368619,0.121127766480234
"193",0.306045114563163,0.191401145087013,0.183842808485417,0.175550765223968,0.0113620383981142,0.131798128242325
"194",0.162381238801802,0.200113160901572,0.137730503829657,0.176242686059723,0.107660866779012,0.215871543628235
"195",0.236394288485568,0.202610460385929,0.119794479731463,0.269031866543168,0.113707427294793,0.0584614775590786
"196",0.243249943079634,0.143400705177069,0.183169709329203,0.213138179493058,0.0594365070206845,0.157604955900352
"197",0.149992092828035,0.225940330056144,0.112227896454654,0.234021594795208,0.126201937161903,0.151616148704055
"198",0.225719005266715,0.205648520951846,0.138289688687833,0.148756306094181,0.00973622870624435,0.27185025029318
"199",0.287932447000511,0.147028468266589,0.199372452528718,0.119351986557346,0.0127518879882455,0.23356275765859
"200",0.134621585939547,0.133581467283744,0.0841922963219079,0.294072183918491,0.35353246653631,0
"201",0.198313909952251,0.210913519581792,0.143969197443883,0.136383859756247,0.237752442020725,0.0726670712451019
"202",0.337302785669451,0.195427640895045,0.00112530857601123,0.243323021512594,0.0361320055506243,0.186689237796274
"203",0.247424675069616,0.152990594280936,0.0696139124381842,0.0898246706077565,0.179720430747325,0.260425716856182
"204",0.129771201313127,0.25698156798658,0.266383716797798,0.12206844679861,0.15333064218264,0.0714644249212449
"205",0.19414430342245,0.193911929087921,0.0281425966685413,0.216272711579525,0.275484488100337,0.0920439711412249
"206",0.18903393195151,0.206574658895716,0.0199907661833833,0.23673110916806,0.237097875248867,0.110571658552464
"207",0.277052942646707,0.145239679408858,0.190796942009331,0.154228129162055,0.17783910741795,0.054843199355099
"208",0.163630037924513,0.141684501356348,0.152472844565865,0.0355439464969442,0.255915574318026,0.250753095338304
"209",0.339802253473404,0.141647641251722,0.0353600903689543,0.177824367074497,0.305365647831423,0
"210",0.227306534550769,0.124194354230084,0.212950604213799,0.0227794743532832,0.150957537385049,0.261811495267015
"211",0.418666136993803,0.121057238505809,0.282036937054883,0.0653504552609827,0.0787736807987346,0.0341155513857873
"212",0.270055093460438,0.227075882858242,0.0898578653256531,0.148356323542629,0.0593922005395932,0.205262634273445
"213",0.175039742631556,0.203509408707302,0.139128001422001,0.158383154700033,0.195744108654868,0.128195583884241
"214",0.194082276746584,0.160869886313678,0.184651544205468,0.119644937171566,0.178518279839517,0.162233075723187
"215",0.20228664325954,0.191734015842558,0.0604257268267957,0.0263684939608942,0.303917545372055,0.215267574738157
"216",0.177641821289258,0.150873323828435,0.183219051120878,0,0.294804640757157,0.193461163004272
"217",0.344587628394355,0.150619378248625,0.0476329765594886,0.151181409415982,0.183922975683471,0.122055631698078
"218",0.372741509634792,0.106404376782224,0.0670448277453131,0.051716549035287,0.329753569582861,0.072339167219523
"219",0.254989577006695,0.198330582135119,0.0443690921247535,0.292804200219015,0.0874216198046172,0.122084928709799
"220",0.47974291299254,0.132873851845248,0.00714843152149396,0.0992358865617464,0.211632218628795,0.0693666984501774
"221",0.174711690970128,0.153356921366423,0.0356400736885815,0.155424203470019,0.287661713839391,0.193205396665458
"222",0.191555619246501,0.175859645676026,0.033623655199334,0.254138080194142,0.28801407499281,0.0568089246911863
"223",0.240144866740761,0.170822140405413,0.2294743191674,0.0370390760603954,0.268696509878385,0.0538230877476451
"224",0.182585539590053,0.168873240476134,0.0890854112812493,0,0.339823215852097,0.219632592800466
"225",0.235346282421026,0.21763263456577,0.20379109460138,0.118817092256248,0.0448474604829369,0.179565435672639
"226",0.280506210990274,0.152930547932515,0.196613536988197,0.135449775277571,0.0316088035902194,0.202891125221223
"227",0.173433707201954,0.209402014610675,0.16147643563927,0.197289699993322,0.0862770181249827,0.172121124429797
"228",0.411470186846658,0.112569994032308,0.136834993123041,0,0.17325932775567,0.165865498242323
"229",0.317467526738302,0.212796781595543,0.096076461925595,0.228437196105641,0.116701156281651,0.0285208773532678
"230",0.152633472128174,0.20656542604043,0.18037100113049,0.126138552587388,0.145150246711653,0.189141301401865
"231",0.256259894489015,0.172879838225928,0.174668169618143,0.051555989775867,0.176282549321477,0.16835355856957
"232",0.407842083983872,0.244696835521855,0.183724176506883,0.0635472991334964,0.0621386793692089,0.0380509254846844
"233",0.350943411282361,0.13879044389146,0.268894589838313,0.145410408528615,0.0804528642799133,0.0155082821793372
"234",0.345483011889021,0.201549168668853,0.163280955728898,0.0921330399544634,0.102393706153659,0.0951601176051058
"235",0.134982823655558,0.250852327611539,0.0603235451803664,0.210064584872612,0.265964843888187,0.0778118747917382
"236",0.255268103372214,0.23557331988687,0.210753096015588,0.0261058437586799,0.115380436103645,0.156919200863003
"237",0.237408520063433,0.152353002380934,0.232189930972103,0.105464105946668,0.0674768058508702,0.205107634785991
"238",0.301310363991264,0.20927150740543,0,0.0839206658471274,0.219738871708589,0.185758591047589
"239",0.322432005666248,0.159198034214942,0.224906221870618,0.0371990607933141,0.0736775275115126,0.182587149943365
"240",0.154790089507163,0.199838053443714,0.182202851146721,0.222494601530287,0.211790361534078,0.028884042838037
"241",0.114692815840374,0.216280337845402,0.26066577385294,0.201158550422513,0.119553920711648,0.0876486013271235
"242",0.307682577677529,0.15579557877538,0.131651023077667,0.172612149405074,0.192809560252778,0.039449110811573
"243",0.244682587464883,0.173754993231616,0.0934715754295945,0.119742511985617,0.136649753759391,0.231698578128898
"244",0.253281196873675,0.132570490866246,0.184959961758433,0.0471318818256687,0.168485801265163,0.213570667410815
"245",0.335104422774394,0.204589363521466,0.0457468443911498,0.0810139872253588,0.0469821172864224,0.286563264801209
"246",0.258505485693089,0.189034497997706,0.168841496020888,0.156105059156597,0.205705445654738,0.0218080154769819
"247",0.359893123439859,0.125051615685212,0.0157194742315975,0.194892654302676,0.0603369793031926,0.244106153037463
"248",0.216217127427857,0.138654562742873,0.181525710954334,0.0610285958362217,0.165421177547533,0.237152825491181
"249",0.338887978860648,0.114524572388452,0.00502645988779153,0.025671991692048,0.318698500384443,0.197190496786618
"250",0.278360339240728,0.14264687303396,0.132090369738442,0.170023739312978,0.131130319808784,0.145748358865109
"251",0.312124367666898,0.201044482531614,0.0767888823985167,0.126336835066185,0.0650217511563816,0.218683681180405
"252",0.312466554376508,0.155142399602952,0.215193346784146,0,0.177246141720029,0.139951557516366
"253",0.15557594466428,0.207053427488865,0.0971806034441817,0.241537483914105,0.177929155753467,0.120723384735101
"254",0.272346506402682,0.18249886062558,0.20910964381989,0.150475026107525,0.0357960786757332,0.149773884368589
"255",0.310934139195896,0.194900547527126,0.214245498349261,0.0541977798167275,0.115663232589875,0.110058802521115
"256",0.29368489123114,0.191241473179474,0.114527618908515,0.0807218950355905,0.0750357027305729,0.244788418914707
"257",0.223881228838664,0.151631945120378,0.17150524114997,0.163943132796505,0.163427526750537,0.125610925343947
"258",0.310397166598909,0.129257533839548,0.21485641764023,0,0.140889641069872,0.204599240851442
"259",0.220373524509349,0.142067234783347,0.115872892888267,0.230515568368451,0.138571132547424,0.152599646903162
"260",0.258711230538123,0.174933750183603,0.106610627061185,0.021656407621755,0.167085072533197,0.271002912062136
"261",0.159884426712189,0.233081498839818,0.0402558681987445,0.325333485810935,0.0753791539570338,0.16606556648128
"262",0.14897077859448,0.214332852270362,0.0203001486422618,0.174716499651183,0.0960541022339241,0.345625618607789
"263",0.250346777222873,0.177195602626409,0.189310951835646,0,0.179750392028501,0.203396276286571
"264",0.21848229481898,0.147662628215913,0.00547887326496118,0.205193600515848,0.341212672138308,0.0819699310459905
"265",0.250253380412786,0.189196899928458,0.049812860949995,0.212230677598623,0.175776150879459,0.12273003023068
"266",0.352227255821178,0.197923534837309,0.148117005284948,0.0915168557587998,0.03334681240412,0.176868535893645
"267",0.327705848755442,0.199660903473401,0.0773409820769094,0.0655032980311056,0.194042563868429,0.135746403794713
"268",0.232538694981091,0.195970971690006,0.248242307428201,0.132444439376776,0.11747552298725,0.0733280635366756
"269",0.33747168046915,0.174691695865558,0.0213938549642459,0.121937725935666,0.19817413647884,0.14633090628654
"270",0.289264384728111,0.15739993092376,0.112099783790624,0.140141607129944,0.122183211849153,0.178911081578408
"271",0.164171180260261,0.256665496840797,0.165300833168133,0.0655714310488476,0.246945457640688,0.101345601041274
"272",0.244336925115483,0.19065812243813,0.297681266698892,0.0316703646304389,0.1025713424895,0.133081978627555
"273",0.255537715685201,0.235127412021903,0.158403464411361,0.19223727264352,0.0829075383434767,0.0757865968945383
"274",0.254444649920443,0.201289519144803,0.0487146106119045,0.245708645478423,0.201911562451769,0.0479310123926579
"275",0.411386897089742,0.165156921903743,0.21172916113725,0.0609458972853473,0.0437765856255927,0.107004536958325
"276",0.174504625974352,0.222050638478711,0.185631839126929,0.189638377822802,0.195979479174475,0.0321950394227301
"277",0.136965055171874,0.13407504937618,0.274506972601906,0.0999707888574954,0.0343903177743435,0.320091816218201
"278",0.320953209848621,0.14104338847132,0.18610959405049,0.124364824177923,0.0772842030710462,0.1502447803806
"279",0.193745857637542,0.174660419349077,0.0330949167095652,0.200770010289724,0.112910262363653,0.284818533650439
"280",0.217365785291024,0.207426749788676,0.156228337577117,0.0245529170443696,0.142488224238547,0.251937986060267
"281",0.256086118057876,0.14851689452518,0.000725714655300387,0.0571778693067857,0.368838741579073,0.168654661875785
"282",0.354221824268152,0.1567079296201,0.0266146121235924,0.309129782575688,0.00377010661265459,0.149555744799813
"283",0.284317908255487,0.158399501522742,0.0510740759758041,0.0709454135530558,0.278385342110709,0.156877758582202
"284",0.295257168656051,0.171511112746048,0.00334731828122627,0.214835989383873,0.0307426859629493,0.284305724969852
"285",0.303515951417102,0.157187871014752,0.191452447404605,0.0398634952823643,0.192542044683086,0.115438190198091
"286",0.298414995326536,0.141562646118829,0.206643520549727,0.133089548791523,0.0963189946148132,0.123970294598572
"287",0.229765669065604,0.200639108599513,0.197354681097194,0.161257647542985,0.19490731189767,0.016075581797035
"288",0.269221707731329,0.199336931998284,0.103877591511296,0.160497301110457,0.203114150740882,0.0639523169077522
"289",0.191709424244807,0.131106290137667,0.125857942639531,0,0.191053969701391,0.360272373276604
"290",0.296228054489113,0.166726491673165,0.203568167592978,0.181867750881678,0.0678523656249317,0.0837571697381337
"291",0.285921327094143,0.162080285525313,0.0179721524113579,0.174464429290168,0.234360548666749,0.125201257012269
"292",0.246440368331268,0.130459537389876,0,0.182637318356968,0.23475020435697,0.205712571564918
"293",0.233393997960346,0.193505351784108,0.0718100749000393,0.123713199213149,0.174878302909922,0.202699073232436
"294",0.32345851678872,0.213778809877316,0.13891922409142,0.193459021303085,0.0551316899095397,0.0752527380299189
"295",0.254303308966031,0.150874303219426,0.297073729604758,0.15748973955561,0.10299521504532,0.0372637036088559
"296",0.148831825738243,0.260689304105812,0.314781391547786,0.0845711593294675,0.0647148535237528,0.126411465754939
"297",0.393851197899507,0.111583034821805,0.0214499403674361,0.0217418047210625,0.0102394067578826,0.441134615432307
"298",0.26433007601534,0.231761881843823,0.0674894295408484,0.26865524722354,0.15454371411925,0.0132196512572002
"299",0.203808700730619,0.180398356771968,0.0887756559772806,0.181232435027631,0.184403489767399,0.161381361725102
"300",0.339881809061468,0.20406154264135,0.0307412019961023,0.268188521817043,0.0435552930532272,0.113571631430809
"301",0.118478288049199,0.141219828481131,0.251560200312701,0.0187729796322699,0.199352108382593,0.270616595142107
"302",0.512723305278413,0.154321921425205,0.00901424424964398,0.0458374754432268,0.0298421765063088,0.248260877097202
"303",0.147551419315505,0.234218767853053,0.00137516667978014,0.17111723365426,0.115495302604026,0.330242109893376
"304",0.344797163390911,0.144140349958546,0.0670546575080682,0.261415981897212,0.0597968897250468,0.122794957520216
"305",0.428014567008114,0.198518736646866,0.132754842631269,0.0303507681832075,0.0912817353684765,0.119079350162066
"306",0.244144233466913,0.171295623962268,0.113438681178589,0,0.217956804960006,0.253164656432223
"307",0.339354029527001,0.136713340248856,0.18319933292792,0.0307910357389865,0.218258854728981,0.0916834068282561
"308",0.327800019530057,0.154783593703559,0.128096057562933,0.00694942277034198,0.199534264526797,0.182836641906312
"309",0.176305528236914,0.222733271501659,0.144871516561645,0.233509711800821,0.0770064578297676,0.145573514069193
"310",0.250315326273548,0.134871062270013,0.219054499277286,0.0858782291935015,0.265864716860016,0.0440161661256357
"311",0.131170201762189,0.178801828307107,0.233352530822453,0,0.094634061586335,0.362041377521915
"312",0.341266875964922,0.145730821728567,0.0668914698710229,0.235350602995863,0.0187097908997664,0.19205043853986
"313",0.292301000133449,0.212528034071562,0.00788200192162777,0.155790310294142,0.251113010267011,0.0803856433122078
"314",0.269710518061746,0.254194108336796,0,0.181414934724024,0.088134264088923,0.206546174788511
"315",0.18733367124918,0.176530879004087,0.240777064009423,0.174707392952501,0.0993266164760362,0.121324376308773
"316",0.149811068850957,0.218058013126557,0.153927984666722,0.196454911052932,0.0319467767803985,0.249801245522435
"317",0.272880774418885,0.16445421608437,0.00987305755849852,0.125348857003736,0.242680845806466,0.184762249128045
"318",0.355877286839797,0.144310289697754,0.162532854316018,0.0121039610625694,0.120047234907711,0.205128373176151
"319",0.387560046383501,0.122047126862223,0.13441881632852,0.134272015177361,0.213862255352513,0.00783973989588109
"320",0.334209549291625,0.150496089656365,0.306899829038457,0.0360181238700554,0.146559085954161,0.0258173221893374
"321",0.1582802850423,0.220177895742703,0.0764065957334306,0.203957044013171,0.0453052768747364,0.295872902593659
"322",0.267645551882873,0.138131600204972,0.121532060785493,0.105777923580272,0.199260241883861,0.16765262166253
"323",0.125190232764594,0.300014816650826,0.0855497154162255,0.167289436923038,0.258835142545258,0.0631206557000583
"324",0.336730904727281,0.166944865814714,0.171642360737812,0.121916688959277,0.113599239700415,0.089165940060501
"325",0.149294996023438,0.299121278206002,0.145824764541041,0.151573509554656,0.0519481553697047,0.202237296305158
"326",0.190984593440026,0.14414853339495,0.00707470599883077,0.234296610944921,0.344160231480436,0.079335324740836
"327",0.352508005811902,0.122316080104465,0.0558717252782764,0.160432592433026,0.278716860527297,0.0301547358450345
"328",0.467196193240314,0.142190384560488,0.136968118932567,0.153092623361057,0.083912188161358,0.0166404917442171
"329",0.246443805501662,0.187089682081883,0.123701330847919,0,0.213897352920383,0.228867828648153
"330",0.190452234195105,0.135991204841073,0.126714635914444,0.139213915698402,0.177457664810397,0.230170344540579
"331",0.377464479059325,0.1240167948757,0.0509914106260432,0.181018320829102,0.0206768341733004,0.245832160436529
"332",0.228908590024426,0.124937409840804,0.357024001753591,0.0437644168251646,0.192573219002823,0.052792362553191
"333",0.235514263956931,0.212520454529367,0.0938199553417809,0.219822609332741,0.00113386331692943,0.237188853522251
"334",0.29942117368702,0.209775449945509,0.0529029870526812,0.0499306771787198,0.342171003139605,0.0457987089964642
"335",0.28350010733432,0.129882531838269,0.0410372537212996,0.183078027950711,0.0730825359234569,0.289419543231944
"336",0.320886013015879,0.134545045098986,0.0907328181099879,0.0159279286483388,0.247688638952356,0.190219556174453
"337",0.241885061420492,0.171251503489545,0.139369880281659,0.150446794660249,0.22083077180256,0.0762159883454944
"338",0.268526206002197,0.139281350708744,0.167421675708962,0.0567421345373591,0.199474707571341,0.168553925471397
"339",0.363781884809952,0.171144585481436,0.0217848651482911,0.0879072099036842,0.292724107346573,0.0626573473100639
"340",0.228407027452384,0.174077944833311,0.230306291000798,0.00571435205308959,0.0749549360513062,0.286539448609112
"341",0.390238836024673,0.219259094536213,0.027204010855638,0.299352730905626,0.0230842594592696,0.0408610682185809
"342",0.250993982926347,0.163569432173119,0.0797141306580679,0.105544206222465,0.219137309539617,0.181040938480385
"343",0.139173709315825,0.220975922879295,0.0637165594538927,0.274896563318831,0.0927876680288087,0.208449577003348
"344",0.366012885496028,0.184144474586236,0.110857640273287,0.106768042236358,0.122813413052268,0.109403544355823
"345",0.23040758809148,0.193740339231057,0.115784475882894,0.0198155762390731,0.0452621812463456,0.39498983930915
"346",0.233848375295771,0.234562588844935,0.0240864047045587,0.195096878452757,0.26827101666393,0.044134736038049
"347",0.30536515889229,0.185565426221856,0.163813473128629,0.141038911431524,0.122809842512479,0.0814071878132223
"348",0.151300342790618,0.217141886073614,0.271658894310894,0.0469590472673692,0.271344291053561,0.0415955385039445
"349",0.174271453228901,0.2168298196083,0.186922514373772,0.0444515528783705,0.190836740329883,0.186687919580774
"350",0.436062606988079,0.105013688395829,0.0548822157212007,0.110780239698927,0.0504243008589706,0.242836948336994
"351",0.260314205672758,0.186901536996451,0.176558853648891,0.148387273162605,0.139917528020935,0.0879206024983593
"352",0.145452155255453,0.214534689292831,0.0478367004575133,0.110056993539238,0.265535003244496,0.216584458210468
