"","neu","NK","CD4","CD8","B","mono"
"0",0.241274814055523,0.0770863809128081,0.179901496794702,0.0907602787931265,0.330946443137135,0.0800305863067048
"1",0.141274097173837,0.118828184579562,0.266534983662782,0.100262296438123,0.268365923732876,0.10473451441282
"2",0.107270507606978,0.197555339987765,0.229025941509129,0.187748390207334,0.0645669019573459,0.213832918731448
"3",0.0911625664101666,0.255601139267988,0.318753367652446,0.144110983881873,0.017574809466702,0.172797133320825
"4",0.00714118825657685,0.329405023687151,0.0669727580340031,0.123940662357901,0.291864069268095,0.180676298396273
"5",0.0933959001007974,0.16042377823078,0.22221211193115,0.264405753453422,0.211354025332166,0.0482084309516844
"6",0.0390048853786922,0.353202040598697,0.276221195101,0.0532065346205111,0.243341491575442,0.0350238527256574
"7",0.10362760866027,0.182570608475065,0.0981702871506513,0.19660947601807,0.192843698184981,0.226178321510962
"8",0.108633637586088,0.210454651354266,0.0363116092858111,0.221218230353076,0.121518788401122,0.301863083019638
"9",0.00864874440504344,0.389384828603526,0.124599624925267,0.181928941689401,0.0464459484604376,0.248991911916324
"10",0.105903621762406,0.225362039713157,0.0288826599745861,0.228915373717017,0.140936468754532,0.269999836078301
"11",0.225207080455627,0.197247431809641,0.156319195163556,0.166680182424404,0.133336184689143,0.121209925457628
"12",0.0474153336415643,0.362775016977334,0.00953677493207394,0.164844984412871,0.315146466351537,0.100281423684619
"13",0.101592814086735,0.180182436868962,0.271765327865902,0.0304002032827792,0.226759839851724,0.189299378043898
"14",0.0598104569138372,0.127529395166588,0.246585181750047,0.229385749754113,0.106714433261844,0.22997478315357
"15",0.114807619910458,0.190772814167235,0.223416059433671,0.151728656187974,0.147438565848398,0.171836284452263
"16",0.119103941072163,0.28189990100382,0.0744396650723268,0.208311160150624,0.0217007575595559,0.29454457514151
"17",0.0748295565520365,0.189720223734342,0.089580892349204,0.368999259315054,0.234864752385544,0.0420053156638198
"18",0.14928926289901,0.0458726631118332,0.179099758085273,0.191324962535727,0.20488878536281,0.229524568005347
"19",0.143260487213851,0.263871760150197,0.11975282161447,0.215578775705263,0.1818597709461,0.0756763843701194
"20",0.170424433601489,0.0407029955106008,0.52917076913912,0.0923746537678827,0.12869716046291,0.0386299875179969
"21",0.0546509071650458,0.183183710148561,0.105041071776935,0.163503252655804,0.310740186036644,0.18288087221701
"22",0.178938388948474,0.0716579647225724,0.261884570965462,0.0766164744914946,0.141348287466427,0.269554313405571
"23",0.113355933533643,0.190274838439303,0.0285382716556805,0.27349661680332,0.242299290059367,0.152035049508686
"24",0.0942067147090339,0.00694573370702931,0.345977775302806,0.0399753313163956,0.167056843811398,0.345837601153337
"25",0.0438481283104496,0.215774342708008,0.268197638800458,0.0580932788175,0.19286806236695,0.221218548996634
"26",0.0374328544636374,0.0983347038699414,0.356220012211795,0.0291754442972901,0.24606713846255,0.232769846694786
"27",0.0931733062665026,0.284258654435339,0.196032819007155,0.0839118353393946,0.0265215933547833,0.316101791596825
"28",0.0203438572484364,0.28722281028554,0.241397879857035,0.28580451476679,0.124477463074242,0.0407534747679567
"29",0.00949214531635358,0.114351339554589,0.181223788341542,0.243706105816393,0.21146130782659,0.239765313144533
"30",0.208721347244908,0.306320913692885,0.102979426161231,0.0952389112607647,0.185321852361004,0.101417549279206
"31",0.0662080163724148,0.229943632758206,0.352181023598932,0.0597846888168194,0.19600217990015,0.0958804585534776
"32",0.0828565389209167,0.300278618959873,0.329560515919463,0.12819782032023,0.0454174200187475,0.113689085860769
"33",0.133840683157024,0.253804622644799,0.2478252622318,0.162334129477459,0.160471662452521,0.0417236400363973
"34",0.145116887568715,0.173226301111475,0.132897049396678,0.112397702336002,0.340836296407229,0.0955257631799008
"35",0.175163838776672,0.273719512138931,0.0668927496211419,0.200233965489365,0.203156010121263,0.0808339238526273
"36",0.214473782509097,0.250342679221439,0.0703964486615005,0.123718410358166,0.085703768346372,0.255364910903424
"37",0.192203433503251,0.157335867517904,0.0893645166935517,0.209094124324005,0.240370557795232,0.111631500166056
"38",0.0649119618633039,0.329450667213206,0.395599935316632,0.0344084995668407,0.0913023568778259,0.0843265791621924
"39",0.174550558759335,0.258442372715243,0.229866183940626,0.0287220307999848,0.0332917608655474,0.275127092919263
"40",0.105441378393765,0.194213047926658,0.235604101935259,0.202634317214747,0.169083129017117,0.0930240255124547
"41",0.108277388529909,0.307035185636647,0.154962940266253,0.162786140267427,0.23287642429269,0.0340619210070747
"42",0.132445345655804,0.195902758480725,0.0917734046327568,0.163169506164956,0.158681625007312,0.258027360058446
"43",0.108513415987827,0.16883396369482,0.210710315175099,0.104094808416868,0.227668437464914,0.180179059260472
"44",0.0704060714378082,0.109537156192636,0.291594057023474,0.081945186495855,0.225435884063575,0.221081644786652
"45",0.132928763375659,0.13178339541773,0.129559325238626,0.146031962555081,0.344617829960611,0.115078723452293
"46",0.138858078442834,0.0932645178577789,0.189926273766184,0.163703260907006,0.240348894756339,0.173898974269858
"47",0.0473216755972314,0.147824340189391,0.290166572546377,0.0460468687426524,0.179449931599751,0.289190611324599
"48",0.147822452393072,0.124821023708904,0.364753494148847,0.0766952134315676,0.174271878368732,0.111635937948877
"49",0.158775219384437,0.135952077841466,0.26291835371787,0.173262139206093,0.235694916089808,0.0333972937603263
"50",0.121019378155747,0.0180410841585068,0.0888594783841966,0.226375877685105,0.0864727299965845,0.459231451619861
"51",0.0967005971626717,0.0645603948109798,0.137109399518169,0.195657995189777,0.188765076930116,0.317206536388286
"52",0.151533317666738,0.280158072273193,0.216346160641481,0.066642714574741,0.0247932322954178,0.260526502548429
"53",0.00199631319243166,0.198075876733682,0.288131125897465,0.0271425239471118,0.263400216286172,0.221253943943138
"54",0.0469467329995243,0.147024601754847,0.207225980080193,0.101946756154578,0.275392436164293,0.221463492846565
"55",0.116845515088133,0.165556241545245,0.208806513311906,0.113870711004932,0.219092296647943,0.175828722401842
"56",0.212052858461916,0.0950632168670667,0.298320558384142,0.0684384988918104,0.226878941935652,0.0992459254594126
"57",0.138733847962086,0.18930484793186,0.164273467479401,0.0652503076189407,0.232928413203161,0.209509115804551
"58",0.0950273223909241,0.265031523632742,0.36389309981513,0.0969388320376761,0.0928041804837615,0.0863050416397658
"59",0.130361972439081,0.0761393476494517,0.172569573914913,0.190659998400397,0.174788736576502,0.255480371019654
"60",0.0811286729741637,0.0792067110484669,0.200581884742066,0.176855997410129,0.170731958433659,0.291494775391515
"61",0.134110281714957,0.077360896015274,0.0954249933518488,0.0300347584113407,0.312870323391255,0.350198747115324
"62",0.0234632824961714,0.0644268713242364,0.168584160662931,0.282845710110079,0.29869040241918,0.161989572987403
"63",0.0649558658111593,0.264391395636667,0.12725464610278,0.230310514311155,0.227262498858814,0.0858250792794241
"64",0.250002770943395,0.224228944659249,0.0442029972487376,0.0952105471958128,0.1547509422499,0.231603797702905
"65",0.0846219998035654,0.153926040236015,0.354843792497365,0.0939298112605449,0.0144223825657453,0.298255973636765
"66",0.169311397779055,0.0863033284869445,0.19210398772656,0.266731347017119,0.051709035564213,0.233840903426109
"67",0.0360674439814989,0.29778646783984,0.234177859401368,0.0437803400355047,0.100439527835817,0.287748360905971
"68",0.0534593807004404,0.193473163974718,0.0515894642698434,0.26430378503745,0.159381107514325,0.277793098503224
"69",0.155329044355437,0.205256963526653,0.36698753069464,0.131508694534016,0.0433834810253673,0.0975342858638877
"70",0.0847520745064267,0.298724076611928,0.0686441693352908,0.177360725720168,0.108007289626912,0.262511664199275
"71",0.0113930542601658,0.176234124349623,0.255394754051534,0.214412025194664,0.0618315707893609,0.280734471354653
"72",0.022009843797411,0.193886957289555,0.345360464743015,0.167632797931812,0.264204386959042,0.00690554927916377
"73",0.191652564931003,0.251690836384847,0.275124384710582,0.23146010573983,0.0247498192804056,0.0253222889533321
"74",0.102160830383554,0.256845820867247,0.179282988275359,0.0349918294265373,0.213768104219612,0.212950426827691
"75",0.0580035278490669,0.151310167406895,0.140594275196495,0.156196015052383,0.0653517914889874,0.428544223006172
"76",0.158935952860612,0.125581923235327,0.0478578223902058,0.204971163818131,0.223113381155957,0.239539756539767
"77",0.117978987892064,0.135090829179158,0.266671013484845,0.121446869739627,0.137541871765875,0.221270427938431
"78",0.018953027318823,0.260125656277379,0.268613958839367,0.151456750117279,0.00926566448056925,0.291584942966583
"79",0.0971354794943557,0.303370463598711,0.332261377289129,0.0592930306495546,0.0685972236097442,0.139342425358506
"80",0.105542906165134,0.068182877900656,0.354337960497128,0.116595324643377,0.260230717281311,0.0951102135123937
"81",0.135097247462831,0.215368059065401,0.148214006614869,0.209921790249868,0.209159043385744,0.0822398532212871
"82",0.0474185562097703,0.0263373274325648,0.604292278086439,0.140209282254342,0.115461597360809,0.0662809586560747
"83",0.0927758885642499,0.122650440161613,0.28802623826369,0.181743471285092,0.173844961755057,0.140958999970297
"84",0.00410138267838155,0.257423042940384,0.304546081595216,0.277237811128383,0.0738131304716222,0.0828785511860135
"85",0.118057888039459,0.109720073844303,0.487829268944998,0.173802195882107,0.110590573289132,0
"86",0.0616863871241467,0.214208498292001,0.14799948580897,0.243156810992869,0.135352195710917,0.197596622071095
"87",0.0623217765055918,0.288014342360899,0.0944291817138983,0.257259834776456,0.02546192107287,0.272512943570285
"88",0.0973143102694522,0.223527880244374,0.0467931080390761,0.244697658112567,0.137861499358873,0.249805543975658
"89",0.095479809681509,0.0527448849100953,0.224473043805912,0.189976829176905,0.19759086300444,0.239734569421139
"90",0.0917856961731267,0.24285919616629,0.0466662845738062,0.330650150792497,0.0270583930209077,0.260980279273372
"91",0.134280311177505,0.147206932276316,0.211451922860858,0.2062746008457,0.0197567645668645,0.281029468272755
"92",0.115273786115277,0.194845463343815,0.181393877824979,0.119434174904804,0.173918699116171,0.215133998694953
"93",0.0148706171704957,0.149857913582396,0.264348975982783,0.309185321782506,0.109479298264792,0.152257873217028
"94",0.181299583262364,0.283842057918956,0.23952484985263,0.0624809568383958,0.153497899249996,0.0793546528776586
"95",0.0328587213140352,0.159083013165475,0.235992181616465,0.20341994938446,0.165229526594274,0.203416607925289
"96",0.0750792921001178,0.0413740625470504,0.34699809096113,0.156669458827522,0.171613524190383,0.208265571373797
"97",0.0470629933871625,0.167271675416517,0.343093845545293,0.1605836743054,0.167662209897679,0.114325601447948
"98",0.0967390886480243,0.138200028487273,0.154265971868196,0.218235522797717,0.196126008558736,0.196433379640054
"99",0.121703451422478,0.237201458053616,0.0812417833015129,0.157791874404182,0.120860400392884,0.281201032425327
"100",0.160172599942794,0.0296707455544685,0.331006130263827,0.173697492551342,0.0396644058487513,0.265788625838817
"101",0.0404703540920003,0.308610252084192,0.232360370336888,0.0694796049566783,0.311767206923386,0.0373122116068546
"102",0.0708894222732338,0.0480828015822198,0.0199363386831195,0.309892645341523,0.253787570879047,0.297411221240856
"103",0.14226175894276,0.0790103378133786,0.26793282737122,0.133710167743379,0.260819974725773,0.116264933403489
"104",0.0896886629381845,0.0812946660308608,0.196706001851762,0.0782694370876097,0.130541376936989,0.423499855154594
"105",0.165476944819463,0.238180501259916,0.2454109840615,0.182496454012746,0.0665542140825064,0.101880901763868
"106",0.0188615650631845,0.106426896552672,0.146830828182271,0.194335733787293,0.226058765479862,0.307486210934717
"107",0,0.0746708595335573,0.317788311508099,0.0744971211705422,0.213602578500271,0.319441129287531
"108",0.0585309384938986,0.199079639690703,0.165996983400926,0.368115867893049,0.0155463916092942,0.19273017891213
"109",0.093431324793648,0.123426974471986,0.146402480924744,0.245113732120852,0.252543832714038,0.139081654974732
"110",0.0207933104740358,0.094827025307871,0.192478727941687,0.256740622909357,0.422612868978371,0.0125474443886784
"111",0.0331291763708794,0.0908954642723709,0.345345917342153,0.164359400526057,0.159085143438932,0.207184898049608
"112",0.127639622692119,0.197417132035991,0.113305876489904,0.107768755556028,0.220339308970808,0.23352930425515
"113",0.0718351786816517,0.25191153410197,0.0285973272381665,0.258651176807278,0.219156387907533,0.169848395263401
"114",0.0771791851305674,0.0453761077548608,0.422621307216132,0.434134590146471,0.00968861382006434,0.0110001959319037
"115",0.0178054558721657,0.00672093430799692,0.325856369713494,0.260677840966963,0.341718621523556,0.0472207776158243
"116",0.034220862559918,0.280314767111544,0.225506449628099,0.00453952293305235,0.028052125990727,0.42736627177666
"117",0.124543308271273,0.404413607507413,0.0468009245279309,0.131527216378609,0.269697485425081,0.0230174578896928
"118",0.117997198054224,0.0391921803093751,0.28475513874645,0.218797025775456,0.109014958108006,0.230243499006489
"119",0.00898567534418254,0.364245009015717,0.0361505569747551,0.237752557294862,0.0633126789768845,0.289553522393599
"120",0.126131302023276,0.118655435292089,0.27537155574569,0.0790352317329655,0.246222591504285,0.154583883701695
"121",0.0902120017772359,0.162271575040067,0.155506366785787,0.30206877100752,0.223692575726167,0.0662487096632232
"122",0.188800004252679,0.0198637769633129,0.154536368965939,0.251695691335007,0.0240189076261908,0.361085250856872
"123",0.144226255610038,0.0299426827828742,0.253091029311394,0.0882472511877063,0.219805248531051,0.264687532576936
"124",0.116620245960162,0.140946054612377,0.249401407458345,0.218645649270537,0.169821902761743,0.104564739936836
"125",0.0283236332017447,0.0276667436285848,0.0862470891058553,0.296030101372698,0.288329834135049,0.273402598556068
"126",0.0689423144455837,0.387561744335739,0.139718689003051,0.217163743378868,0.0833149908733731,0.103298517963385
"127",0.170202220346653,0.186078951337588,0.367036034511962,0.0568794646313905,0.065486680333792,0.154316648838614
"128",0.169548298398964,0.164888670180747,0.177844004765719,0.041819293893605,0.255738370202217,0.190161362558748
"129",0.137796700288404,0.222549618552628,0.031729873076327,0.328831285055968,0.190793315562217,0.0882992074644566
"130",0.0825279261136733,0.202915855964804,0.0393379057816802,0.272467808458296,0.221064446494476,0.181686057187071
"131",0.0919864521276013,0.243950862293918,0.344624728392154,0.0249223874503951,0.219368718283017,0.0751468514529148
"132",0.0822396370121771,0.0967320314372686,0.167514494832263,0.271655139695847,0.107689941606618,0.274168755415826
"133",0.0410812134394503,0.0354601708933837,0.0404071007280695,0.338759022913989,0.425579509936499,0.118712982088608
"134",0.0236764753463482,0.211527422845739,0.0638820924739636,0.246938917837413,0.204919313872483,0.249055777624053
"135",0.0275480117276562,0.148085522076985,0.298457117278832,0.122868538308283,0.180187946049306,0.222852864558938
"136",0.140816730730116,0.27450684789408,0.157069788262081,0.0385892959777441,0.196216535282648,0.192800801853331
"137",0.101324038599231,0.344749388407058,0.120822022216621,0.0737391846248955,0.258703279228707,0.100662086923488
"138",0.127153361340228,0.233857789705456,0.300460147321064,0.190593282158851,0.0690085071477207,0.0789269123266806
"139",0.176670778632453,0.120580816374993,0.19465208981579,0.0669305980635926,0.174300338829659,0.266865378283513
"140",0.143991770899938,0.157107666887215,0.124800524218452,0.193506331437668,0.261654813472391,0.118938893084337
"141",0,0.377063087392476,0.343429933057033,0.127888405704572,0.0332188208942173,0.118399752951702
"142",0.0570481001042873,0.0211487713633807,0.289110497387763,0.248743315138171,0.110575016502062,0.273374299504336
"143",0.137055212479086,0.167139390883861,0.252249129083279,0.210553695776478,0.087672747112677,0.145329824664619
"144",0.0560280595400925,0.0768996296442847,0.31372229403888,0.216290841277813,0.29829808055129,0.0387610949476389
"145",0.0694848414088446,0.084596158440671,0.291818211736638,0.362174145458053,0.161756563494851,0.0301700794609437
"146",0.219129333038724,0.0587250363116376,0.28840177320978,0.218916597639778,0.095131657553309,0.119695602246772
"147",0.082804776428807,0.098930526604688,0.347358019429893,0.208129863202239,0.0813483775944713,0.181428436739902
"148",0.154824521764322,0.0298824592370604,0.168694236788705,0.184478319486964,0.193886283284975,0.268234179437974
"149",0.0953338931511004,0.22842653666764,0.17133165995524,0.0791991149613436,0.13509853284279,0.290610262421887
"150",0.0363560778376671,0.149539666470924,0.149582235501416,0.0760142755521024,0.210553319147511,0.377954425490379
"151",0.1470481896275,0.163469491941334,0.265328315331463,0.15085447175288,0.132735906413832,0.140563624932991
"152",0.115033501628116,0.18395330581455,0.184090061639278,0.175653788501163,0.138806594830549,0.202462747586344
"153",0.135859917967732,0.16556812237458,0.242588294844374,0.239597109326698,0.143846559698613,0.072539995788003
"154",0.148521047094696,0.218283358716554,0.157693868574554,0.21090599287589,0.193514030752756,0.0710817019855499
"155",0.0123771466990206,0.127256266460907,0.369637222819846,0.0270021877576979,0.397496697383389,0.0662304788791392
"156",0.137859923997955,0.165171816556803,0.230624231643421,0.168650610042488,0.199062624164309,0.0986307935950245
"157",0.144014825883725,0.013730177215153,0.394359592163605,0.113789713675236,0.054212246002849,0.279893445059433
"158",0.0892440177661429,0.0461042579358876,0.165876388789192,0.375869757063494,0.0695101504168638,0.25339542802842
"159",0.104895341129208,0.130556978219305,0.226399215648911,0.0891144603795421,0.177659440474107,0.271374564148926
"160",0.11437458374521,0.378767718803038,0.0162108914180241,0.154516107563449,0.259354224295692,0.0767764741745865
"161",0.149010033596323,0.12793336988126,0.10326757218962,0.124805960785092,0.269491041143171,0.225492022404535
"162",0.0821047541591428,0.0795098849483126,0.0969476480810543,0.244860990331475,0.173351362148334,0.323225360331681
"163",0.136236583349005,0.195048361479985,0.273880192622779,0.189114544436264,0.163285968562531,0.0424343495494353
"164",0.154347395844832,0.117720400599448,0.26532902454183,0.247549405095914,0.162655159334361,0.0523986145836143
"165",0.107211791021206,0.432008856424573,0.252053474401207,0.104595023855791,0.0506614184536039,0.0534694358436191
"166",0.0809681113383829,0.239992606091316,0.255838570777964,0.0997260322647829,0.102864291536803,0.220610387990751
"167",0.175185957544715,0.0513390941551671,0.187917664136336,0.188722122751976,0.233591048637709,0.163244112774097
"168",0.151718203031838,0.198260996650351,0.23373251635416,0.165531126895496,0.108630889006123,0.142126268062032
"169",0.072205598967546,0.190461510185152,0.248290570643533,0.199855036367166,0.14577214916659,0.143415134670013
"170",0.16285706952062,0.177151154894646,0.0730241638725982,0.2369431035482,0.220547960259209,0.129476547904728
"171",0.0656554074626467,0.384407240288604,0.224429140732915,0.185231208944367,0.0186710634336733,0.121605939137795
"172",0.126074707487763,0.225483824254888,0.2421045534969,0.20334293681767,0.152193631896268,0.0508003460465108
"173",0.116321528216852,0.115632151499347,0.18948811520525,0.218395190886695,0.0162193614572637,0.343943652734593
"174",0.234367563200375,0.108528015962338,0.142772777801654,0.0622658162188624,0.147069666204361,0.304996160612409
"175",0.0555996627728695,0.0480688118227915,0.299800241002111,0.0117302227376762,0.199565313837018,0.385235747827534
"176",0.171281368715517,0.0891407169221081,0.0695835685467222,0.274207636938259,0.126309566987575,0.269477141889819
"177",0.0927866635449116,0.0357571980615704,0.297186948153656,0.249325115311467,0.0891111166239373,0.235832958304457
"178",0.096736505955849,0.0248617389430278,0.0632090716851198,0.292488142311829,0.294137570581813,0.228566970522361
"179",0.0173632816904817,0.346148592305761,0.181071507139816,0.0581413089195003,0.026467012368696,0.370808297575745
"180",0.0772763527727141,0.306824595404216,0.299919689150327,0.17994000202319,0.0193890367202789,0.116650323929274
"181",0.181637423612548,0.121063441658954,0.104683330716295,0.233443626399267,0.10097899915799,0.258193178454946
"182",0.160792337790962,0.234076716452786,0.306195892224862,0.227623544051723,0.0198901598347673,0.0514213496448988
"183",0.133720663676343,0.115167002132402,0.254236494939149,0.224263880543605,0.168403516049236,0.104208442659265
"184",0.0457456998418192,0.137699294758353,0.242184422685793,0.329797583832932,0.0676701524472423,0.17690284643386
"185",0.13502981007343,0.136208766046228,0.153294727105432,0.204364745774865,0.114717105327406,0.25638484567264
"186",0.196996727286501,0.202132473378231,0.0632441599209013,0.194973402915181,0.271469453470603,0.0711837830285838
"187",0.161564928075083,0.229921178544563,0.0848761674676418,0.226710862640522,0.129904091606983,0.167022771665207
"188",0.194928337643777,0.122615337697833,0.433574054535025,0.087451665698261,0.127578895231276,0.0338517091938277
"189",0.0267491534444983,0.0326055781951235,0.331039982862946,0.100573072579093,0.161702936158657,0.347329276759682
"190",0.0724818514800982,0.0285565357137619,0.344883349527639,0.176043154112473,0.244751364572532,0.133283744593495
"191",0.0718551932031323,0.347847061519114,0.174517337220206,0.0710885149582099,0.188594769203018,0.146097123896319
"192",0.058113807210542,0.180342851158285,0.315498627550634,0.0324732466105179,0.192442096604628,0.221129370865392
"193",0.0664705585833623,0.134508812439249,0.329722685235375,0.00752813991713644,0.238612215581471,0.223157588243407
"194",0.148262287218583,0.0293708134730372,0.170120087936619,0.176555840231644,0.175989821275227,0.29970114986489
"195",0.0657755345229408,0.0389781282938872,0.217874371886887,0.214119627589057,0.270515250638328,0.1927370870689
"196",0.15650342743497,0.217614262888144,0.123370811932236,0.151375474286963,0.107091681306628,0.244044342151059
"197",0.0238562322038568,0.213532937165857,0.194246815672545,0.185159345763237,0.276679671350253,0.106524997844251
"198",0.0460272198230527,0.213304111608402,0.14744809999446,0.312300181849548,0.264350190697038,0.0165701960274989
"199",0.168528606266745,0.226273192190267,0.175039640872719,0.229830522235039,0.109754645544253,0.0905733928909779
"200",0.0692059954556202,0.339115099407743,0.179219834727444,0.0418492806350588,0.222888683074165,0.147721106699969
"201",0.178557691953923,0.294731311844186,0.0687228517955302,0.177905146490246,0.0769106908469977,0.203172307069116
"202",0.123858761060517,0.0591608444887747,0.267100906428806,0.184018118281615,0.175218794603401,0.190642575136885
"203",0.195064569535187,0.123944183300172,0.134328169846516,0.0990290815834369,0.284585960842574,0.163048034892115
"204",0.141716010705804,0.122044218590149,0.274478211565234,0.119642289400202,0.260376608574626,0.0817426611639852
"205",0.163416328663338,0.200354152033684,0.297369227501255,0.0321363044306413,0.0663164807054005,0.24040750666568
"206",0.133545108707918,0.0708146675850361,0.343966147959701,0.245397738542082,0.076238517766662,0.130037819438601
"207",0.252718024647182,0.28202581346588,0.0889066601392744,0.217612727103531,0.0930760500948828,0.0656607245492498
"208",0.0465788800304478,0.0240500996370578,0.316713715661544,0.0165070499399551,0.287702919796977,0.308447334934018
"209",0.0729283591856121,0.199499248932283,0.252773623422262,0.223450616908965,0.126635288073426,0.124712863477452
"210",0,0.01088470433987,0.363565132678839,0.254941552625672,0.10675225969515,0.263856350660469
"211",0.0961828022768002,0.227353207433517,0.208343307169741,0.221493218503201,0.215717985192871,0.0309094794238699
"212",0.117667577836499,0.0924337662085645,0.224968824477248,0.190934163655866,0.194704145826428,0.179291521995395
"213",0.12945971702796,0.198241383481989,0.199516506855461,0.179067665202332,0.17185201949372,0.121862707938539
"214",0.185100160139361,0.20742053706127,0.116279180207946,0.25003413769079,0.141754545917302,0.0994114389833306
"215",0.145889419948873,0.184511477400588,0.344189848111953,0.110606204435494,0.0908767279882145,0.123926322114877
"216",0.202755712088436,0.0486834818802143,0.206699827512849,0.232460866981867,0.279800055296342,0.0296000562402907
"217",0.149319429369492,0.0952179347478147,0.146900645030838,0.119627407306423,0.22037092826435,0.268563655281082
"218",0.107875772721601,0.20165688291463,0.203434219484431,0.02388646390729,0.164622138256302,0.298524522715746
"219",0.183552254104043,0.0565863116826767,0.0616069219324587,0.251203947714352,0.27492809633521,0.172122468231259
"220",0.144621721540888,0.232259835485815,0.257841194992593,0.0781708633546438,0.276147518808935,0.0109588658171249
"221",0.0773864623006369,0.145195699300877,0.0287869675525692,0.132045134495666,0.434598645471305,0.181987090878946
"222",0.083992242853554,0.0569567903469436,0.192553716666874,0.192022012780535,0.437114346764014,0.03736089058808
"223",0.141098403033119,0.137556465091136,0.196449100115167,0.229424490460192,0.153247117145755,0.142224424154632
"224",0.0624533622278282,0.219080543469569,0.312012477142734,0.101940678381977,0.0601813635911479,0.244331575186745
"225",0.161850167044502,0.25449325622519,0.137140438819086,0.124718023008893,0.0158361955721635,0.305961919330165
"226",0.0848713820240414,0.109888385191788,0.276599440200863,0.116186452779566,0.261271630609979,0.151182709193762
"227",0.0755014356653813,0.193481927796086,0.255106862450129,0.127496088319495,0.160832352726495,0.187581333042415
"228",0.0501982457176332,0.193916784785674,0.219572088143721,0.206890823769239,0.0578350695366179,0.271586988047115
"229",0.0618388169737922,0.261005434832438,0.26171002862758,0.13563035872928,0.244583294147568,0.0352320666893428
"230",0.0931600390954516,0.226169167402194,0.0521471628091396,0.268133982925104,0.0827727548041232,0.277616892963987
"231",0.174210857089267,0.0490444818603418,0.356874211211592,0.050683031709254,0.0768812631739752,0.29230615495557
"232",0.133870554161094,0.263071354412424,0.003716638328939,0.159900933352695,0.131506878072405,0.307933641672442
"233",0.284253496131776,0.0386572937300233,0.102977605435471,0.40269286040582,0.056750152162109,0.114668592134801
"234",0.105021222184762,0.140269975920329,0.250186243845891,0.173043148291042,0.240658720825045,0.0908206889329317
"235",0.0960498621737246,0.270572216019209,0.117412741893681,0.0159921828596603,0.236436380708981,0.263536616344743
"236",0.0175088386095144,0.19241125493951,0.176405098916519,0.221077142562767,0.0701518865203763,0.322445778451314
"237",0.192232900797016,0.292882816270689,0.0535869971580898,0.245285498164517,0.133298505740072,0.0827132818696165
"238",0.126947707505442,0.10232918092138,0.146483523301906,0.153984373937585,0.211418047199447,0.25883716713424
"239",0.072677326032796,0.103177779075755,0.164952266295598,0.0932814984170388,0.204276551676822,0.36163457850199
"240",0.0563622873121568,0.108335769112205,0.178334459921427,0.193587122573037,0.113523153972043,0.349857207109132
"241",0.174555399703149,0.240082962978825,0.108032864010231,0.133638596873993,0.169727920366917,0.173962256066885
"242",0.0436070598043691,0.195695744401891,0.300383102321942,0.184550547499794,0.216106505476187,0.0596570404958171
"243",0.0264335920943634,0.217926815284137,0.182976401350458,0.155099700026559,0.318365481589411,0.0991980096550707
"244",0.194931743622271,0.101784445745949,0.230046956615969,0.177510021820687,0.186007270399531,0.109719561795592
"245",0.182942069847453,0.250021018391668,0.0655084198005707,0.228321666560021,0.149159966859912,0.124046858540375
"246",0.154284533651151,0.222620450066114,0.0318014574491733,0.0134155170905639,0.0284119874863068,0.549466054256691
"247",0.0677260084653201,0.16952462338346,0.0641331771780616,0.14208879480701,0.131747438814073,0.424779957352076
"248",0.133359157139992,0.261954215650713,0.258506179646251,0.0978413719019333,0.237858685631996,0.0104803900291144
"249",0.188864012649347,0.0433024955478852,0.198359554840436,0.0744741874896545,0.238658391597703,0.256341357874973
"250",0.163362884525682,0.094714828019944,0.359147188203923,0.217635129941236,0.0727211687760062,0.0924188005332078
"251",0.0802291493032216,0.173856298833607,0.264699070769597,0.0470041127374298,0.129782943627912,0.304428424728232
"252",0.0453208897412837,0.36999436535279,0.0599013007293954,0.06653883845329,0.140519799148061,0.31772480657518
"253",0.0309582636570951,0.00306852883262001,0.239180792551338,0.432113167574093,0.0986383877746308,0.196040859610223
"254",0.185479516213729,0.170663174010622,0.35914076875133,0.181546109968855,0.0860766045723951,0.0170938264830697
"255",0.0457723838628233,0.229426057198927,0.216902676818437,0.0731587319026287,0.219473285497008,0.215266864720175
"256",0.175811961719128,0.276443243830489,0.137024714063199,0.0941635023941559,0.216299697036465,0.100256880956563
"257",0.0341812817211514,0.0532138092472709,0.0274041700643162,0.197460414175585,0.320852557831836,0.36688776695984
"258",0.108350105388867,0.11691952107694,0.0886289255305076,0.154859554173169,0.291895148295266,0.239346745535251
"259",0.148012578416034,0.144659438899337,0.0359342977012036,0.252647006295721,0.132876385100434,0.285870293587271
"260",0.0252297471023018,0.0522020082508508,0.255318361768991,0.280606057406743,0.165716057850474,0.22092776762064
"261",0.102586157769073,0.100134991127871,0.136359543082253,0.269496405857939,0.185283101150822,0.206139801012043
"262",0.0577134485933912,0.309851202063929,0.0413877288231149,0.156935487538235,0.266597569133313,0.167514563848016
"263",0.145012802374287,0.303841992942946,0.00772144620518142,0.229021732629225,0.0173891476338777,0.297012878214484
"264",0.0480579800860953,0.208507462727758,0.203208278264473,0.217914783204903,0.178084865959374,0.144226629757397
"265",0.236720624341165,0.0861455564077577,0.32868427491159,0.0543755618297219,0.184588334718398,0.109485647791367
"266",0.0567118119466845,0.202698966973837,0.198293198490154,0.123277588381703,0.294070790723899,0.124947643483722
"267",0.160503517301474,0.0247329159056143,0.192425091147386,0.0343569210418707,0.321159083156326,0.266822471447329
"268",0.0452261839791698,0.0975182337753833,0.30367739699187,0.0773043919899906,0.229573257983612,0.246700535279974
"269",0.0631704462851355,0.0435532883071827,0.464421361386754,0.0955869087438038,0.0402771188266237,0.2929908764505
"270",0.176244487293458,0.0792867644326543,0.263436242284072,0.241703388347001,0.197422803325183,0.041906314317631
"271",0.132481205309573,0.10835641936603,0.222973895653996,0.080235188936047,0.208309452809385,0.247643837924969
"272",0.158242693149664,0.161359706795509,0.430024094828521,0.0275087684010256,0.115551494820828,0.107313242004453
"273",0.129372896274433,0.0815828445406656,0.21449587759088,0.131576570743343,0.323719307562631,0.119252503288048
"274",0.0558712106552585,0.0356188389790814,0.168233397198962,0.159154856706954,0.282721715970673,0.298399980489071
"275",0.0720381897068142,0.181149555141219,0.080056303528246,0.0407728570150832,0.320134680721976,0.305848413886661
"276",0.216999743489095,0.12657790338795,0.276081677582572,0.0686733044906229,0.101809043231419,0.209858327818341
"277",0.0734698223953778,0.166311288709494,0.110972035930731,0.10303331443158,0.364408071580763,0.181805466952054
"278",0.0441570092685369,0.244479555843049,0.0308325808134806,0.220017495990041,0.0732704023791574,0.387242955705735
"279",0,0.183834293171061,0.355775559665167,0.116015237991883,0.0121298606867969,0.332245048485092
"280",0.21447497691287,0.322830164030159,0.0512586168253582,0.094881796162866,0.0599452841373229,0.256609161931424
"281",0.113484398161325,0.176044804962641,0.129822660341412,0.153703916225096,0.16683355674242,0.260110663567106
"282",0.144198529168026,0.159961278551247,0.311305737132853,0.0976376825500038,0.0224276995452087,0.264469073052661
"283",0.131807077620404,0.314621917498256,0.0497779888195984,0.134657629147465,0.0940246453373736,0.275110741576903
"284",0.00695167712390317,0.179694936761587,0.154598357263332,0.305715920457444,0.18485575084695,0.168183357546784
"285",0.153894862244989,0.0264822143245919,0.203453663180038,0.332574860411323,0.0368032021444953,0.246791197694563
"286",0.047258806562168,0.0605517932873421,0.204153062313848,0.155343986950623,0.15488548067463,0.377806870211389
"287",0.192954190021037,0.306035234524541,0.0888554225287645,0.0788147051129406,0.297043007692312,0.0362974401204057
"288",0.17859614770428,0.281288702348437,0.0114594981297962,0.156346595608956,0.0821483869536049,0.290160669254926
"289",0.0787426396418828,0.276378864650488,0.00700420887562107,0.276281009150225,0.232143687406409,0.129449590275374
"290",0.160239271326524,0.169396910226061,0.081334820483047,0.103050585038124,0.115796985087816,0.370181427838428
"291",0.155221435552717,0.142288527934879,0.0817766190528329,0.237073247478044,0.113264373476898,0.270375796504629
"292",0.146556733561361,0.371387322038023,0.00554806299202847,0.139261066913431,0.0517927913990835,0.285454023096072
"293",0.154288899966562,0.133406554036687,0.177705591587964,0.26261008253197,0.11757352952823,0.154415342348586
"294",0.179323735199267,0.113697926519735,0.128577739749937,0.096645486587108,0.196160368911283,0.28559474303267
"295",0.00493479734284246,0.206710272407807,0.317647419629529,0.0702321796884964,0.252007156712248,0.148468174219078
"296",0.123719960794186,0.122863258506293,0.297539129355003,0.125399619960831,0.0475881837321111,0.282889847651575
"297",0.127298808118899,0.260340438075173,0.115965220488529,0.130873053833651,0.223155445675734,0.142367033808014
"298",0.033027082330817,0.0225105881954659,0.318367739039467,0.267846834244222,0.194306721604743,0.163941034585285
"299",0.0529332694919856,0.199454579177576,0.342109609566633,0.253587984245675,0.0596937469173867,0.0922208106007441
"300",0.164818168305423,0.287196237747545,0.295651517284514,0.0682623897406516,0.100023823649176,0.0840478632726903
"301",0.0716073901102727,0.0463277591428755,0.346614693392873,0.121399974700267,0.0120677534939635,0.401982429159748
"302",0.0826322577599648,0.233568509938903,0.274986288681949,0.0845697038460511,0.13184429733989,0.192398942433242
"303",0.09974117118008,0.272419599757572,0.168039329600152,0.0842790071042151,0.245840222428351,0.129680669929629
"304",0.0922090880065071,0.261005874442078,0.238452987920941,0.0452472735781938,0.216942901117676,0.146141874934604
"305",0.14010496385265,0.105061238148977,0.14456038068901,0.335446507959424,0.106724735594299,0.168102173755639
"306",0.222433386773308,0.0787814725451804,0.0390474895886481,0.333355976514839,0.179988801512356,0.146392873065669
"307",0.113266746389272,0.110281320424742,0.0823660340794179,0.11693266646422,0.254893575995205,0.322259656647142
"308",0.101844995976397,0.178735394867787,0.140834410786696,0.151670565498969,0.10768280314526,0.31923182972489
"309",0.107640755289225,0.235000756427114,0.0483630284668255,0.0967084389420231,0.217855085369893,0.29443193550492
"310",0.137073289944261,0.190775072518054,0.0528054106722991,0.0180756838039246,0.270398612296986,0.330871930764476
"311",0.0925973798715628,0.35524990940513,0.110041828859984,0.0704812556695424,0.312048901525774,0.0595807246680063
"312",0.023441664212605,0.276925652685303,0.263702220242209,0.0482899672385954,0.261997798080554,0.125642697540734
"313",0.0587213725488522,0.433165992828699,0.249015626732948,0.0698728880996377,0.0612265853447709,0.127997534445092
"314",0.182870298701306,0.100842317920127,0.386527055058694,0.137224454618848,0.1656449667993,0.0268909069017253
"315",0.0557351007181949,0.286445180069894,0.222897955146311,0.046601633011309,0.129757645480602,0.25856248557369
"316",0.287786536287343,0.108888920613486,0.244904937210433,0.121362562389623,0.0279863189658807,0.209070724533234
"317",0.144422806574604,0.285502040193441,0.0625039290446084,0.173374655496578,0.246302930223724,0.0878936384670442
"318",0.0655777762607022,0.214361726463134,0.279660512997238,0.105453162434705,0.169774056393863,0.165172765450357
"319",0.115801046565945,0.265311735464885,0.0910215192502272,0.149457527926013,0.14257427889625,0.23583389189668
"320",0.116478436498078,0.168878571400325,0.266978664888256,0.178825546218646,0.176609808647068,0.0922289723476272
"321",0.157457436866312,0.194207787944184,0.176758016217023,0.0697574779572321,0.288472603965694,0.113346677049555
"322",0.129413626953322,0.242477056190122,0.106373419708076,0.203032108450137,0.288568785736624,0.0301350029617186
"323",0.0909779474382054,0.224302858535848,0.232957982378348,0.172526002723027,0.196034972610326,0.0832002363142457
"324",0.0615846376559007,0.214228102134663,0.0734724158341017,0.289105045220919,0.199683443439333,0.161926355715083
"325",0.0118916146978574,0.186654335627934,0.211545706905445,0.268440076200828,0.0255773105262983,0.295890956041637
"326",0.0931066271262052,0.117430913760913,0.104223527820148,0.192337455244302,0.100298443332148,0.392603032716284
"327",0.225780837041703,0.148757201874446,0.107005775977129,0.170133392670563,0.235532571956509,0.112790220479649
"328",0.337279185667927,0.118156858050601,0.176741586287736,0.226244629038282,0.10703220417418,0.0345455367812737
"329",0.135829104592698,0.130002599761799,0.113293486076478,0.266220167197902,0.209235360406856,0.145419281964267
"330",0.104612293525967,0.182272667373571,0.119827728213465,0.235344604449359,0.214799249408955,0.143143457028683
"331",0.142439559674504,0.119719802128729,0.244691814181857,0.294526218638578,0.0298893801228138,0.168733225253518
"332",0.0750699637426306,0.354691644925585,0.106746403410798,0.257372320197802,0.190150420955945,0.0159692467672394
"333",0.184748495238083,0.0736635039700736,0.141473277862184,0.271834324937407,0.15817235250004,0.170108045492213
"334",0.184767658517378,0.191124131339443,0.127993360711913,0.212391509531962,0.120197713649717,0.163525626249587
"335",0.124637712559049,0.166319177484516,0.242536048227371,0.150740896827373,0.129320485607827,0.186445679293864
"336",0.189070960044211,0.24506046243966,0.121165308778861,0.230243335216113,0.0405509405190931,0.173908993002061
"337",0.0228307635663621,0.482148807920437,0.054178776753214,0.217979948499465,0.032000080550507,0.190861622710015
"338",0.000929480830846158,0.20451922789713,0.227996615472707,0.155071948195864,0.134572294617612,0.276910432985841
"339",0.183159911927841,0.354890595363914,0.166501493852234,0.213639015991104,0.0598782002715899,0.0219307825933176
"340",0.103483744322397,0.142017913429012,0.0116534563099396,0.34632798856826,0.063596507349187,0.332920390021205
"341",0.114431710657597,0.0623488017930431,0.217782013006171,0.0378730168049743,0.355819983383232,0.211744474354982
"342",0.169125713888677,0.219225697394274,0.184972647224152,0.160077393635077,0.0805140079385384,0.186084539919281
"343",0.223889060793747,0.293876554215268,0.0450090721919938,0.150761532433014,0.13620597857208,0.150257801793899
"344",0.046130892417149,0.173576177656582,0.0371520281860012,0.158288517080584,0.346155989731561,0.238696394928123
"345",0.15890474505486,0.0774613114723611,0.416528559519251,0.0725397515311502,0.11246432729794,0.162101305124437
"346",0.177645602690509,0.330137150650081,0.0621859941224146,0.163428446409987,0.127203476273946,0.139399329853061
"347",0.061703307526055,0.298189157581585,0.0117853427563473,0.27763417846973,0.0694986620748343,0.281189351591448
"348",0.166394616024063,0.320900674232024,0.097933073527161,0.120133296518181,0.145222762098188,0.149415577600384
