"","neu","NK","CD4","CD8","B","mono"
"0",0.0583661024624491,0.295817938606606,0.305377465940281,0.250250876885673,0.0778240053059602,0.0123636107990304
"1",0.0568328374612414,0.0741903331939036,0.152089997822476,0.242901633907093,0.230372940793557,0.243612256821729
"2",0.0552687721155556,0.0575682592482547,0.284971006678679,0.117849385848142,0.120945939473709,0.36339663663566
"3",0.120379036300708,0.205179837429727,0.1445978363918,0.0993436937112272,0.210979525253413,0.219520070913124
"4",0.105360943653961,0.0828941670392994,0.498349995800172,0.228123383447833,0.0404698144492457,0.0448016956094889
"5",0.143204288072719,0.104565571302645,0.319750203610357,0.30374318058179,0.0708238314004859,0.0579129250320029
"6",0.105650505181693,0.317768782739984,0.140168350721361,0.210459992274451,0.190833186621417,0.0351191824610955
"7",0.102792938290242,0.141617794833441,0.212434043425894,0.309105212817227,0.185483293305077,0.0485667173281201
"8",0.0680478807086346,0.154991966556715,0.27623174548855,0.0325707988520208,0.185842514814956,0.282315093579124
"9",0.0902023567385903,0.161702486258341,0.146521566517779,0.0919601080954436,0.107151802195181,0.402461680194665
"10",0.0994230351657509,0.0731783567127132,0.264843273421524,0.0732454108581491,0.195062955153716,0.294246968688147
"11",0.197780687088373,0.028084926180863,0.131407524264077,0.158753253321709,0.29210866584532,0.191864943299659
"12",0.0690196805815908,0.174911146546502,0.187392514409476,0.385799556037191,0.166472737669371,0.0164043647558698
"13",0.141332795546111,0.231906929364738,0.209808496891333,0.176652758013271,0.163371293167602,0.0769277270169458
"14",0.132075480144808,0.342059048497829,0.0777119538214724,0.118320408653055,0.299050508267239,0.030782600615596
"15",0.0282182745166976,0.227206761370612,0.249641409970412,0.220987370586591,0.242568958030567,0.03137722552512
"16",0.0116536166600077,0.216504520312681,0.371464571321409,0.282772736098077,0.0759022920202551,0.0417022635875696
"17",0.147281073774688,0.199797848043108,0.0442544500794931,0.259076972344061,0.145071132665688,0.204518523092962
"18",0.17540172874737,0.0325047707921136,0.276716440975435,0.292211733612342,0.109442912442959,0.11372241342978
"19",0.0588129045694935,0.161085967386251,0.167221674475969,0.149449699456693,0.162180892065917,0.301248862045676
"20",0.0456969975960598,0.107811778732359,0.17271466938079,0.347918566229039,0.0752854622511113,0.25057252581064
"21",0.100077960217082,0.16719125989464,0.168379156274397,0.127622558461611,0.221513873186416,0.215215191965854
"22",0.147341069252037,0.260646956645937,0.171610671164477,0.067784481195448,0.0406906273471126,0.311926194394987
"23",0.0748599479071565,0.321533149462739,0.230387659843396,0.0820585397638898,0.1877689519248,0.103391751098018
"24",0.121941024380673,0.335642617499386,0.0745437144102152,0.170592166846211,0.222943880783391,0.0743365960801238
"25",0.08855852419854,0.14780868034857,0.135662466748228,0.243937977978903,0.256000232511782,0.128032118213977
"26",0.167392435825551,0.0596562850313087,0.113443217433203,0.168725597588598,0.194926854045897,0.295855610075441
"27",0.154018240062447,0.201701524517936,0.222399416074621,0.186172065193018,0.0513272912971599,0.184381462854818
"28",0.0976419488231742,0.0937897111617492,0.224344461651763,0.184049428930699,0.206582384061817,0.193592065370798
"29",0.101499062953779,0.207917276063061,0.239858924273751,0.040148480225337,0.133895770721501,0.276680485762571
"30",0.0895934385878563,0.265800441809014,0.0248032096855702,0.076125966599516,0.145210689210391,0.398466254107653
"31",0.11731529943114,0.166033152553783,0.180311201962913,0.121303070756653,0.304944752211819,0.110092523083691
"32",0.19947230254295,0.229635237514006,0.304764210812834,0.0329623252607063,0.0244129222126532,0.208753001656851
"33",0.0225227493288138,0.00701641059389236,0.337162241194991,0.246240134848951,0.0986427555517186,0.288415708481633
"34",0.0938695343206498,0.10745444008439,0.321182208664568,0.147384433525081,0.210073719225143,0.120035664180169
"35",0.156588968389682,0.0592233218710094,0.181013274520075,0.0978069166431407,0.240146634588232,0.265220883987861
"36",0.0137033772218331,0.275296877360734,0.204558101935405,0.139309455548219,0.24970009346375,0.117432094470059
"37",0.116934280737877,0.200171206872189,0.0484981737169055,0.217991447083898,0.189510298139807,0.226894593449323
"38",0.17542426769434,0.214072562200562,0.150306892986547,0.332581898944117,0.0756068619516673,0.052007516222767
"39",0.0325699476763363,0.232962826629413,0.268401122188747,0.0624027553580704,0.20274932530357,0.200914022843863
"40",0.0719765186289614,0.0444977639864602,0.0314464361730595,0.0802396700772821,0.292065560485185,0.479774050649051
"41",0.0618566782306512,0.0726284990278129,0.00911689872267266,0.247465404465335,0.277462842429417,0.331469677124111
"42",0.111489464972571,0.284279180738576,0.0505155229683791,0.275443566396211,0.0764210902448159,0.201851174679447
"43",0.182669744803398,0.249024252383036,0.0947549568030022,0.21550414416527,0.21405689248481,0.0439900093604835
"44",0.151610266544509,0.0565688239423912,0.202940787487534,0.231833949984185,0.168036759176891,0.18900941286449
"45",0.0218690708425994,0.133075904919195,0.069258933089117,0.214852356294054,0.380619300736402,0.180324434118632
"46",0.16523542336183,0.169837260908218,0.24081011216239,0.193364629024357,0.11797307059492,0.112779503948285
"47",0.136076783306826,0.180301122007758,0.197613205924216,0.141398857345047,0.199449443023964,0.145160588392189
"48",0.115174296477472,0.0325247505164305,0.218477115447466,0.389008075152099,0.110755311237422,0.134060451169112
"49",0.0991393282981284,0.138900276016447,0.128192218101324,0.289874450170519,0.159116502271816,0.184777225141766
"50",0.100468358130736,0.202511075035773,0.0960492158474283,0.206529716451996,0.215513604387981,0.178928030146085
"51",0.203730994246559,0.122068425811567,0.411471838784938,0.163557511648786,0.0209974973192881,0.0781737321888615
"52",0.116616568396404,0.0699217348268513,0.141958936207998,0.0275926290386774,0.198388586610446,0.445521544919624
"53",0.0479683326967006,0.134482405512464,0.0955421984766201,0.177182381797926,0.293412161379754,0.251412520136535
"54",0.219683129119562,0.27642720042661,0.0274490685338327,0.047713270574759,0.248002236406325,0.180725094938912
"55",0.128697663388675,0.0280793936532368,0.374679594757797,0.0428140307193479,0.143186537219607,0.282542780261336
"56",0.0139138809870955,0.26623430863539,0.276330380441824,0.284480207959152,0.143665917735528,0.0153753042410099
"57",0.068186918616747,0.17007961735926,0.0913050992998094,0.218191071434549,0.209549503186649,0.242687790102987
"58",0.0733579329874422,0.145887035600032,0.257397760352553,0.12359524059293,0.0953880985873599,0.304373931879683
"59",0.0276542867594835,0.287437842134503,0.389508505103462,0.230843898035745,0.0209718540713552,0.0435836138954511
"60",0.127631965618398,0.325099441441681,0.0263216984610212,0.134717946892589,0.264091850028237,0.122137097558074
"61",0.177449128391057,0.221041609750081,0.233298561617139,0.138488003464193,0.0457645780417971,0.183958118735733
"62",0.0772016463781236,0.168050640566396,0.141029939216798,0.169948704686347,0.206837842818616,0.236931226333719
"63",0.0852395501349229,0.102552133728918,0.360857875142335,0.189929092050757,0.086196195428853,0.175225153514214
"64",0.0181373332404944,0.032581230094576,0.29243315319302,0.408527362467457,0.202227737371141,0.0460931836333121
"65",0.0824440136286499,0.382993125095435,0.314171629113578,0.0431883635518662,0.109898728215122,0.0673041403953496
"66",0.114731825699657,0.223848654426143,0.191947246627075,0.23091888785398,0.0767021452598994,0.161851240133246
"67",0.200978094370302,0.104743795979424,0.231170527527534,0.0714811842276336,0.350117776763997,0.04150862113111
"68",0.219469124458439,0.137902774815827,0.0572896637290626,0.0532563762871322,0.139523254423673,0.392558806285866
"69",0.1163976485153,0.118022990396131,0.0602925613565006,0.267663082913068,0.248368823218593,0.189254893600408
"70",0.207418363454458,0.11898726047048,0.175789101307553,0.0670555091461599,0.16415988146138,0.266589884159969
"71",0.0804265669988478,0.412760778874238,0.0786014141738714,0.214094839991929,0.196416746992228,0.0176996529688851
"72",0.104601210786781,0.311914598426155,0.0483810931236375,0.0550851939977131,0.201936323609243,0.27808158005647
"73",0.00280666798694627,0.057987659958695,0.139465474184146,0.270365847126532,0.267693877523722,0.261680473219959
"74",0.153923516402748,0.295805309574902,0.33282154800393,0.114657577524181,0.0847611296339267,0.0180309188603132
"75",0.126465631420857,0.186449359745239,0.143966321791041,0.0657157799354954,0.158928199039817,0.31847470806755
"76",0.0821085236548099,0.270496495429371,0.225418979185777,0.314696996122103,0.0579892412252332,0.049289764382706
"77",0.213574034192423,0.0488853234790211,0.0527795993577124,0.176289655868776,0.172974097930224,0.335497289171843
"78",0.123006962829982,0.19237433854574,0.264693094307492,0.0507495831206243,0.162978716566957,0.206197304629205
"79",0.156470233216327,0.168242746064598,0.24656533126123,0.225446589695248,0.12602309627557,0.0772520034870261
"80",0.177329416524501,0.120174686951358,0.3244355921724,0.124240797556824,0.194050666165936,0.0597688406289813
"81",0.0578618846974121,0.14652786413113,0.278003317372947,0.206113073633523,0.132902196938586,0.178591663226401
"82",0.117986208254495,0.152215129950179,0.174563330694933,0.15876251847368,0.223393736066231,0.173079076560482
"83",0.0834956238482879,0.206270531423384,0.142669437979035,0.149824818935104,0.343609300468069,0.07413028734612
"84",0.17342438028266,0.236036290102837,0.167303314592577,0.0465172952864891,0.0237322522351113,0.352986467500325
"85",0.118348907849697,0.307931165398135,0.0265908231128776,0.0903745336448927,0.26912692324444,0.187627646749957
"86",0.19100820511099,0.273921134420761,0.149319816896152,0.0467907104378683,0.200684043752823,0.138276089381406
"87",0.135676198438144,0.133926242992338,0.17699365235997,0.337837338979576,0.039338649320936,0.176227917909035
"88",0.177824269262007,0.327785796643527,0.335537368239176,0.0426912209266593,0.0311331850296473,0.0850281598989836
"89",0.0701200639006642,0.163105247594349,0.467640381047553,0.127262762082521,0.0205694855895102,0.151302059785402
"90",0.000293409122786034,0.18947488288545,0.208820227162135,0.0997006122297495,0.195815282146547,0.305895586453332
"91",0.0416010712633246,0.0485596039678375,0.19382424013338,0.329386048968416,0.080447710073387,0.306181325593655
"92",0.109188524074672,0.398221628716862,0.118582080051947,0.0377021539279883,0.0681211229265518,0.268184490301978
"93",0.163629324368467,0.112255308640228,0.225006140996845,0.0274337679442146,0.204305532456883,0.267369925593363
"94",0.135585588437977,0.0542372416099552,0.145194031506547,0.199755680112036,0.13077322882749,0.334454229505995
"95",0.15300961547436,0.175976254662502,0.0519192321530113,0.246268624231658,0.145660052067391,0.227166221411077
"96",0.0248182214404211,0.220157259593619,0.0366095553644263,0.325528965191142,0.361616730833615,0.0312692675767771
"97",0.0153542592742841,0.239996206960286,0.144832273849032,0.266559561613079,0.207043505816539,0.126214192486779
"98",0.141183696660366,0.200358126562737,0.0799416924360401,0.166220646812967,0.21768561647767,0.19461022105022
"99",0.0598333148448165,0.0384834588863829,0.0554576393696166,0.266443966016712,0.253352649238663,0.326428971643808
"100",0.117193943020882,0.0611937417193949,0.247645367919746,0.238796198429509,0.13947415661351,0.195696592296958
"101",0.111373944509952,0.0920337998892569,0.220688122294359,0.0369656769047931,0.141601376552338,0.397337079849301
"102",0.164982367356604,0.0167692145914796,0.32569055954329,0.113282768275791,0.123027883988991,0.256247206243844
"103",0.147154975441004,0.248298596647665,0.211426969990775,0.134424623957387,0.199397027986041,0.0592978059771285
"104",0.100205551178533,0.225165507382574,0.161918940613973,0.0438125468938664,0.36140398875661,0.107493465174444
"105",0.110281443426079,0.0976701305683497,0.250162449161775,0.182795096215459,0.168893889597531,0.190196991030806
"106",0.117210627772488,0.468879639535169,0.231872774030294,0.075095350942887,0.0437050378067685,0.0632365699123938
"107",0.114266505025032,0.165171465017453,0.165561627328406,0.0992879388605934,0.173042814661353,0.282669649107164
"108",0.10102030307517,0.25000817149328,0.21047535653736,0.0709519722305375,0.169620019462384,0.19792417720127
"109",0.121110360975685,0.293662212448469,0.0397136717067952,0.149585721714238,0.147171174743882,0.248756858410932
"110",0.0251762326712898,0.333754644615498,0.225574226714646,0.185106920345875,0.168477243964044,0.0619107316886471
"111",0.0943066163599228,0.0613690452362894,0.238031680398592,0.215219806389399,0.137577339565284,0.253495512050513
"112",0.254508152071708,0.151251146441172,0.072042292020554,0.286432069469248,0.0755925821794552,0.160173757817863
"113",0.153512115482955,0.0170229231781544,0.218963833398551,0.28625142007803,0.0868329502723439,0.237416757589965
"114",0.126192549566452,0.208470431175442,0.186577776761411,0.25579351487143,0.159385499971555,0.0635802276537094
"115",0.259882151588168,0.0560673690122507,0.133344047783873,0.24528928760919,0.0333673036726903,0.272049840333828
"116",0.162040942023376,0.305941841698651,0.0464172939635168,0.0409097565472985,0.0887962874968712,0.355893878270286
"117",0.123011224611685,0.203970384574808,0.239682360078648,0.0618700839842549,0.109237040969091,0.262228905781513
"118",0.0504485433739636,0.161129103986906,0.312224610376554,0.0316850655958153,0.200829460073886,0.243683216592874
"119",0.128734160586022,0.306652408793442,0.118086341688468,0.0993134533688195,0.274844217679985,0.0723694178832643
"120",0.140238206608373,0.13303453719746,0.288685945664456,0.209162499054172,0.197033561994259,0.0318452494812809
"121",0.0878011381695717,0.188507844815116,0.30567252038904,0.0354232254729622,0.223287608305549,0.15930766284776
"122",0.049729671724339,0.0361981846262284,0.0320749721021664,0.202649332699949,0.323905412212653,0.355442426634664
"123",0.181921010087847,0.120582477368545,0.155897731122777,0.167924003938854,0.17477405033331,0.198900727148667
"124",0.128695673519101,0.0151853243275162,0.299365274259667,0.209855032332493,0.106918899204924,0.239979796356299
"125",0.117027685666826,0.156842221026296,0.246868563715014,0.18334491947552,0.135081339211155,0.160835270905189
"126",0.210248990182518,0.150559142737693,0.28146525454066,0.279682137309206,0.0228107935083848,0.055233681721539
"127",0.119545957056836,0.252636418630325,0.194323043402065,0.0731275448827046,0.104821004893111,0.255546031134958
"128",0.0622619268684197,0.0970677439711107,0.240282061645244,0.0406829112524872,0.250355100334161,0.309350255928578
"129",0.19482202005749,0.17601996369685,0.177847718279928,0.185436875241253,0.0583958906409342,0.207477532083545
"130",0.191026811976747,0.331674508826317,0.147207117821868,0.0668338048810854,0.21733418786635,0.0459235686276327
"131",0.11811657395872,0.126620172702677,0.179716196307494,0.12825349900115,0.194869121027791,0.252424437002168
"132",0.227269048498986,0.197849973356148,0.335880793501972,0.154827135236955,0.0397358770320413,0.044437172373897
"133",0.207647528334862,0.21083184821995,0.224930589572077,0.271009615509304,0.0693502226617716,0.016230195702035
"134",0.125185213034077,0.174194348508225,0.0660070432221501,0.151873248778087,0.243747941895013,0.238992204562449
"135",0.0640270341969113,0.016430377225006,0.389351634738938,0.0837522314951869,0.102839914491653,0.343598807852304
"136",0.0570859911629985,0.218420982809157,0.231095411272263,0.237868065969151,0.200833346783096,0.0546962020033345
"137",0.0233955555126789,0.24873178698335,0.0895525471667841,0.351296733274375,0.278846548080593,0.00817682898221952
"138",0.0962467984472718,0.163615464360825,0.0073253440028635,0.0752484003493414,0.131955940533449,0.525608052306249
"139",0.208373754852407,0.0379339769462921,0.349593422103237,0.166205020782606,0.124594219933059,0.113299605382399
"140",0.0763992970108623,0.252593867766019,0.284014057259621,0.208646859611429,0.0331403218435588,0.145205596508509
"141",0.11511759791179,0.0626111946326614,0.23969266871702,0.210215473090869,0.175030987113564,0.197332078534096
"142",0.123033651900456,0.19534020911996,0.195389454694737,0.201763831992396,0.241052670555639,0.0434201817368138
"143",0.139787239132887,0.219691990618891,0.300539817715942,0.132655202872413,0.0807524316985895,0.126573317961278
"144",0.0651858932091561,0.0763944048953191,0.20977360025969,0.127334139220898,0.317307146978056,0.20400481543688
"145",0.144472037858696,0.033134892953395,0.269655460988957,0.0918002978013158,0.287418796799523,0.173518513598113
"146",0.0136677522162574,0.261687711018783,0.0931392412622251,0.246490421221955,0.230101266715432,0.154913607565347
"147",0.128518505755867,0.227750575437066,0.0148719107521025,0.127842084302879,0.101875220175049,0.399141703577037
"148",0.214168810072712,0.0733245655715073,0.151240089531662,0.0633342826219709,0.333954410437241,0.163977841764907
"149",0.131985355116372,0.0449923030862406,0.607123798470958,0.00758069729369178,0.0830989001994293,0.125218945833309
"150",0.266972963056542,0.0419203184309231,0.190248303414777,0.186129559718843,0.171576302383638,0.143152552995277
"151",0.132710926549958,0.140448009993605,0.295344777728112,0.235529921676587,0.128524578122167,0.0674417859295708
"152",0.0206863883815626,0.0459582183756985,0.331625093759515,0.269944742704723,0.324299591297606,0.00748596548089497
"153",0.0896832281553012,0.0994644210214776,0.32506607948282,0.33071281371108,0.121608930857992,0.0334645267713293
"154",0.100701804438952,0.25448406251145,0.0352192596085178,0.0713754391933894,0.126873411177328,0.411346023070363
"155",0.204417578922108,0.231145976051914,0.0707658901809963,0.342803031834425,0.0594412851932713,0.0914262378172853
"156",0.0241886181595853,0.236221674836252,0.258961599565785,0.194877512759159,0.0563992628430554,0.229351331836163
"157",0.0627625878909994,0.041276991904587,0.335452818178894,0.27173216099716,0.095322234285425,0.193453206742934
"158",0.120346984234472,0.182596040771186,0.358318692149353,0.224952321644785,0.0791180383444646,0.0346679228557394
"159",0.0855705831147148,0.0525334752593168,0.347638499866142,0.282950267941014,0.117570528711237,0.113736645107576
"160",0.00967870485372448,0.126234777549004,0.216216465240465,0.317916341675301,0.177591032742203,0.152362677939303
"161",0.169726783249397,0.3135591823358,0.191516671680169,0.0749756148977474,0.22970469362774,0.0205170542091471
"162",0.188999373066748,0.0550646785761662,0.236987145620024,0.209251526603487,0.211296813917757,0.0984004622158179
"163",0.218545407453474,0.116336711883555,0.147957128221023,0.137167809775054,0.104500907874358,0.275492034792536
"164",0.0536209135887826,0.235931501415158,0.261962489972438,0.193190721826805,0.16933867181079,0.0859557013860262
"165",0.0656094596129077,0.133524395039286,0.331359361197214,0.0092018459811154,0.214116079855504,0.246188858313972
"166",0.13939660841416,0.306041525125957,0.0737852582144066,0.108816948151136,0.320088126049645,0.0518715340446961
"167",0.121398017690692,0.187030854881269,0.201486155949837,0.1937713950498,0.123688182031923,0.172625394396479
"168",0.0075195967832408,0.116314703926251,0.0105556032342281,0.223637176410597,0.217489547533587,0.424483372112096
"169",0.0614047169297482,0.143194645265596,0.244953572779968,0.2764574327424,0.144824910579178,0.12916472170311
"170",0.0369578377025547,0.0763404132634987,0.15763769005027,0.109386272945867,0.440587906283679,0.179089879754131
"171",0.0799812534142002,0.0322635287551687,0.403772807900225,0.309779115245736,0.17420329468467,0
"172",0.220190180518351,0.181982719005135,0.080728847627915,0.20159385626756,0.243972746249156,0.0715316503318836
"173",0.0630635911825111,0.0531265746387146,0.381522714540464,0.157444096580906,0.263754262030079,0.0810887610273245
"174",0.134684275260044,0.247040458738191,0.209459852676864,0.225901948231565,0.117067562732945,0.0658459023603916
"175",0.140187624894362,0.129946076115967,0.204375207501732,0.16748799233299,0.22971328507831,0.128289814076638
"176",0.0418331235202804,0.0328435168500446,0.352622259603908,0.204469465765041,0.224689365903242,0.143542268357484
"177",0.0864530905531442,0.167407750104061,0.305757935665051,0.104126422673432,0.159268213903399,0.176986587100912
"178",0.053411036982941,0.232362431899312,0.266031465089197,0.266954416541007,0.0883629793163386,0.092877670171204
"179",0.10499755855134,0.160329878964036,0.290093578623358,0.110692030327194,0.170327297775585,0.163559655758486
"180",0.0826052976699986,0.100378892114821,0.130398721265193,0.0905421370385716,0.102294434417637,0.493780517493779
"181",0.100142770711418,0.166938528711732,0.314921401573063,0.289238695026557,0.0114670201404754,0.117291583836754
"182",0.105646646508213,0.0333253608333858,0.229781720851812,0.293273953734544,0.0248770627578574,0.313095255314187
"183",0.0871446006836638,0.0318835582808988,0.125393668057324,0.256107680894958,0.198666865608272,0.300803626474883
"184",0.00821216549374933,0.307175557614291,0.132711647134545,0.295033322769363,0.0731623517142157,0.183704955273837
"185",0.121047843337552,0.150612499810161,0.22152176886309,0.187257768265176,0.246124259995232,0.0734358597287897
"186",0.120224449562172,0.143314454242858,0.296876373645864,0.238669153974545,0.141600871947556,0.0593146966270049
"187",0.0808228727843358,0.13962922834157,0.263994698489622,0.173945935351878,0.0875287016006236,0.25407856343197
"188",0.103694136464979,0.242757930538064,0.14471880921487,0.149839000301419,0.0661434547278798,0.292846668752788
"189",0.12105051621999,0.244242092502064,0.294460725053626,0.0905346156606421,0.0388053254346622,0.210906725129016
"190",0.15865161074632,0.0408666358316572,0.0942561807333653,0.277006688367608,0.15243067704227,0.276788207278779
"191",0.0328292859875701,0.0999153410237461,0.375248422969966,0.21632972264336,0.138288863371833,0.137388364003524
"192",0.128352362266923,0.107345187550032,0.194423241092846,0.181092715401206,0.205158669957106,0.183627823731886
"193",0.250268746262352,0.148994836315412,0.0956555180447956,0.296707852793764,0.148434214198539,0.0599388323851381
"194",0.124462195219487,0.170839377899659,0.218302724223614,0.15699572219324,0.188392183460285,0.141007797003714
"195",0.0834361742206873,0.254437385520068,0.202085262149055,0.0752120796164958,0.149655616640139,0.235173481853555
"196",0.0951056630545777,0.244838869605573,0.199614669213966,0.0913002555008396,0.249784294662404,0.11935624796264
"197",0.116597582211858,0.114429410170703,0.214782819503366,0.219523292363282,0.241057378945585,0.093609516805207
"198",0.0282914480119234,0.308585962502089,0.364593005830168,0.230742765338822,0.00680783136655697,0.0609789869504415
"199",0.0396411779146916,0.263579067698436,0.204365230854863,0.17965143703839,0.0767704264084614,0.235992660085158
"200",0.0961770926273917,0.21053216856388,0.0365979688760447,0.217337769713952,0.154777390438353,0.284577609780379
"201",0.057726713786213,0.133942740441325,0.262720594431328,0.183664484037132,0.113708141539459,0.248237325764544
"202",0.162533984669028,0.244478022493812,0.225773211820718,0.0896803100619254,0.230697604457411,0.0468368664971059
"203",0.0597247102418203,0.141066771505468,0.158080647009883,0.201279053693658,0.187781907180169,0.252066910369002
"204",0.104207255979322,0.0474776304920487,0.246790714187543,0.0394148932968784,0.339533180976695,0.222576325067513
"205",0.0127169705339413,0.243916210437481,0.327118922145637,0.040138071563425,0.179880072921272,0.196229752398244
"206",0.0471638802139312,0.226175455146754,0.226307072257187,0.133825786356988,0.140365969462934,0.226161836562206
"207",0.0274634367440042,0.285844397168615,0.0296887884460198,0.289005889861629,0.0373186960966361,0.330678791683096
"208",0.137319095062105,0.0953632760862006,0.0670737205802365,0.084973753437593,0.313091902402749,0.302178252431116
"209",0.0804479474173445,0.10647990560946,0.0788775590184249,0.325356158547485,0.237721856027837,0.171116573379448
"210",0.162102761405376,0.261883816641173,0.106993027724084,0.260997276809053,0.120145227501506,0.0878778899188066
"211",0.06174029489668,0.231570419791538,0.143446013946331,0.241605979661488,0.0806179156439623,0.241019376060001
"212",0.0684257444691661,0.125338915605916,0.310752177036482,0.125476026795151,0.25369304444283,0.116314091650454
"213",0.0733585361087181,0.151925985984824,0.308035018372652,0.0657842644773035,0.132792856295754,0.268103338760748
"214",0.15512109834998,0.266906097185401,0.216753447072913,0.155159904651177,0.118906318910357,0.0871531338301716
"215",0.164744655366024,0.193990765893845,0.170196053502714,0.213552423893087,0.234565439643761,0.022950661700569
"216",0.0138438120301451,0.188253495994805,0.135639736324062,0.236409111255635,0.285195815741294,0.140658028654058
"217",0.0818957564766097,0.0435759343668499,0.280379470532568,0.209544985780998,0.182457535396756,0.202146317446218
"218",0.148306440290099,0.118315894906718,0.369019277352332,0.0211364375667423,0.327397388108133,0.0158245617759768
"219",0.0615560188375825,0.0250314234520742,0.331109224185309,0.0546378988895475,0.229615065286532,0.298050369348955
"220",0.148393774064788,0.179137456285297,0.211133349747235,0.100034388742992,0.156408516543806,0.204892514615882
"221",0.230766544511874,0.452540662124593,0.024872966893925,0.0765001008448589,0.180204037444294,0.0351156881804555
"222",0.133824516381519,0.190017047304027,0.26697459981659,0.0872749357798487,0.184663703050948,0.137245197667068
"223",0.13008601570632,0.0444670704647732,0.247994175439077,0.145929376827288,0.189574671348308,0.241948690214235
"224",0.133802356710345,0.192859628801193,0.338296621699741,0.0295329421926207,0.226976468109936,0.0785319824861648
"225",0.065993089773512,0.331934260493972,0.185163902908988,0.240775467028146,0.1569376207017,0.0191956590936809
"226",0.0831046646665264,0.128021957672908,0.23382827292037,0.138459195312792,0.188283557019353,0.228302352408051
"227",0.174905881302487,0.134226509812698,0.20324495340103,0.0858933618162279,0.18414365637781,0.217585637289748
"228",0,0.00887175088019403,0.616993274672429,0.0651856354373057,0.0552064345473511,0.25374290446272
"229",0.211293840723744,0.0709625004187959,0.196645890552586,0.215007539170837,0.192736964042221,0.113353265091817
"230",0.159411399662034,0.122367923974993,0.320941142769952,0.132891878578356,0.189375982326986,0.0750116726876802
"231",0.116607123405718,0.238448687078259,0.0916704854457001,0.252818446579178,0.0577419547450535,0.242713302746092
"232",0.053301048728364,0.281530639917518,0.292231459796734,0.0636930967839448,0.272213969073144,0.0370297857002956
"233",0.0455725708682038,0.174579642029266,0.319145011729457,0.202603242213496,0.114978618954921,0.143120914204656
"234",0.0584526758829091,0.0962019170878144,0.190841898899993,0.270912397626114,0.188618763316717,0.194972347186452
"235",0.105697218163511,0.257281830544785,0.297224789717529,0.0418691334917111,0.148024941057188,0.149902087025276
"236",0.0482295002236159,0.0476675043935912,0.306964289413649,0.0112902311122838,0.26282081201297,0.32302766284389
"237",0.0639905395979646,0.0122355674186351,0.0609465660066545,0.00941293339779338,0.254491880330553,0.598922513248399
"238",0.149069018365918,0.194289451303802,0.29476355788074,0.18759696347268,0.154723067246306,0.0195579417305541
"239",0.0288344464580047,0.0705025297297828,0.274439795926634,0.294717964069467,0.206212321582382,0.125292942233731
"240",0.189416030220969,0.285127039749155,0.231010254037765,0.0952771686257822,0.136902674425779,0.0622668329405493
"241",0.116979301899818,0.220990639314824,0.0966112266960024,0.223539882761139,0.162599969346454,0.179278979981763
"242",0.0848671989964092,0.114593879434968,0.21574507306685,0.316399755452683,0.252946271243914,0.0154478218051755
"243",0.119474654111141,0.291610641786329,0.124434921232547,0.124200363257584,0.281538372986633,0.0587410466257657
"244",0.142574590498753,0.0786972111197869,0.268820093563297,0.044891842585785,0.229593458239977,0.235422803992401
"245",0.152577846703901,0.215809703822829,0.308421749529093,0.142451151477297,0.162091861755757,0.0186476867111232
"246",0.0539285089371888,0.260162055441715,0.0737077174041853,0.0863982866152765,0.247244658579149,0.278558773022486
"247",0.114454652618487,0.233579427274479,0.0902038733977727,0.168000925965637,0.149273268248287,0.244487852495338
"248",0.154477060392351,0.196077027287738,0.19689376963905,0.218073378463558,0.0901762921355786,0.144302472081724
"249",0.0420205309854107,0.306831320956938,0.0277898650641186,0.244315560594914,0.107199536620359,0.271843185778259
"250",0.0560208217490881,0.23629939779858,0.17158306895711,0.0934491874231019,0.222152749868311,0.220494774203809
"251",0.218209390962741,0.169785931913461,0.297410882481227,0.198746281409547,0.0266934927904836,0.0891540204425393
"252",0.201709807010816,0.23268010209626,0.0633170168541292,0.0721492153299509,0.119022207280542,0.311121651428302
"253",0.0663206107130784,0.210303390203841,0.262431480819925,0.119594529712291,0.0592564922297362,0.282093496321128
"254",0.155439200456808,0.15021132128404,0.0797244791959505,0.265867446632312,0.285490799587597,0.0632667528432926
"255",0.00871597735173753,0.0885362640696732,0.290613450142111,0.471222967352133,0.025127747702543,0.115783593381803
"256",0.117030007937794,0.0246286576486306,0.218876033641962,0.207235713591172,0.238653977380554,0.193575609799887
"257",0.0379157653108891,0.243517425598646,0.314167090312531,0.13757153593382,0.257678614889097,0.00914956795501651
"258",0.161712075598835,0.109035703631749,0.0792208261729678,0.326120818234548,0.239107203303053,0.0848033730588479
"259",0.155242098599637,0.234259216156695,0.239000286375442,0.0573200902885632,0.0781520969518453,0.236026211627818
"260",0.139510057783452,0.0742493592371201,0.137107116974546,0.162194560447071,0.201437339875354,0.285501565682456
"261",0.121441283496741,0.124509306902185,0.284249937200772,0.0563661297449116,0.0783771390959239,0.335056203559466
"262",0.237539324456222,0.0668399934880225,0.304098141569866,0.282570495695798,0.06444724062642,0.044504804163671
"263",0.163150419274888,0.175309709357116,0.408086795355344,0.0157876221711734,0.0264463768331131,0.211219077008365
"264",0.151722159294394,0.256503846914643,0.290837122164013,0.0861171785863956,0.0351863282475268,0.179633364793027
"265",0.0370074763996831,0.128039158510114,0.434806785958029,0.0566997378229413,0.165460656853135,0.177986184456097
"266",0.0894715604187936,0.120607017457441,0.090270848692734,0.216350873811848,0.244054279297165,0.239245420322018
"267",0.127913340551799,0.14178935191317,0.13087547373449,0.179420457156447,0.252371210801474,0.167630165842619
"268",0.168218592118024,0.0526824574358217,0.233125597766944,0.203638994744301,0.0400404886471991,0.302293869287709
"269",0.132747618755373,0.216737857890962,0.275140868948899,0.0751899290017043,0.174547816368195,0.125635909034866
"270",0.0860978404973007,0.174701375296003,0.207917714121672,0.200105180449713,0.185089702776577,0.146088186858735
"271",0.0515545895807771,0.211193221864026,0.203801581840904,0.272645425771423,0.216560600058932,0.0442445808839386
"272",0.0398798316905979,0.044874459141949,0.227274232873414,0.268836533636128,0.250421316314691,0.16871362634322
"273",0.185445993397296,0.10830095328779,0.167780655958321,0.110407168287523,0.134488853723073,0.293576375345996
"274",0.184663639075342,0.0582493818563826,0.382877193068632,0.123663418507928,0.184308386649522,0.0662379808421923
"275",0.129929243644679,0.0974264137053422,0.121265251365727,0.143263427177381,0.231701817875426,0.276413846231445
"276",0.0773397950349374,0.18073889476366,0.157629177305063,0.233737306152902,0.119569342683226,0.230985484060212
"277",0.0415260304593599,0.207314936258418,0.28810023285419,0.131909125077019,0.0990981347018159,0.232051540649197
"278",0.00445452075414677,0.0836162804804331,0.331773726558245,0.261934124025376,0.164776308359489,0.15344503982231
"279",0.0217413968318099,0.316329022634296,0.186967973863449,0.169946252761119,0.28997819502518,0.0150371588841464
"280",0.0691576524060964,0.178810456879794,0.271462757485434,0.319075026493564,0.11815911379592,0.0433349929391912
"281",0.183609050331872,0.0320600466587493,0.302906486546821,0.176013458867917,0.200927709589555,0.104483248005086
"282",0.174396268559236,0.258564778427042,0.154455198231791,0.115728647364352,0.231605314120058,0.065249793297521
"283",0.0462905333150289,0.232618664438523,0.150774460312436,0.243472736219738,0.0775162612001526,0.249327344514121
"284",0.151391922561038,0.2042025099716,0.064550903314976,0.246931941973227,0.0796901346451796,0.25323258753398
"285",0.0782543834589814,0.0796249575671557,0.191061747381963,0.279504514062237,0.197868575679466,0.173685821850197
"286",0.0618431986646755,0.212259051163346,0.334220425151404,0.0848882197002275,0.126744623712576,0.180044481607771
"287",0.0803493665016601,0.218795694905113,0.212865579156268,0.183214947751198,0.128885078053628,0.175889333632134
"288",0.0747432865523469,0.27118087380094,0.340948278308038,0.076202888636934,0.026659284294126,0.210265388407614
"289",0.170367226997665,0.146426492663684,0.032169577477488,0.294189952153075,0.297357259967947,0.059489490740141
"290",0.117083937885568,0.231593165938543,0.114631865945342,0.213937523399568,0.168481477358038,0.154272029472942
"291",0.0459336990816856,0.0543970961193808,0.0156472696483508,0.332710797706841,0.241769705292583,0.309541432151159
"292",0.193548022269027,0.193156196055316,0.104591358071124,0.262148027463088,0.187314490818664,0.0592419053227812
"293",0.150931926993313,0.0411536232290118,0.16243235159083,0.061469576070787,0.482368663880273,0.101643858235785
"294",0.0914771849329364,0.0396207350731438,0.417223535388321,0.0949960145140135,0.274951059289801,0.0817314708017848
"295",0.051679514133372,0.331080855873407,0.104855969114237,0.0192819685484616,0.191853660517462,0.30124803181306
"296",0.058297542425659,0.124272637303718,0.109209501026055,0.384830454134923,0.0418525313151569,0.281537333794487
"297",0.170400682741839,0.174570639924271,0.132114388500252,0.278006098423391,0.210818643995376,0.0340895464148702
"298",0.107410137672926,0.0316823213805965,0.38596077714984,0.294437466565685,0.0361739227256245,0.144335374505327
"299",0.150380182975566,0.255240024019302,0.362814583834021,0.068784763602256,0.0726749161765302,0.0901055293923242
"300",0.178076014956131,0.027187124044564,0.404934508917531,0.029274503829768,0.0389919991811798,0.321535849070826
"301",0.136631461430836,0.156888502878336,0.382980179908064,0.0731068568821676,0.0932728690894712,0.157120129811124
"302",0.00452411216076363,0.172973270469894,0.227710753095915,0.254066131502025,0.182014078142856,0.158711654628546
"303",0.257808693967891,0.103083389470059,0.0316731637233587,0.0839724961213852,0.121260028459052,0.402202228258254
"304",0.152260857151976,0.215682369593603,0.193716142329744,0.314803371009865,0.100874053093792,0.0226632068210196
"305",0.0965757529113132,0.245820189427082,0.228363244169862,0.0963756946834484,0.189397132568553,0.143467986239742
"306",0.149731468024319,0.124843740819371,0.102823493863949,0.292865156769177,0.257772201468482,0.0719639390547025
"307",0.0926158919742403,0.140894370815696,0.301248230571512,0.192672322544882,0.0637481500811646,0.208821034012505
"308",0.13370442711674,0.11430837688726,0.281725094989235,0.264854433444876,0.177606775581387,0.0278008919805011
"309",0.0991131788147573,0.0855281025975336,0.0664141002745546,0.340971310562415,0.233610559628329,0.17436274812241
"310",0.0719459805809936,0.208054982268964,0.236706619564269,0.143028270742184,0.161926119677922,0.178338027165667
"311",0.0975588313227457,0.191311752219401,0.256767648620053,0.10037802872335,0.240722837916659,0.113260901197791
"312",0.0835062902938185,0.148476147765685,0.295573679680125,0.294290321428164,0.0621856883909723,0.115967872441234
"313",0.161391117146445,0.281200643761995,0.0897504047257815,0.17249030009039,0.110111108631951,0.185056425643438
"314",0.162218807881063,0.23724211145025,0.238386625964548,0.114828096999757,0.209427636577098,0.0378967211272839
"315",0.180121065304353,0.241591238606213,0.0252745086316068,0.0441914954391783,0.207295297794423,0.301526394224226
"316",0.0824651745531489,0.0804000800764002,0.031307477495746,0.416975611925318,0.259795932028051,0.129055723921335
"317",0.118056856923997,0.107429313035663,0.298811482193839,0.184628897210027,0.168079697916869,0.122993752719604
"318",0.0959228692249714,0.316613963665537,0.173680878093066,0.0558688894400678,0.0902286543378526,0.267684745238505
"319",0.134639298596293,0.0391216987629173,0.220947396450281,0.175215355966427,0.229653117667493,0.200423132556589
"320",0.127501890134224,0.177633859123603,0.0998867798900155,0.174065099412696,0.168211172830532,0.25270119860893
"321",0.101787117349862,0.247679890963013,0.0216626837207925,0.0841953413228814,0.225402803318428,0.319272163325023
"322",0.0320490407694384,0.291515326403304,0.173598475087241,0.0988471527649303,0.11925446411497,0.284735540860116
"323",0.142077360329574,0.0471250105826845,0.166292247823874,0.0812814902735897,0.256491012213634,0.306732878776644
"324",0.0649847274930833,0.38663842552095,0.0458039138722614,0.315203792379444,0.12073752509917,0.066631615635091
"325",0.0419176520278434,0.111403127784803,0.0156220180702206,0.310576267736987,0.120236269268507,0.400244665111639
"326",0.0302233069482569,0.158821195307286,0.287581029529349,0.20196218119371,0.216034006542836,0.105378280478563
"327",0.121946948321559,0.159724395982379,0.13219239943914,0.194203753362645,0.185379047614232,0.206553455280046
"328",0.151928235927278,0.250866158262902,0.0572359664212839,0.228181231615865,0.0876521348221903,0.22413627295048
"329",0.191342829349181,0.115362801295283,0.0667639017528439,0.241895917028476,0.0553465401773511,0.329288010396864
"330",0.041002204247177,0.266191177983001,0.227542114838017,0.122442694782529,0.330372107555449,0.0124497005938263
"331",0.0761564626955735,0.256696344040048,0.146737201684965,0.199052749484556,0.247607575661456,0.0737496664334018
"332",0.179770838306095,0.238866608762583,0.309824854604106,0.136869653607434,0.07424732955442,0.060420715165362
"333",0.0673092052879737,0.212307983235555,0.249786643157903,0.0229160333882608,0.263160131803278,0.18452000312703
"334",0.007640862523176,0.224355070259013,0.126316077558746,0.266419216002833,0.237712216506923,0.13755655714931
"335",0.131579271632415,0.272520338938301,0.0600743851164089,0.218803428875924,0.190857696055827,0.126164879381124
"336",0.193865672547268,0.100673661370633,0.172645198988779,0.307138008105205,0.112572447195819,0.113105011792296
"337",0.0161402880397088,0.212179987403184,0.101760854801045,0.190413325513356,0.240249287435443,0.239256256807263
"338",0.10821906252844,0.219210837541402,0.0461627572028667,0.234156120154649,0.149055398481152,0.24319582409149
"339",0.042840582757666,0.12008550225558,0.0420285948792598,0.0701509946000007,0.229800927577267,0.495093397930227
"340",0.0194739837318095,0.30226697437224,0.205427895809752,0.274606536240683,0.123845435990331,0.074379173855185
"341",0.0571770176590791,0.307836972954329,0.300260581939293,0.154553457066645,0.144759385026914,0.0354125853537388
"342",0.0918388872396753,0.108104072411605,0.244772665412165,0.172520192682675,0.124329059277195,0.258435122976684
"343",0.0647254045043888,0.140999302312833,0.263897178129809,0.216060171704058,0.186731285890415,0.127586657458495
"344",0.0687544907651064,0.0366880015896096,0.407310876753928,0.157003593269418,0.0200698673046132,0.310173170317325
"345",0.0702560212770049,0.261576922092385,0.277623649655015,0.049089540036633,0.0899947596584812,0.25145910728048
"346",0.0734644989738734,0.139960341325793,0.244211194266049,0.15979474099874,0.22781070909743,0.154758515338115
"347",0.144459952021991,0.239932249069577,0.06215062394211,0.0876434533959762,0.185996526548032,0.279817195022314
