"","neu","NK","CD4","CD8","B","mono"
"0",0.0307310631017791,0.179181946731849,0.515074635530116,0.109971638160025,0.14945616146103,0.0155845550152001
"1",0.0529699179492759,0.183707190432449,0.272104691143237,0.170507663619632,0.159018831726321,0.161691705129084
"2",0.133244914875334,0.213010411798642,0.193839418334919,0.191112104769244,0.224215634207537,0.0445775160143239
"3",0.106459981941911,0.350415496881102,0.134862101938119,0.124019408829677,0.183290065429629,0.100952944979561
"4",0.0998756676022974,0.261408555737386,0.253580462364778,0.0396038509647859,0.0452426679816903,0.300288795349062
"5",0.0532809252797945,0.243182935979488,0.0259737240024721,0.0872906567760817,0.277067800213012,0.313203957749152
"6",0.076656665391356,0.0725722452536784,0.293142270059481,0.200137436430952,0.328115303767315,0.029376079097217
"7",0.158808725444659,0.0272654892579776,0.0576956257321548,0.2506481669401,0.198475744696572,0.307106247928536
"8",0.0961607424436362,0.112316781387906,0.166420225352827,0.260075488026736,0.173908677122508,0.191118085666387
"9",0.0881502943158083,0.0976341845461272,0.149953914778378,0.200514131360637,0.206386603904669,0.25736087109438
"10",0.167060670038151,0.132144340748571,0.172709758719194,0.150872934506122,0.116869029405518,0.260343266582444
"11",0.0188114452230026,0.102123576349377,0.3005465748433,0.15256642476323,0.191993553469773,0.233958425351318
"12",0.18232755975367,0.058926190919689,0.113844960600131,0.275780510395025,0.333905843690626,0.0352149346408595
"13",0.125918062443408,0.148269472081662,0.109191870869162,0.0261662155900646,0.256591063528843,0.333863315486861
"14",0.0454530712295872,0.249000811988061,0.317454698014798,0.168967048045306,0.0233101064602858,0.195814264261963
"15",0.105080067777773,0.169966763154196,0.268652726098399,0.195153349187263,0.255637294782435,0.00550979899993454
"16",0.158348768150477,0.0972644426948076,0.0369011553904264,0.293473326023305,0.187560857435721,0.226451450305263
"17",0,0.0997531949663104,0.173690524502341,0.219035585955377,0.123167415658287,0.384353278917685
"18",0.109310671278717,0.219814100690084,0.138350662160489,0.154431715969639,0.195451883699395,0.182640966201676
"19",0.110359355101782,0.272741917769167,0.377159977200856,0.064995926502174,0.0769276745294971,0.0978151488965241
"20",0.135847775835757,0.265368769428437,0.0355813620884608,0.244907140101185,0.0145562541527332,0.303738698393426
"21",0.0614698921680002,0.309325071684133,0.322183467182732,0.208513604532375,0.04565031848995,0.0528576459428095
"22",0.109402618654825,0.0421080723870465,0.422496080759588,0.175134933129146,0.140691263359783,0.110167031709611
"23",0.0743933066025581,0.167235969546636,0.193311852469452,0.170716197187013,0.23591012142895,0.158432552765391
"24",0.0524390271556187,0.128043381880119,0.164169985797878,0.285641112461829,0.256239059989217,0.113467432715339
"25",0.10070578789397,0.306008300732789,0.0718836576988313,0.334417621771653,0.159534471033136,0.0274501608696209
"26",0.109314882507464,0.199497222409441,0.189933340741875,0.267473699359343,0.212899853043116,0.0208810019387627
"27",0.161714232910018,0.30078921021552,0.18457594395104,0.06033707227642,0.0915569626688676,0.201026577978134
"28",0.139880188377474,0.0177186731387737,0.500152357710029,0.0271329483860978,0.247171307238858,0.0679445251487671
"29",0.140440352171894,0.179250680949159,0.236333008823085,0.0584772274777531,0.212438557292108,0.173060173286001
"30",0.162942898953221,0.271244723089239,0.158644945237852,0.152069090391648,0.0551678589211532,0.199930483406887
"31",0.128304591781971,0.137671393660798,0.24087366543605,0.0433920085407804,0.202151258691774,0.247607081888628
"32",0.105838849875271,0.184838788064418,0.324406274846798,0.0648664947832841,0.0905603858259009,0.229489206604328
"33",0.106146793104996,0.237221799561557,0.315538779531224,0.212942877680084,0.0744059445798759,0.0537438055422634
"34",0.0253578738097248,0.0155342525198616,0.451139236324416,0.0883420964247939,0.0146782578555271,0.404948283065676
"35",0.145169004965669,0.31445089838334,0.152566183543947,0.0797633567656238,0.0889689743245086,0.219081582016911
"36",0.0765806554739176,0.255283061761915,0.313091943884792,0.130819540901338,0.211851272513958,0.0123735254640797
"37",0.163455244263341,0.021628365857525,0.310495170471294,0.0396695235889415,0.168093547217035,0.296658148601862
"38",0.0966978019136934,0.207841757255364,0.237638554005168,0.153797730401933,0.171582359441502,0.13244179698234
"39",0.108703740313595,0.278253319356279,0.152863800738815,0.167338181689508,0.0494024151148802,0.243438542786922
"40",0.197949494477096,0.0780532874834007,0.12559980168595,0.260432571794152,0.0639916935273001,0.273973151032101
"41",0.100872891229031,0.237742786498737,0.0532709272407371,0.0713533537706684,0.179573503529541,0.357186537731287
"42",0.0647182310045333,0.0664013822002826,0.307804125779237,0.109609056013048,0.165636592270919,0.285830612731979
"43",0.0900380094166427,0.243898924421365,0.244772782457708,0.20250800722368,0.169520144257462,0.0492621322231425
"44",0.102799424421677,0.0567427214175419,0.0124263140400188,0.351890493983424,0.115061578786439,0.3610794673509
"45",0.155501075423762,0.101811680930577,0.134885407702279,0.160944334193107,0.175710969173147,0.271146532577127
"46",0.182115066688647,0.170496806279572,0.109808101900815,0.0382798145946911,0.0794056187359508,0.419894591800323
"47",0.143685337826876,0.232231161305763,0.211511683812722,0.241424259655987,0.15660175578097,0.0145458016176821
"48",0.170496820229006,0.0442531970420058,0.353878235589551,0.147320280818033,0.162702587806053,0.121348878515352
"49",0.197477459890265,0.247000129399771,0.182245840689079,0.114818029740787,0.204257799922241,0.0542007403578577
"50",0.088922353220035,0.176589230601415,0.254332044025183,0.0548531276416528,0.142030858982266,0.283272385529449
"51",0.156693986170397,0.264654696424578,0.193917818196656,0.317990338285393,0.0417788368982851,0.024964324024691
"52",0.0529454446593527,0.0418555367814588,0.135559038269677,0.33573861003293,0.12048538792021,0.313415982336371
"53",0.225515430597552,0.0682563612198857,0.119935352868286,0.290524980995571,0.18720004680027,0.108567827518435
"54",0.0908858369737113,0.435686773755229,0.0893315965795804,0.217253740911746,0.142056684486101,0.0247853672936319
"55",0.0338259640845925,0.197082309967229,0.067845850189389,0.337413718192448,0.0659586071571356,0.297873550409206
"56",0.0362838082761646,0.0354204013523003,0.135431914626364,0.22221534727523,0.336752938906291,0.233895589563649
"57",0.0844937770639894,0.124730741107912,0.290767241673831,0.240090713048396,0.0242467048166672,0.235670822289205
"58",0.112084338729713,0.13624944371805,0.259868147565996,0.0653034499104612,0.310422104373359,0.11607251570242
"59",0.159401428944511,0.02255214503479,0.322576763007386,0.246856638627432,0.0311147027789477,0.217498321606933
"60",0.185338528434903,0.380801477200653,0.0702058852941042,0.251601519645239,0.06222505563496,0.0498275337901412
"61",0.0090690492214648,0.151360914651672,0.266848474385388,0.246396379679448,0.146768735715149,0.179556446346879
"62",0.039719354532103,0.247035037812506,0.0785263430156565,0.0390890179432917,0.495975224339844,0.0996550223565985
"63",0.0878980162913334,0.354228322454749,0.0329884035177589,0.147057991335853,0.220302732814011,0.157524533586295
"64",0.0818893166695851,0.120780000608989,0.255053848002064,0.0946813398373321,0.222084666190118,0.225510828691912
"65",0.0138621380521121,0.295183114795149,0.0996569456294981,0.0314958519120756,0.218069265194671,0.341732684416493
"66",0.0209493696824133,0.0679905909825847,0.0724686575715066,0.320115600768047,0.345155403460397,0.173320377535052
"67",0.0872370468890058,0.0889438106360885,0.264992166817787,0.0415697080068352,0.21246499702593,0.304792270624353
"68",0.122462740847146,0.105898413742681,0.104426845627977,0.16612910772814,0.174848349146391,0.326234542907664
"69",0.0332019748472182,0.284282909611103,0.0198722942214838,0.207321040498991,0.0827037576049626,0.372618023216242
"70",0.187851576087751,0.325129397094939,0.111293657185896,0.103498279863051,0.221980939666296,0.0502461501020678
"71",0.142878925158383,0.168608771036246,0.299294597980628,0.0582227301022403,0.237235439766905,0.0937595359555968
"72",0.103330675155797,0.168755972406224,0.247328193573933,0.168792237978116,0.119052227970801,0.19274069291513
"73",0.0562127329226634,0.189538413462385,0.258690907254303,0.173593129942577,0.246273202796247,0.075691613621824
"74",0.144152426056801,0.252754294199491,0.085660222961822,0.124571835768787,0.217556477510301,0.175304743502798
"75",0.0378541320593722,0.231661804168038,0.265573431241528,0.101155428146838,0.150190628029993,0.213564576354232
"76",0.0367073695441087,0.287808017250451,0.087605882346052,0.275425411604404,0.0414649196683551,0.270988399586628
"77",0.197862618564505,0.239723510189618,0.0680909446346127,0.217149198975319,0.185382873904025,0.0917908537319208
"78",0.159770714682494,0.152628816628347,0.194815718339346,0.198350198483167,0.15269615661897,0.141738395247677
"79",0.0513448192200617,0.234977249940073,0.352538652392301,0.0542999045576965,0.183745073036913,0.123094300852954
"80",0.200464403203944,0.0301172254303993,0.268966081863261,0.412963861627121,0.0469617482093107,0.0405266796659646
"81",0.0856403650316781,0.171087771573381,0.217846143654487,0.110504607572298,0.122926445316591,0.291994666851566
"82",0.122067481665735,0.230489222946405,0.179441761344041,0.128361855553725,0.13022290774446,0.209416770745634
"83",0.138593736742658,0.218462708316748,0.161306987253846,0.167519651360928,0.161754565185781,0.15236235114004
"84",0.145232526397281,0.0571468927051447,0.0890611916132543,0.176331285929125,0.232191345671547,0.300036757683648
"85",0.107567570057329,0.124865564737758,0.290509127511787,0.0710851064942768,0.275263323603832,0.130709307595018
"86",0.0880093183211203,0.282952456549799,0.0361125627399844,0.325323081943007,0.102005043047758,0.165597537398331
"87",0.0290345764029429,0.101129506223684,0.222562116305131,0.306462812756381,0.00833297549187243,0.332478012819989
"88",0.176311190366027,0.0428514249884939,0.0789920245559336,0.191194615305452,0.242981656063342,0.267669088720752
"89",0.135315770318742,0.268787397049173,0.111877645368741,0.256385568074232,0.115651611906811,0.111982007282301
"90",0.0737099145773988,0.330690518751673,0.188185695934665,0.115822168747984,0.109314291182032,0.182277410806247
"91",0.0901982411398147,0.0745631628759726,0.421514416022374,0.225835629647509,0.0948615693325564,0.0930269809817737
"92",0.139458161850955,0.198302646489773,0.13200662376033,0.161233394615,0.188514340699273,0.180484832584669
"93",0.120327066267957,0.244299505422778,0.254918667319464,0.0906742092860962,0.215047207135173,0.0747333445685325
"94",0.0771598797270921,0.128931342338564,0.178635144627854,0.0658376967900401,0.334392231437821,0.215043705078628
"95",0.10267357103515,0.215581554742368,0.10563234568904,0.265504564245612,0.0484501718050024,0.262157792482828
"96",0.031019511355595,0.259077018678986,0.207141900747294,0.233834949657787,0.0115555180207887,0.25737110153955
"97",0.151305582345942,0.14681427230762,0.141543695395982,0.293290923325377,0.164733515442707,0.102312011182372
"98",0.0232213821859351,0.0783527028153372,0.54364702342382,0.0205306994745415,0.242640155185715,0.0916080369146508
"99",0.105557448424747,0.251120191318615,0.0208662340159972,0.137311860978002,0.201379129750535,0.283765135512105
"100",0.101321068567308,0.102633062603845,0.255589917155326,0.0301157211072584,0.261126820648866,0.249213409917396
"101",0.0825869738980008,0.312733929968598,0.0691707646048743,0.158406951325117,0.234304569958429,0.14279681024498
"102",0.128883514537059,0.109988190414893,0.166601927023827,0.205022583021635,0.121332095641466,0.26817168936112
"103",0.116305608671887,0.0421754073765568,0.202218304572621,0.220805610820608,0.334047654202974,0.0844474143553533
"104",0.0433815611685984,0.0851664841534485,0.302207593921114,0.206818477116943,0.111747101341542,0.250678782298354
"105",0.0773715932522049,0.133300763680654,0.261385277340474,0.298079940921421,0.12545571693582,0.104406707869426
"106",0.113936254634934,0.0665757358524675,0.307705651791723,0.167439168205033,0.118155361034548,0.226187828481294
"107",0.147926955295443,0.223561565084837,0.276569796139934,0.0520386225724644,0.0760943909610656,0.223808669946257
"108",0.190810058943579,0.226944668297639,0.203306289750742,0.0444568473754388,0.215106420368749,0.119375715263852
"109",0.09809688175112,0.0835956220163295,0.132604965592362,0.307267200526533,0.214935080848635,0.16350024926502
"110",0.03266130518669,0.203527649551246,0.320068149664704,0.272944991153019,0.00352059476042212,0.167277309683919
"111",0.071403559872273,0.0918790822945946,0.278335129591178,0.177241327252715,0.180865684594167,0.200275216395074
"112",0.0225787842172356,0.0232230714367725,0.376370686234133,0.0916243106334376,0.206263699336693,0.279939448141728
"113",0.14156308459373,0.139676126145146,0.274585414279894,0.120065145417522,0.24860954934218,0.0755006802215273
"114",0.194169661136262,0.141505209834746,0.285284441061625,0.0824789354233613,0.250888113871395,0.0456736386726103
"115",0.114360327770278,0.1154362955583,0.199942092065054,0.0805003535809965,0.238604457274915,0.251156473750456
"116",0.0932358285661676,0.231997610837437,0.13277792142445,0.248855334773547,0.0368662336761555,0.256267070722242
"117",0.135628293044996,0.0237915451758261,0.0607081703890413,0.243178220690115,0.155067264342204,0.381626506357818
"118",0.077757220091803,0.318619842243572,0.0632377534192455,0.175763768797707,0.288426810728079,0.076194604719594
"119",0.241267465604397,0.0509917369590427,0.148463095823427,0.15393131553608,0.12167214320497,0.283674242872083
"120",0.13928147829119,0.1093026448775,0.323496850536192,0.111599531296185,0.196297674919871,0.120021820079061
"121",0.154080153457261,0.279660950808431,0.044302396282567,0.288238742585412,0.123337677446894,0.110380079419434
"122",0.132922223001458,0.07117159957201,0.267287125484058,0.152657291919381,0.159791008483799,0.216170751539294
"123",0.024605507147625,0.0795483100227182,0.0377226402112439,0.337951661986084,0.425518772712852,0.0946531079194767
"124",0.0846184770881268,0.215817575341632,0.243086155215886,0.124884554281319,0.179490374626201,0.152102863446835
"125",0.233329201343277,0.0487199963116162,0.12853156665686,0.129251335376974,0.147779803330279,0.312388096980994
"126",0.071082779582352,0.239080519459096,0.154163233352938,0.159952256150694,0.0978564808279694,0.277864730626949
"127",0.0561562304525502,0.024377534358896,0.170569995583777,0.382918918602655,0.302070315740399,0.063907005261723
"128",0.122407410126964,0.26904975821407,0.120107956212548,0.196713162007165,0.0591254513587754,0.232596262080477
"129",0.164099967339372,0.22546904232042,0.0540263053793575,0.301506446135076,0.0730173523698163,0.181880886455959
"130",0.141676735092054,0.251693234086475,0.0304147808823294,0.283473595546786,0.0335103702645362,0.259231284127819
"131",0.159710416571912,0.215984631794337,0.263684149919239,0.117609728175192,0.0794855943776278,0.163525479161693
"132",0.16903619820087,0.0840701820805238,0.0997001024891103,0.128565494953597,0.20721754393643,0.311410478339469
"133",0.179572458745864,0.13254646514609,0.126116289095954,0.0863054795085821,0.265205575686763,0.210253731816747
"134",0.135769231756427,0.167817189879398,0.0615367994193376,0.14126296589437,0.241290081514117,0.252323731536351
"135",0.0181036637210517,0.199084128064596,0.218724640274379,0.0875809066517471,0.206571813778207,0.269934847510019
"136",0.0541381653145371,0.167100746661182,0.115735620347138,0.263060249570635,0.338041348062136,0.0619238700443713
"137",0.105669973652118,0.141592557981747,0.244925272426332,0.109974889311193,0.184294738625647,0.213542568002964
"138",0.124384654726802,0.239889470722122,0.103636516876626,0.200190145108208,0.0111991465500367,0.320700066016206
"139",0.0722476831927469,0.0797508057954994,0.450874056575723,0.268001121152661,0.0242870828126649,0.104839250470704
"140",0.0802140602564141,0.0301575135897066,0.214661448882903,0.128153465260186,0.265720522805957,0.281092989204833
"141",0.136960038318348,0.12215720655419,0.178813993607692,0.283618320504769,0.209889177149227,0.0685612638657747
"142",0.162838434946069,0.0952810748253523,0.18647275410981,0.0560247337086851,0.23024939227855,0.269133610131533
"143",0.164928662978265,0.0430409227395665,0.446592250186587,0.056968522609985,0.201215310546881,0.087254330938716
"144",0.0988188659870501,0.0423845905528333,0.0506668047937829,0.168031975954777,0.299640190896037,0.34045757181552
"145",0.17734043755373,0.208871154192075,0.121517055220565,0.0413067423526745,0.134229584230766,0.316735026450189
"146",0.0664095424428512,0.131863219397565,0.170346132187854,0.113910609605881,0.113546568626276,0.403923927739572
"147",0.152063160113655,0.131730146412311,0.0632252041035722,0.0741179189596242,0.286348837329525,0.292514733081313
"148",0.142449578529886,0.0417446663682068,0.316041489843582,0.403371661894737,0.0621674690990843,0.0342251342645034
"149",0.186074556061044,0.337138715784992,0.0787623473616616,0.284788606197462,0.0445285605391227,0.0687072140557167
"150",0.0983112880412009,0.248777797107933,0.257004685047345,0.112557423248603,0.191528099628694,0.0918207069262243
"151",0.000802815073816751,0.336726091624387,0.116489321783064,0.029770390544792,0.177806898189682,0.338404482784259
"152",0.0751097245846822,0.209475265529155,0.547273593700654,0.0812068303256709,0.0236851992426041,0.0632493866172342
"153",0.128209263521119,0.0889895491186145,0.115235569064402,0.256231183483506,0.256874106781693,0.154460328030666
"154",0.120702196414971,0.301652338409055,0.125338880884265,0.0976060662886228,0.0773161010932292,0.277384416909858
"155",0.11247354916305,0.128530916348209,0.140756785674162,0.178243322211452,0.164067372345218,0.275928054257908
"156",0.150475391204737,0.0620605103563354,0.2421911438445,0.180715737186041,0.313005308147702,0.0515519092606841
"157",0.0907765394618542,0.170470621447955,0.189065472813948,0.118385677261405,0.261940342343828,0.169361346671009
"158",0.0404130096592033,0.132232903711726,0.181406365744459,0.265773585676995,0.159645327727828,0.22052880747979
"159",0.0719345767355436,0.159651041978866,0.129594723533841,0.218825179550588,0.207632871097347,0.212361607103815
"160",0.140646613146611,0.0743891359698377,0.193622863914961,0.181781310712613,0.179473166149919,0.230086910106058
"161",0.0103222919771318,0.036410748362354,0.478848326446125,0.334460841469274,0.0829428807240831,0.057014911021032
"162",0.186405207171821,0.245406488894399,0.210425195444765,0.11644439546355,0.0483266905962202,0.192992022429244
"163",0.156867078541152,0.288723953534587,0.0258266541643111,0.261607587803829,0.175612840543696,0.0913618854124246
"164",0.0457682750250299,0.270724631924733,0.167312179566042,0.14438704227278,0.310547324954465,0.0612605462569507
"165",0.175030294506943,0.143725181105484,0.115556133907174,0.279498051840385,0.191308356375546,0.094881982264468
"166",0.0756493552003674,0.0691949341976038,0.285281374275122,0.238645111408545,0.0961989562036745,0.235030268714688
"167",0.0175887326365586,0.305795186827177,0.171770780756161,0.0643077413699617,0.296933737999597,0.143603820410545
"168",0.105043097870687,0.249669822438328,0.146100499808156,0.158072613635374,0.198322441523431,0.142791524724024
"169",0.0939961239275234,0.0627568807461205,0.0667230711731189,0.229430991542757,0.236847887975167,0.310245044635313
"170",0.0958012484849007,0.263004677466951,0.0546310085955546,0.171309753592927,0.145561816774767,0.269691495084899
"171",0.0977054316607855,0.280425807205401,0.0601060963322634,0.106267769611985,0.1360155407714,0.319479354418165
"172",0.174418649543801,0.177990586590527,0.231917329060025,0.188316479469799,0.128290262811922,0.0990666925239263
"173",0.0944814269710746,0.0208334195598018,0.22245383095759,0.317693607426279,0.125222005568381,0.219315709516874
"174",0.0455914127712358,0.302887003043198,0.0762464926508405,0.252162271156943,0.217733718044331,0.105379102333452
"175",0.0531873668403343,0.238979872863534,0.0437720830071678,0.240490743259412,0.167124458385043,0.25644547564451
"176",0.148399216844644,0.232190323232896,0.145394589503443,0.0245419416934204,0.0294862866047771,0.419987642120819
"177",0.0520873179215639,0.179985974144393,0.260074146461023,0.154826426918569,0.275533300345727,0.0774928342087249
"178",0.0833824533949046,0.123118183164648,0.254422888742056,0.28585196538074,0.134019352647728,0.119205156669925
"179",0.0396550046351367,0.385443649950475,0.152865557817754,0.0922472628057528,0.0671670944335523,0.262621430357328
"180",0.184919296640203,0.212550755315666,0.163115165495121,0.0519639879582699,0.12192523988099,0.265525554709751
"181",0.170218893694255,0.075797998596132,0.358388943637208,0.102789746271666,0.077896259148379,0.214908158652359
"182",0.194132253193961,0.300799506234199,0.105374508508952,0.160911194726746,0.16768854276393,0.0710939945722121
"183",0.150102136187368,0.304762976373869,0.183398043325215,0.0561467404703764,0.0234336153090377,0.282156488334134
"184",0.149982865019165,0.157490249908552,0.160557760332922,0.193818862041362,0.0786937862498985,0.259456476448101
"185",0.0784848084410756,0.311022492737992,0.105477029825856,0.0652592812461668,0.0788581421607235,0.360898245588186
"186",0.169474469089789,0.182525815597209,0.227748641186761,0.138189818765037,0.137512220944645,0.144549034416559
"187",0.0170110356321652,0.290998548580767,0.123137924842355,0.216957430440353,0.102647996868692,0.249247063635668
"188",0.0412638272749712,0.388506733840543,0.0857799388234733,0.0697629467396206,0.319642873160624,0.0950436801607682
"189",0.0359030580771187,0.248011127163811,0.350543087885679,0.0170325083138112,0.182865333365912,0.165644885193668
"190",0.0284660113120187,0.192708872966241,0.00489847249518086,0.0686369637300196,0.348678428647147,0.356611250849393
"191",0.16753657336268,0.113922566078116,0.0637522729517066,0.149720116352009,0.233130487736255,0.271937983519234
"192",0.136921291899557,0.191546703335547,0.194823124559528,0.1763895726596,0.0954600644155115,0.204859243130256
"193",0.0395506065072224,0.130439408478073,0.189973580018646,0.278844530553432,0.122248738639213,0.238943135803414
"194",0.130291235829081,0.126925807217595,0.170612411404725,0.217663768206287,0.171561976658859,0.182944800683454
"195",0.137386708414302,0.214979300758042,0.174777700381629,0.16742903035312,0.182844138758067,0.122583121334841
"196",0.0854589822345529,0.341869345401198,0.0869109812879123,0.0708210451267298,0.207681188400638,0.207258457548968
"197",0.189144959835034,0.178193355311313,0.261039651281113,0.110859274866258,0.046789522325094,0.213973236381189
"198",0.0691360975388611,0.0382625350033292,0.221976048106813,0.263467222814489,0.0683740927835003,0.338784003753007
"199",0.0855189125712286,0.164402084916467,0.168558376004686,0.150271591280758,0.179012557609268,0.252236477617592
"200",0.129156672778645,0.217825243148759,0.216472060034622,0.18883523641995,0.116970259945765,0.130740527672259
"201",0.265712630270578,0.106156204934109,0.223694374744494,0.126793205071615,0.155742744186818,0.121900840792385
"202",0.179927217807567,0.354921940461134,0.204366672513834,0.0480651151058299,0.136538868105538,0.0761801860060974
"203",0.2167222916053,0.169383770224131,0.0992326530907363,0.110611849977404,0.214176923513943,0.189872511588486
"204",0.112702396378329,0.204037183654559,0.279368374454568,0.173878191392325,0.0913435770532725,0.138670277066946
"205",0.0641545730845092,0.124321207922493,0.167476811484335,0.293916335433009,0.0960691394854911,0.254061932590163
"206",0.139588925178695,0.243904804063527,0.0483396814971598,0.100163789494149,0.433118475819965,0.0348843239465051
"207",0.0183300884591061,0.211471044421038,0.286613241534088,0.12217835469295,0.115573361765939,0.245833909126878
"208",0.0904825523767711,0.1834525930087,0.509482071521025,0.0283093918304268,0.126132675786494,0.0621407154765826
"209",0.191507034662419,0.0849193961450033,0.205417186534712,0.129808103474385,0.100090706844613,0.288257572338868
"210",0.0946183478402301,0.272952832711085,0.2920170108206,0.026687217485437,0.221660545676561,0.092064045466087
"211",0.0312305442860333,0.0883941540224518,0.371864454945303,0.223037005863891,0.0278941608582611,0.257579680024059
"212",0.175193657788918,0.356847353140013,0.265376619030192,0.0611521210221055,0.0546909729291736,0.086739276089599
"213",0.132377885375127,0.101471359912488,0.182712065877761,0.181938148615198,0.176614359121532,0.224886181097894
"214",0.151992530747744,0.170104316604047,0.235369247684434,0.288421062241775,0.035506925704218,0.118605917017782
"215",0.187042826698959,0.0272280119742866,0.150884626356855,0.26691348525321,0.305887958089726,0.0620430916269635
"216",0.0624386673662517,0.268858533742451,0.259726665317324,0.106906839810852,0.199938897749997,0.102130396013124
"217",0.0444294809153137,0.0357969247777774,0.23584318823614,0.436645034094423,0.00032489922912962,0.246960472747216
"218",0.161368504477871,0.132974625642549,0.233927756919255,0.105322793259828,0.152332801330527,0.21407351836997
"219",0.0321289692985143,0.245594547617276,0.290657143250856,0.0476936124763137,0.332798720157301,0.051127007199739
"220",0.191653873996799,0.0289424741474555,0.308139604760581,0.11342642445694,0.0771419844625567,0.280695638175667
"221",0.0918408788805781,0.0872118409842139,0.253874257317595,0.43055319797723,0.0386657426318853,0.0978540822084976
"222",0.00590132002495874,0.0866522636610704,0.332735059722334,0.00850731340189625,0.270027684127471,0.296176359062269
"223",0.192779028479146,0.172008370465893,0.129261984666764,0.184184222225957,0.0734338028921173,0.248332591270123
"224",0.0836676586887892,0.127469332684804,0.11063521208271,0.206414894484686,0.238125208307246,0.233687693751764
"225",0.0814305523656177,0.0541769762698784,0.361433655603739,0.239912880334408,0.143396929357379,0.119649006068979
"226",0.179884471308139,0.19206771125135,0.36891611936959,0.184495939525791,0.0472931759914369,0.0273425825536931
"227",0.0661602857183546,0.152765380598582,0.288476046489398,0.144534749069424,0.0950437875638181,0.253019750560422
"228",0.15908406954767,0.160618236974882,0.258856469959461,0.0829496315517497,0.234158931751568,0.10433266021467
"229",0.163510710625382,0.192091726104533,0.0786324698696486,0.0513986575096979,0.238387661364469,0.27597877452627
"230",0.0949153181192315,0.162779897250923,0.341114157901264,0.161856620412475,0.0915878512654326,0.147746155050674
"231",0.0143875874629743,0.148073875466601,0,0.268691728755612,0.213824079841045,0.355022728473768
"232",0.157147723374382,0.0786567981116029,0.128647044199355,0.343124641735537,0.235340439617551,0.0570833529615714
"233",0.147122256538392,0.183009842473225,0.030293665407918,0.191335184951804,0.189183459024029,0.259055591604632
"234",0.0992413515468926,0.0415483229005557,0.34148924422136,0.312027876544486,0.0256675116475984,0.180025693139107
"235",0.107839412890273,0.108345972534057,0.209758492819602,0.0916106230070571,0.169595872225898,0.312849626523112
"236",0.136595750453142,0.249199153915475,0.154204469733202,0.0687767986859442,0.319825542217602,0.0713982849946343
"237",0.108552601013519,0.0293106775107023,0.319533787562937,0.332300608431636,0.0829607326375177,0.127341592843688
"238",0.0908679393972245,0.11717470266957,0.28884995642568,0.0088852273349132,0.222694173731819,0.271528000440793
"239",0.00477056659009096,0.370794831615248,0,0.269619137178522,0.0814839513666671,0.273331513249471
"240",0.157227996113223,0.26621484354873,0.103685013573823,0.0705435528367693,0.144439264297495,0.257889329629959
"241",0.171962023733511,0.11011816616227,0.0683950732207285,0.112865835442402,0.0935510818469994,0.443107819594089
"242",0.0387361600133499,0.136660446052675,0.13030720347577,0.233989582567638,0.187263327069167,0.2730432808214
"243",0.151009456041,0.164407623743779,0.23097591804389,0.120160254199457,0.0289482983271717,0.304498449644702
"244",0.0753139367422853,0.11773654358529,0.281432358974059,0.110603057145743,0.153545627251194,0.26136847630143
"245",0.134033820024557,0.138771695754537,0.0734319388929346,0.175326229036175,0.217441728571466,0.260994587720331
"246",0.076594517651208,0.335442806275918,0.0781827967307033,0.264736347269155,0.0478578897874299,0.197185642285586
"247",0.00373718509257151,0.0143125497244586,0.0354430645589576,0.00310495956846192,0.380062362100643,0.563339878954908
"248",0.138010049525818,0.0432857483477696,0.277077831129116,0.275790532543097,0.206388894907938,0.059446943546262
"249",0.130109744448061,0.244153375061515,0.0779532074292519,0.0924464233414863,0.251394721808523,0.203942527911163
"250",0.152010856942604,0.250723989813541,0.231206736684569,0.293640151621786,0.0491246394556961,0.0232936254818047
"251",0.208496013386693,0.413396727661352,0.0550072915216385,0.134668710746577,0.15593153523596,0.0324997214477796
"252",0.0991823553842724,0.316187579558174,0.150286050156104,0.0997645018357678,0.200887829925864,0.133691683139818
"253",0.114663344906774,0.179879330094964,0.317925847807002,0.105085960674718,0.184262836153793,0.0981826803627486
"254",0.11063907985425,0.229545865050343,0.257476663997309,0.117261472252243,0.237506583511583,0.0475703353342722
"255",0.14747989866361,0.0784097484293437,0.111730455280158,0.136224198404622,0.260417692279749,0.265738006942517
"256",0.169115290264787,0.254811057827092,0.0541098397487822,0.229540525294843,0.167997810192677,0.12442547667182
"257",0.0452510836543174,0.247644872920853,0.141443712145734,0.130145058027742,0.131093442185147,0.304421831066207
"258",0.170380213699253,0.295462568514184,0.0259845876675668,0.158089716721212,0.158702917245746,0.191379996152039
"259",0.0250006098464775,0.0286364662230555,0.131794021242634,0.276078515165889,0.319141123258565,0.219349264263379
"260",0.141487492584624,0.212698024835513,0.216163244767618,0.0395986200284868,0.234566599114577,0.155486018669181
"261",0.143797616295073,0.253805358024024,0.128223951409683,0.230639432768438,0.0518619331673516,0.191671708335431
"262",0.0689833053053992,0.260018705014582,0.045401349647153,0.169693265469451,0.245872295828921,0.210031078734494
"263",0.0534120951325934,0.283851753694185,0.0890172184143971,0.245693539246951,0.00698427464697553,0.321041118864898
"264",0.145692208149741,0.287876733685871,0.0334801786905648,0.257017910094795,0.0715862859151306,0.204346683463897
"265",0.211549355560762,0.227509865772573,0.227667913333414,0.137399743606997,0.10437709817376,0.091496023552494
"266",0.0706047724557266,0.0143360792253073,0.136131112453244,0.320155009289357,0.301584299650759,0.157188726925606
"267",0.208929047565925,0.0746957754664342,0.0677273956154462,0.306961808537628,0.131554322288664,0.210131650525902
"268",0.0337400417384881,0.155389537157693,0.228347029811291,0.173238028686741,0.184257986503115,0.225027376102673
"269",0.0957057591603305,0.269105244204642,0.299519049307017,0.0655222756261639,0.24095251254642,0.0291951591554269
"270",0.0211124296491937,0.134191146690477,0.415477024418576,0.351284952913213,0.0281377974103684,0.0497966489181725
"271",0.131736083232941,0.158446143185703,0.167819473481461,0.2645029657335,0.0474429959886527,0.230052338377742
"272",0.0678511624338709,0.122448393733669,0.3108826052345,0.212684373613321,0.0510788147769013,0.235054650207738
"273",0.172621116023771,0.0470718611793706,0.269857139519088,0.128029901475972,0.162329527610722,0.220090454191076
"274",0.152142305105806,0.261495044883683,0.134795444247479,0.0366346109737323,0.0848368489231735,0.330095745866126
"275",0.0394030366572836,0.256182809848135,0.209369676518211,0.226478885936006,0.180302196534824,0.0882633945055396
"276",0.0563933942090483,0.0171146224673899,0.217241424252369,0.258653022827929,0.194562665420459,0.256034870822804
"277",0.0326986947948073,0.25548931830675,0.00396850845450212,0.195666050936409,0.148566956313507,0.363610471194024
"278",0.029795065597266,0.0684124748259643,0.148128320338005,0.37192810857151,0.105595254930416,0.276140775736838
"279",0.151693458081366,0.223034979170216,0.087401124201032,0.20534740873437,0.181015563061442,0.151507466751573
"280",0.0613530650379346,0.256134032909161,0.0777517497139164,0.0598263197946158,0.15515301966266,0.389781812881712
"281",0.158402821249668,0.0775272887539511,0.281100785203559,0.158214584218177,0.186940693240724,0.137813827333922
"282",0.116422769902903,0.145811478203696,0.0389672385338814,0.257404905336021,0.225924976769059,0.21546863125444
"283",0.0992291856820483,0.226787331370315,0.146028847451787,0.177532327905015,0.16576995467399,0.184652352916846
"284",0.0375801850806233,0.0583262233617991,0.402850193016119,0.301110553220483,0,0.200132845320975
"285",0.0463514767379021,0.0244743055714301,0.162644042158705,0.328052959183508,0.13539671783402,0.303080498514435
"286",0.134175925113259,0.0689750639553503,0.107774296341468,0.148350426322106,0.259083313804362,0.281640974463455
"287",0.194691794602155,0.21320835108615,0.139846152206986,0.267402373732283,0.10779697111933,0.0770543572530965
"288",0.171886089739642,0.140156806018449,0.271108712702547,0.137828738727485,0.235422448991711,0.043597203820166
"289",0.18129030110419,0.209593210732649,0.0826619978634647,0.262956034847786,0.176777702857451,0.0867207525944597
"290",0.127229687027587,0.276547618045587,0.154001416894919,0.169780797378609,0.104762202910957,0.167678277742341
"291",0.0229478330909734,0.290754047682281,0.0408144900221725,0.28815958943005,0.284703641102286,0.0726203986722367
"292",0.190202881381678,0.225429329752942,0.052153945283048,0.155593467872594,0.315993117092446,0.0606272586172915
"293",0.0363513100445809,0.255827133591681,0.181326093875552,0.0615039359963415,0.143655464270785,0.32133606222106
"294",0.126493656333119,0.136266159386525,0.297915240838553,0.198258663856312,0.0543988503557172,0.186667429229774
"295",0.171376487123214,0.198891200812458,0.0748027616920197,0.199239925525322,0.266768884599938,0.0889207402470487
"296",0.229018514714294,0.202579346203877,0.137663829434618,0.108344499369411,0.230472925368449,0.0919208849093509
"297",0.0264043722518426,0.139906549353814,0.399975666820427,0.145825171748009,0.287888239825908,0
"298",0.107888415754981,0.0516111546426179,0.284568085045996,0.179213494364578,0.181455742667603,0.195263107524224
"299",0.160222866000801,0.0915415848937877,0.253475933605729,0.137813936102702,0.0834931467262335,0.273452532670746
"300",0.00836073122946094,0.0899927286813279,0.364508795618808,0.201695999635025,0.310352464455963,0.0250892803794149
"301",0.130157097081008,0.0813934466554287,0.0743678882627846,0.265928985183632,0.0829103036899048,0.365242279127242
"302",0.0850485868931874,0.291631722863874,0.380050684110445,0.107591570434872,0.0197764887574795,0.115900946940142
"303",0.13751735799943,0.207815454187262,0.278915492939858,0.234134152970603,0.0698006115043861,0.0718169303984611
"304",0.0761218917862998,0.232065406748812,0.260226120443091,0.103220255493303,0.185028972384729,0.143337353143765
"305",0.095668828315497,0.258495097449214,0.208463584738714,0.15687572378866,0.0824415507471774,0.198055214960738
"306",0.255631039154556,0.0941121979810882,0.0683464687721472,0.208861039217089,0.309437688826248,0.0636115660488725
"307",0.117173991742896,0.179536476596847,0.175839224562327,0.188993817100003,0.19664157000413,0.141814919993798
"308",0.206089502303509,0.179532350581265,0.42751318981433,0.0607061745531934,0.0499891274624161,0.0761696552852868
"309",0.0309482096402055,0.253601014873551,0.112235704491464,0.131131015210451,0.281711258284514,0.190372797499815
"310",0.0462486874050731,0.335760963874163,0.255023863237163,0.0419968313893436,0.229898607726564,0.0910710463676926
"311",0.0297515391935036,0.150939670002394,0.16284101199934,0.288963274112275,0.180292758916593,0.187211745775895
"312",0.217112897395236,0.104303279320701,0.117040751152773,0.276611832743085,0.176666713638277,0.108264525749928
"313",0.118745161334556,0.0504402329304707,0.120974430895691,0.158111470703984,0.513498083460702,0.0382306206745965
"314",0.0126442876875449,0.175418179020988,0.369284219490983,0.355669725305282,0.0318951241485852,0.0550884643466172
"315",0.0911549887404619,0.377719526779888,0.136673106981712,0.099334843313948,0.0732469427079998,0.22187059147599
"316",0.0446500837397865,0.181834740655074,0.0449085732453857,0.197653185644011,0.168185966037445,0.362767450678298
"317",0.172308518028088,0.0905888519439398,0.225720274531567,0.099999305753967,0.298886119222235,0.112496930520203
"318",0.0802000163142534,0.0652664986045639,0.297203107175306,0.0418241937936132,0.185305738526381,0.330200445585882
"319",0.127812749764416,0.123034104834752,0.124858236244707,0.234229781871566,0.036737392811882,0.353327734472677
"320",0.0769988676873818,0.142701891080386,0.0779237152562475,0.225926540787348,0.144618927951771,0.331830057236867
"321",0.130383389194179,0.241857003861428,0.0431774115264367,0.198472212548499,0.179482076757569,0.206627906111888
"322",0.252205726887558,0.0519073487675124,0.143736648135458,0.401899632031549,0.0812953987339926,0.06895524544393
"323",0.0238201004577699,0.482082840585192,0.118314958148767,0.162482483820032,0.0548828089897864,0.158416807998453
"324",0.0476758161412685,0.0790830313119072,0.199773438900831,0.145766574450886,0.190241606953048,0.337459532242059
"325",0.076610098890901,0.238127965117363,0.367729153902867,0.0178465547547886,0.116499408505441,0.18318681882864
"326",0.124905521789858,0.0750898303740218,0.445369510200175,0.119866004212607,0.156683398437116,0.0780857349862235
"327",0.0516325476888401,0.197910594263748,0.243934491858534,0.176355285273411,0.112143318122548,0.21802376279292
"328",0.0550273859390209,0.304268386881504,0.164553102562831,0.147235274086785,0.194315199021548,0.134600651508311
"329",0.121634877590986,0.150436420359547,0.112732314589052,0.17124184962414,0.203195270724585,0.240759267111689
"330",0.160484308563615,0.210829201934517,0.300165755354436,0.0682350769728856,0.208231481514353,0.0520541756601934
"331",0.1936255549039,0.0258926344458897,0.222080506440427,0.159756692475665,0.2778450542136,0.120799557520518
"332",0.167733371820132,0.197442999434769,0.0468228912395541,0.18101216278525,0.240700175378636,0.166288399341659
"333",0.0164545394320831,0.114052408662853,0.494929860812436,0.16443235695283,0.184166637284324,0.0259641968554731
"334",0,0.16041905638181,0.200995119726038,0.0848390686740163,0.278580365592971,0.275166389625165
"335",0.144342345202394,0.0682455119142117,0.08981866480026,0.178124664262798,0.424592465230856,0.0948763485894805
"336",0.219022327963431,0.056894073890357,0.356277918635679,0.151840911223926,0.112682287695074,0.103282480591533
"337",0.127530620051168,0.140800393607946,0.249605444899853,0.159065379052145,0.184452394650015,0.138545767738873
"338",0.175679860629232,0.18653494762939,0.195354641257648,0.0370306863818112,0.0496405490278995,0.35575931507402
"339",0.0919448698821619,0.185787765816733,0.284077736864627,0.254982801918312,0.0858390925014795,0.0973677330166865
"340",0.0613997462742884,0.254963014270719,0.268824096320372,0.152178903865537,0.249299981135414,0.0133342581336694
"341",0.00925186220122827,0.149596398505086,0.284916462292483,0.304265974898065,0.153734490793307,0.0982348113098306
"342",0.0298821843353534,0.209714300107426,0.127060445971703,0.059799505993315,0.363756829664069,0.209786733928134
"343",0.145065603215941,0.300863316161097,0.208980841791838,0.0731051300669857,0.256259216806455,0.0157258919576836
"344",0.174218029303349,0.171511067596713,0.132479824273986,0.146426810179626,0.164968269262436,0.210395999383889
"345",0.0691418771166428,0.0535587733912753,0.176191367205023,0.197819625391421,0.243538227987623,0.259750128908015
"346",0.02487300266259,0.22991096524222,0.221663315406248,0.19451388240606,0.224037151797346,0.105001682485535
"347",0.0353043334173733,0.197394204513438,0.014850110182494,0.204371297704885,0.245895652690442,0.302184401491368
"348",0.0225690741149928,0.265647733538285,0.3055120998381,0.277439831186229,0.0391413399813644,0.0896899213410288
