"","neu","NK","CD4","CD8","B","mono"
"0",0.103852150966607,0.0674779907431863,0.32195823779987,0.132690070862083,0.202582578869822,0.171438970758431
"1",0.114778322516176,0.131333097580535,0.265741312592668,0.0822213691965439,0.218982158945316,0.186943739168761
"2",0.0719524906888648,0.32525083595051,0.206319840312754,0.0933267521390008,0.0624660580867528,0.240684022822118
"3",0.0748858779204931,0.230070513305718,0.214970603774748,0.167825888457871,0.155704872221578,0.156542244319593
"4",0.150863522077993,0.0496986335760243,0.14533821766988,0.176237823719994,0.251004569438305,0.226857233517804
"5",0.113214421596072,0.167139089759372,0.0769952668863226,0.192847913508949,0.165449527261761,0.284353780987523
"6",0.163219780550166,0.262178376111224,0.0197230672426272,0.107580387645539,0.0991012622018429,0.348197126248601
"7",0.0827123556037287,0.128019070301745,0.215242210470496,0.159589280240065,0.0611157058731057,0.35332137751086
"8",0.125078789215017,0.218973170490069,0.247000263710571,0.166362426467812,0.180858296203761,0.0617270539127697
"9",0.0903050796943063,0.288510460175241,0.0496259341166833,0.339244423725261,0.0969085499993325,0.135405552289176
"10",0.0372472867587181,0.180054183934664,0.164989517913678,0.0613151922478725,0.220247457483653,0.336146361661414
"11",0.0572456314529735,0.31660269213044,0.188409611225009,0.0205753441934621,0.129309220350958,0.287857500647157
"12",0.0476474910927448,0.358586429248055,0.291832869438316,0.0882839802753831,0.0800909742449325,0.133558255700569
"13",0.25718816187971,0.252753204931873,0.0570798153427533,0.0362561072361223,0.262528434648792,0.134194275960749
"14",0.0547030502944202,0.0707041257286523,0.253631439812617,0.0965370628175146,0.147651324893006,0.37677299645379
"15",0.165232554256119,0.112991348029285,0.0441907250733309,0.258971614617889,0.117884830562959,0.300728927460417
"16",0.0819775752704462,0.15944378347422,0.201662317965049,0.417289142877507,0.0942064485072028,0.0454207319055745
"17",0.112159832992567,0.229132114706665,0.193922189420465,0.187244805369823,0.232819781505402,0.0447212760050772
"18",0.137668958261287,0.263424150269785,0.0602205976471974,0.242327540126778,0.218701187002763,0.0776575666921898
"19",0.171928601976409,0.119872442626439,0.313532725971816,0.166832349865616,0.0264875056263489,0.201346373933372
"20",0.195748209033445,0.290867314405995,0.0356547354492346,0.0383629069174721,0.343682982057811,0.0956838521360421
"21",0.160365160654456,0.113131533064967,0.354555612810662,0.131288993263314,0.0427207807097303,0.197937919496871
"22",0.168375324739991,0.265556723376106,0.133017725560627,0.13724584143422,0.249472561205187,0.0463318236838697
"23",0.00456965564567961,0.0275687885863148,0.354950253652712,0.13879477300062,0.177985195790897,0.296131333323777
"24",0.160868867986186,0.0756033775133639,0.177681656106392,0.134060255235866,0.124642769854218,0.327143073303975
"25",0.104822009926416,0.0325292409677967,0.29245163323143,0.0870233196006659,0.221619622796623,0.261554173477068
"26",0.144397594997706,0.0959159584878128,0.229523113136558,0.0800910830965088,0.220906447837654,0.229165802443761
"27",0.0721622342630528,0.203228192884354,0.315876521214232,0.134102358009846,0.212665448182036,0.0619652454464799
"28",0.0359096418359653,0.115606108002619,0.0293111192513705,0.268251714967903,0.27052327679845,0.280398139143692
"29",0.0744089030694385,0.267999910465329,0.0545803750150074,0.170562584832985,0.154354884774766,0.278093341842474
"30",0.143149979457613,0.154252956717546,0.173806670201298,0.235895584601687,0.203636401073739,0.0892584079481161
"31",0.230951261500864,0.0493529365941904,0.356606038670345,0.0771648133120741,0.0785142050219382,0.207410744900588
"32",0.00757899888166299,0.159339729191723,0.156028510338812,0.224205232352101,0.216321303488117,0.236526225747583
"33",0.0259349581009577,0.324462641918241,0.227690022091909,0.378756102801037,0.0251897221873365,0.0179665529005178
"34",0.121591753697819,0.0896438535462327,0.219316708906224,0.111623890326909,0.17495939156229,0.282864401960525
"35",0.0914187164024113,0.27164302681731,0.115682651482115,0.164336247798614,0.119301462197906,0.237617895301644
"36",0.141075740503193,0.0558437242360922,0.45252878497438,0.0452107173440905,0.276506272128718,0.0288347608135267
"37",0.153526892764866,0.272704297276493,0.315773809379183,0.155164838011654,0.0936975059777114,0.00913265659009236
"38",0.121170507126191,0.168501807110034,0.199194904500303,0.093785756603083,0.231918329667437,0.185428694992952
"39",0.168871856191836,0.0538773887421715,0.223217579417299,0.206945482293877,0.153592446649153,0.193495246705664
"40",0.109320291987497,0.0516873465312444,0.250586363365121,0.185569110392106,0.125616035492573,0.277220852231459
"41",0.0134347670265044,0.200439757093872,0.22368842209527,0.215616558429158,0.0805044483204146,0.266316047034781
"42",0.0782626329591869,0.17873032244438,0.0836916790845122,0.270023030382901,0.17133993488725,0.21795240024177
"43",0.0677892415349135,0.250147723421576,0.149012528058607,0.248128833176148,0.0987855453428158,0.186136128465939
"44",0.157808999246811,0.355915311087056,0.0281618172103706,0.263547944360955,0.0838046138501571,0.11076131424465
"45",0.044644934708142,0.086109057757847,0.325123322192527,0.266885468652612,0.262549202216152,0.0146880144727193
"46",0.0530984922073356,0.286781745472099,0.197808591555602,0.225608209216373,0.146279488516346,0.0904234730322444
"47",0.183414125365051,0.0776681362614922,0.107722146413162,0.310415350081122,0.0820669672767539,0.238713274602418
"48",0.0615497453458647,0.224848565382502,0.311699498596678,0.051661429852118,0.0853475584441004,0.264893202378737
"49",0.0751444547077643,0.228723214689337,0.0988480296533816,0.20726661617484,0.274222532882664,0.115795151892013
"50",0.0656864235700967,0.192820827656911,0.327102310944883,0.272326399838039,0.0631821833432593,0.0788818546468104
"51",0.145030831925924,0.0624792290785756,0.288555159654698,0.0779941068122021,0.144583723339924,0.281356949188677
"52",0.073718865811055,0.156150172508607,0.380973755610519,0.141805461403509,0.0776452620463328,0.169706482619977
"53",0.149199813814599,0.265606626134484,0.0461162728240159,0.14309991706726,0.198594953297299,0.197382416862342
"54",0.293011179723804,0.135840519452861,0.243580645672287,0.0742817251228167,0.182409947810838,0.070875982217394
"55",0.170452714078053,0.223736698444909,0.113589534803024,0.178135228197562,0.119936013611437,0.194149810865015
"56",0.0580525743351095,0.0509532537201239,0.359858337921432,0.0501347939566359,0.287107369930159,0.19389367013654
"57",0.0237459139924153,0.17732329662346,0.277347599824716,0.0322232361380399,0.224795085544805,0.264564867876563
"58",0.0248325003458143,0.0146701897187299,0.332554519112175,0.0944216815451548,0.283008464602663,0.250512644675462
"59",0.0402674341328652,0.180726916982982,0.060835868689773,0.291459181371373,0.130102084830023,0.296608513992983
"60",0.082425799509459,0.0412664267865345,0.268625926580489,0.147264871721092,0.224247660917756,0.23616931448467
"61",0.146418576906488,0.151722152636917,0.106065965991381,0.146422714973288,0.150316076713996,0.29905451277793
"62",0.25141652494821,0.0289281011836489,0.207451846705605,0.188845565473421,0.0970751964131328,0.226282765275983
"63",0.183815838108524,0.296360412422694,0.127356026659911,0.0212656529248935,0.0353567576497086,0.335845312234269
"64",0.11272245790085,0.252000153571699,0.0777681843750141,0.0779593732202892,0.0920910476114374,0.38745878332071
"65",0.0330462246565794,0.201289764567569,0.276153735576906,0.128676346448739,0.241606736336496,0.11922719241371
"66",0.0205002911156431,0.198577022970682,0,0.126802415898593,0.210749527193539,0.443370742821544
"67",0.226136772873581,0.0585400020648108,0.0610609954054852,0.349240033054307,0.0859434060617506,0.219078790540066
"68",0.00522143038182573,0.140978705001513,0.182686026852442,0.206619992133094,0.29379393845023,0.170699907180895
"69",0.0980367858401318,0.159540491018277,0.106230661246656,0.282179294334686,0.073654083166856,0.280358684393393
"70",0.13179831858579,0.176756777749066,0.214431966772736,0.0825509468599524,0.17206868123678,0.222393308795675
"71",0.0991013885321105,0.321789072117058,0.120119243005362,0.261767392724009,0.0531396763352506,0.144083227286209
"72",0.0431393215874883,0.123091797488157,0.597240023721665,0.0367324732644703,0.19979638393822,0
"73",0.204032181042175,0.0490923610466851,0.262098327784637,0.238158282482875,0.202413657221813,0.0442051904218145
"74",0.171907968329931,0.256639788706392,0.143997818113171,0.207948341310911,0.185266815565458,0.0342392679741364
"75",0.144643971023449,0.153414141043444,0.356806615298411,0.0329556229652645,0.0478883005009677,0.264291349168464
"76",0.146789532915165,0.149792439188259,0.331518357742501,0.14037301605723,0.117554777009791,0.113971877087054
"77",0.180116408610696,0.110616827480264,0.106497248152744,0.0980959305602353,0.254263690470229,0.250409894725832
"78",0.147264034625244,0.201431693577596,0.261812378774858,0.0340095096040245,0.280684313935422,0.0747980694828557
"79",0.0479729169390543,0.144817691486069,0.317639346895365,0.112996482461009,0.250667321170004,0.1259062410485
"80",0.0521151036736422,0.118299019174456,0.163983195961133,0.361026882590126,0.280029959910981,0.024545838689661
"81",0.0527022423388368,0.269389015098007,0.116184926441718,0.139210611935173,0.148339957917641,0.274173246268625
"82",0.191450307376558,0.16761604812374,0.257304099282913,0.180539011523236,0.0926837416702209,0.110406792023332
"83",0.00980498932780264,0.126236199969127,0.149435502935755,0.150277915171179,0.170444302661903,0.393801089934234
"84",0.109257588373685,0.0738811076109855,0.201420492425854,0.267403880338698,0.212090741348361,0.135946189902416
"85",0.0725775412563004,0.103050912287628,0.240096599727662,0.152687367923341,0.281112737491914,0.150474841313155
"86",0.0607843978939627,0.0785583124003499,0.260203327972269,0.253997375717309,0.093341373983065,0.253115212033044
"87",0.11243929811255,0.0333220967804287,0.36525598838623,0.229242747031817,0.250698401988225,0.00904146770074943
"88",0.143288299981408,0.221769302460224,0.298853089239682,0.111574431266935,0.121902791410042,0.102612085641709
"89",0.130856639944641,0.12446289566243,0.263986811752071,0.135045150771599,0.148135768146747,0.197512733722513
"90",0.218103336028346,0.0825245454292211,0.0755969874939497,0.297530167721838,0.0941555122432979,0.232089451083348
"91",0.0633884217831373,0.215339209530132,0.265712223942739,0.239754752168873,0.163637269315693,0.0521681232594259
"92",0.0836519686965899,0.0883463936741625,0.289348561451276,0.0362701831780283,0.141688028791025,0.360694864208918
"93",0.151313179381122,0.162483486036644,0.160220721023393,0.212561230929978,0.17201026244668,0.141411120182182
"94",0.124795148935279,0.352377359030324,0.0533513910788905,0.0306040697528258,0.269742812544318,0.169129218658364
"95",0.144294013626663,0.185222500387286,0.32632898011431,0.074980602848212,0.149882812013568,0.119291091009961
"96",0.148934969458169,0.371260895952211,0.081140772021064,0.100192312565598,0.274312257875245,0.0241587921277128
"97",0.173279774823269,0.067401874090931,0.267178976522201,0.168998245742805,0.228759402777757,0.0943817260430364
"98",0.128962308813968,0.20706216645578,0.119761260584139,0.141746275063519,0.0932568688640322,0.309211120218563
"99",0.132459027573307,0.158556429993599,0.205611700343057,0.0422949418407124,0.210364998166585,0.25071290208274
"100",0.111771264566596,0.0504887621664737,0.439950296226349,0.0157432711607299,0.135960904823178,0.246085501056674
"101",0.109333405290894,0.168385059481511,0.199587189696151,0.212545383547248,0.130696406051858,0.179452555932337
"102",0.0536011802008294,0.197711744576226,0.170791056026519,0.186700152044734,0.203649971543618,0.187545895608073
"103",0.107801160234211,0.212794223022405,0.27228072653773,0.185023029059066,0.154118205016524,0.0679826561300637
"104",0.0102619587008429,0.0973896232158118,0.0358301559334464,0.260348792675889,0.182536414053885,0.413633055420125
"105",0.0326178654595877,0.211818708565595,0.055874359359007,0.284604264903298,0.257558410023639,0.157526391688873
"106",0.043479217949614,0.331915537533255,0.168275396090476,0.274855266618739,0.0254245477729872,0.156050034034929
"107",0.154547562651794,0.202070179876025,0.293930652396559,0.0593512554212205,0.218074620091605,0.0720257295627965
"108",0.0278431687185925,0.474149257272201,0.046192656371134,0.247054658749772,0.164023868630292,0.0407363902580083
"109",0.145955734722709,0.108879722626787,0.11880433356264,0.196021484140933,0.178338077284835,0.252000647662097
"110",0.189355686990059,0.189121753709381,0.155059784061928,0.150726567885165,0.129309394283702,0.186426813069765
"111",0.0444706791590646,0.201991357257086,0.208053981191743,0.00978190896334851,0.27626109669911,0.259440976729648
"112",0.171614577809034,0.21085490162713,0.199031825910603,0.251555211474328,0.0767797434410971,0.0901637397378088
"113",0.000517410298771222,0.217582452138222,0.122637470556187,0.187469774813214,0.106830130639336,0.36496276155427
"114",0.176138103612771,0.306143477705192,0.129342250207349,0.0537813216516183,0.182560665235128,0.152034181587942
"115",0.1009315782408,0.246183995130796,0.24820648224845,0.165716870672546,0.0276333765979972,0.211327697109412
"116",0.14004438972064,0.182351824385001,0.0920609612424935,0.175090955040436,0.108414082182542,0.302037787428887
"117",0.127897989969047,0.175825022100577,0.243995132964723,0.183738631921649,0.152328084925344,0.116215138118661
"118",0.128268357936206,0.288286225684258,0.0513503529806727,0.271982786514093,0.229154655734395,0.0309576211503758
"119",0.0413948035304746,0.160077267178461,0.226652226868048,0.227811805085352,0.13290076819926,0.211163129138405
"120",0.0980633559671651,0.0686068078429373,0.327810500563242,0.202944963044011,0.0506628842590413,0.251911488323604
"121",0.209642952461148,0.22897898052719,0.170890394527415,0.104610889301206,0.103056727584096,0.182820055598945
"122",0.0747734745666801,0.127811900772808,0.320011199526563,0.0521289835513265,0.107907624707623,0.317366816874999
"123",0.183319674706596,0.0644321098332187,0.131971059704719,0.255819718987721,0.164474725541878,0.199982711225867
"124",0.15452182940472,0.202549434971789,0.206711940926737,0.0286083566380737,0.158332976740133,0.249275461318547
"125",0.169671629747552,0.160947691705587,0.177094175242846,0.27224127242121,0.150412575360163,0.0696326555226406
"126",0.0959794027962583,0.230004971014282,0.106700198715496,0.164828260235192,0.246367199806046,0.156119967432725
"127",0.0934507382614863,0.170116001341176,0.149688118645657,0.0623867271152642,0.223621998763313,0.300736415873103
"128",0.272230728739903,0.300891898627959,0.0600299612492223,0.0608536472507414,0.0453987776202882,0.260594986511886
"129",0.120791400717291,0.16105745372874,0.166236184595683,0.211330527211652,0.148460876340289,0.192123557406346
"130",0.0973276496633611,0.199297508222074,0.155494961360603,0.189558322080772,0.315405112875137,0.042916445798053
"131",0.113823472171206,0.11224796415873,0.350978977127409,0.1223399278793,0.148782474169227,0.151827184494127
"132",0.323116148359801,0.0555575440764637,0.338342793220541,0.0624314063568329,0.122408710051008,0.0981433979353532
"133",0.162540312081315,0.185412029898838,0.0649867693322669,0.301564814048926,0.250846010018388,0.0346500646202669
"134",0.115966279647567,0.0512168747709061,0.316877859412539,0.244340114781103,0.156538151742859,0.115060719645026
"135",0.0954810481291126,0.176992717832039,0.124330781085347,0.164148339562207,0.194181517565938,0.244865595825357
"136",0.180695628752575,0.0472880565217107,0.226798218130208,0.228542314795282,0.281809662453781,0.0348661193464435
"137",0.0456352356532839,0.0531028786550342,0.26071835837886,0.280471695897517,0,0.360071831415305
"138",0.0501002330304689,0.317140221260009,0.362289120789657,0.0743175654477115,0.163761014082239,0.032391845389915
"139",0.246788463984227,0.112735011250859,0.103744985854585,0.140129342003669,0.353097618827973,0.0435045780786863
"140",0.262967188742223,0.0411674620799612,0.154974154314859,0.344734857250745,0.0717874821491542,0.124368855463057
"141",0.0905912778897493,0.180917295887821,0.297567442072428,0.0278581388450162,0.0956544902850148,0.307411355019971
"142",0.204600993376903,0.05298992099187,0.151895771059164,0.11665991402851,0.136274561562702,0.337578838980851
"143",0.103977935651228,0.152414911238039,0.11070526109128,0.162608988532608,0.246905484173842,0.223387419313003
"144",0.0168073323789478,0.127555621519602,0.28117272279947,0.188342198949747,0.0801996557505271,0.305922468601706
"145",0.198555353030874,0.155607831349816,0.341481589600345,0.0790288018132804,0.0664327099182851,0.1588937142874
"146",0.156283210644239,0.221687289753671,0.279449733581683,0.0624556902693782,0.237246637868895,0.0428774378821337
"147",0.119989102360935,0.191127768659684,0.0470961215976291,0.0334783993470658,0.264271828962776,0.34403677907191
"148",0.112119496427104,0.271245935674088,0.0978164355177226,0.216672605242765,0.188899827397953,0.113245699740368
"149",0.0842005599508869,0.217555388120501,0.130436643008392,0.0287137362326661,0.139843895441651,0.399249777245902
"150",0.176848305069645,0.142560594613704,0.19410626261431,0.0458534890002851,0.0810172890936631,0.359614059608393
"151",0.0590405284519978,0.0864308989237562,0.479298290461029,0.148268856315171,0.0989296699726405,0.128031755875405
"152",0.218185436274289,0.101861562509384,0.0656743289605454,0.296439791220549,0.075546627753553,0.24229225328168
"153",0.0731007060016305,0.153245320824865,0.205660848266983,0.0929682608785838,0.202985882693153,0.272038981334785
"154",0.2194505507566,0.0489577357445857,0.363979570080744,0.026136302239103,0.2971565192011,0.0443193219778675
"155",0.0629563237349252,0.296198306728307,0.277192002466514,0.241631979068825,0.109059467689701,0.0129619203117273
"156",0.263902981165514,0.0950616216570223,0.345867872780352,0.0570118458918561,0.20921445565066,0.0289412228545961
"157",0.158016207229583,0.183666290351095,0.297264422456273,0.0587169090264606,0.248694667676215,0.0536415032603734
"158",0.147156951536957,0.166837245980604,0.030385224643711,0.246730133393278,0.181000704872387,0.227889739573063
"159",0.207380130506801,0.214752208348027,0.372612113393761,0.0403958125770043,0.0463805382034888,0.118479196970917
"160",0.102181475662051,0.166336845514747,0.200310623946053,0.144806432006202,0.173734593527861,0.212630029343086
"161",0.0583217139849931,0.284677611198372,0.212127784529149,0.265223263851481,0.153205440371747,0.0264441860642591
"162",0.147498278327747,0.249568183750103,0.149787472571041,0.181117751442122,0.14640183852042,0.125626475388568
"163",0.0408074456265393,0.193687149964853,0.0234876689409491,0.424300242469966,0.234051488097012,0.0836660049006811
"164",0.076243658542501,0.0609635917967109,0.16989672784058,0.32860650239753,0.0386800951720419,0.325609424250636
"165",0.0141955338643668,0.089341164749893,0.204999387155949,0.153126891765604,0.243467670872513,0.294869351591675
"166",0.148342594748162,0.173029007030363,0.300224247760082,0.0760398121848827,0.243350483698165,0.0590138545783449
"167",0.116980303514188,0.187361989611354,0.194384075462848,0.185052697179946,0.143888535221956,0.172332399009708
"168",0.047650677429332,0.0672703506485646,0.231021246774491,0.108156250064298,0.250026334594031,0.295875140489283
"169",0.0477880133990928,0.411988199742979,0.00965355114124194,0.0628603309268072,0.349530852309424,0.118179052480455
"170",0.176348386335848,0.194735846730197,0.0924210725594103,0.239145278181242,0.112758071769453,0.18459134442385
"171",0.232243619772279,0.231659549774324,0.216259019246942,0.15342384679001,0.142010029810581,0.0244039346058641
"172",0.0288487561562933,0.2382682942392,0.144328678128426,0.120023473217457,0.239181655749201,0.229349142509423
"173",0.0600432352888565,0.147367323531767,0.233845960589378,0.1544323515528,0.143472549741924,0.260838579295274
"174",0.0464803337949103,0.189299697753528,0.238028513208693,0.0912432471712713,0.019898710599092,0.415049497472506
"175",0.0895904840906225,0.198176050620787,0.223839248140337,0.240054763694462,0.0172412513587236,0.231098202095068
"176",0.260520169264979,0.149226854994868,0.106986200735708,0.166365675314153,0.190249653691373,0.126651445998919
"177",0.0412285140738046,0.362397210024164,0.0295632572610607,0.0747311146449389,0.129730501425302,0.362349402570731
"178",0.152066721815237,0.141097812307746,0.237203205923572,0.0777078175168821,0.18753863320575,0.204385809230813
"179",0.0283242197807309,0.275530512001831,0.0280342088675975,0.0613154786956808,0.428374390323444,0.178421190330715
"180",0.197014713952862,0.184263319123779,0.0862780420246955,0.101263708187255,0.209302682390862,0.221877534320545
"181",0.0881014009109909,0.101528264334642,0.294965467112802,0.0286463128034779,0.278968819370381,0.207789735467707
"182",0.160324617608544,0.204842938570031,0.212639788484118,0.20101857766826,0.175182953892185,0.0459911237768621
"183",0.177257216173541,0.312461642898363,0.136075048617316,0.0924017130614233,0.16456538079402,0.117238998455337
"184",0.13420825175335,0.31403801103949,0.252463140266179,0.0392549734832084,0.139602819296981,0.120432804160792
"185",0.0807023958768383,0.15652306644264,0.263070472313476,0.065816415856442,0.185929482079045,0.247958167431559
"186",0.178196498412657,0.241169514287985,0.213863633820871,0.15284023430075,0.0380037032406989,0.175926415937038
"187",0.158576370650616,0.277690792282252,0.168331830182056,0.0597349003720546,0.173409987307285,0.162256119205736
"188",0.128347597227992,0.0666480891713361,0.278677434584491,0.133923405911116,0.2494845612233,0.142918911881765
"189",0.04927083162291,0.221105972675418,0.198412323078677,0.211704277530355,0.154160240764317,0.165346354328323
"190",0.0439837956000161,0.123973993693106,0.40693023976525,0.172603938688362,0.217863104061412,0.0346449281918537
"191",0.111438599891327,0.166149019251146,0.330588618528589,0.224469990651834,0.074563691049916,0.0927900806271889
"192",0.13007909016965,0.060164558927574,0.0473346817805129,0.249620071662134,0.148645983711606,0.364155613748523
"193",0.104020818769887,0.308740640494634,0.214404834445606,0.0261144463706933,0.164597170289941,0.182122089629239
"194",0.12578722021412,0.120190230715898,0.260312337168769,0.029614292875619,0.162946319691335,0.301149599334259
"195",0.156960623772388,0.229985931135266,0.0238899096958267,0.281210784143552,0.205190660031743,0.102762091221224
"196",0.0863761983376971,0.170393112548781,0.325945579993783,0.0494005715757219,0.251702866983019,0.116181670560999
"197",0.0476514300107535,0.158804940894392,0.126983088229096,0.208146283779634,0.229556516251075,0.228857740835049
"198",0.0869840870539246,0.22384372071645,0.24246019170662,0.181544704355028,0.148136138805352,0.117031157362626
"199",0.130849745226052,0.0270332867547021,0.222774966776396,0.102397866931305,0.211915297525452,0.305028836786092
"200",0.115350407735409,0.224277724642132,0.272068177222362,0.250987424836717,0.0974758680289642,0.0398403975344158
"201",0.138571243419389,0.259996790023214,0.206156951119457,0.179540066124602,0.0420607553813516,0.173674193931986
"202",0.0253431881346365,0.135255605568953,0.278650452894935,0.219572864806303,0.334266828673225,0.00691105992194764
"203",0.0199929985198781,0.164916917082917,0.170621803798105,0.0586988285382823,0.320742211259402,0.265027240801414
"204",0.124585884204165,0.0475676867208795,0.404304436995703,0.239240432439793,0.151645747176991,0.0326558124624687
"205",0.113405663863773,0.20941469576418,0.173949547183572,0.185587891161304,0.0831990166681374,0.234443185359035
"206",0.0941219577102233,0.119483213704355,0.0773369364298249,0.231734157554569,0.227489919184402,0.249833815416625
"207",0.143298176919327,0.0365426754990854,0.216337813762838,0.256279672070017,0.0960465098114775,0.251495151937256
"208",0.203698269430166,0.393730866263886,0.0634645428217035,0.0772484621573205,0.167601459833334,0.0942563994935906
"209",0.149448058638861,0.124795691728602,0.142182902882797,0.261370841411647,0.14464676599517,0.177555739342923
"210",0.113500383094279,0.204675254133325,0.218119804021264,0.209764990342552,0.0304040574723934,0.223535510936186
"211",0.129101593391887,0.277349766928337,0.200422697067636,0.23807050309522,0.0904842279206198,0.0645712115963009
"212",0.0836343788354947,0.216923058243168,0.201012628354499,0.0995661625811798,0.087760199236808,0.311103572748851
"213",0.128424595734531,0.22490633134455,0.158699120017935,0.141851062010419,0.187910440739042,0.158208450153524
"214",0.0898830876444813,0.0896624377028388,0.393462970494157,0.151649467051218,0.164670481814879,0.110671555292426
"215",0.0843151561982902,0.299526476152909,0.0458404556760418,0.189760380737012,0.267745339149158,0.112812192086589
"216",0.121475119832554,0.181570957487746,0.114490540437178,0.174886241905829,0.156839237832545,0.250737902504148
"217",0.130198400446675,0.240986768533388,0.0290196018788636,0.276439616820986,0.14307849444058,0.180277117879508
"218",0.149979482461406,0.150646090133477,0.135792301683817,0.178261563068959,0.186093503327977,0.199227059324364
"219",0.059596073718308,0.0302441037662397,0.222096646204421,0.0974367761897023,0.286398404132608,0.304227995988721
"220",0.0472456671017302,0.28099844904741,0.355283586749266,0.165248388083072,0.124991081058874,0.026232827959648
"221",0.0714004285374178,0.115822420637972,0.201358920523581,0.183025476863525,0.253928479168002,0.174464274269502
"222",0.121047648658978,0.116930516189726,0.346747423919562,0.0290785858658239,0.052839479931868,0.333356345434043
"223",0.0339147483229248,0.0134758676786209,0.221048403544682,0.228706849240938,0.277205544239699,0.225648586973134
"224",0.155379703807138,0.0522647773804617,0.272435973567105,0.0668973447870209,0.0649275272628743,0.3880946731954
"225",0.108829388307815,0.0360133923925627,0.263540604310684,0.118686100214802,0.18291404710003,0.290016467674105
"226",0.0794512322005371,0.1185130098988,0.248573672528702,0.0542924829672899,0.224023707009532,0.275145895395139
"227",0.181612666390016,0.071277499920283,0.124484225577344,0.259777140376035,0.0811436062900893,0.281704861446233
"228",0.104814954823084,0.146465160836129,0.226103630979023,0.174788284676871,0.178385738529509,0.169442230155385
"229",0.231337791972934,0.219444859866786,0.143929861721199,0.0879757970427989,0.254812080487951,0.0624996089083314
"230",0.103035779463269,0.174360501905973,0.128397364254111,0.361227213947739,0.0377877953943403,0.195191345034567
"231",0.0384799879947807,0.101350143769196,0.379875322741276,0.242559896747658,0.168580061623664,0.0691545871234258
"232",0.210893207417224,0.142688246532864,0.140129141965804,0.221432497022798,0.207123694115384,0.0777332129459267
"233",0.0909107749403593,0.132476893597835,0.25164595337989,0.112632804345934,0.173530333963628,0.238803239772354
"234",0.153507215716278,0.242000628794243,0.131969211767844,0.247808953990814,0.182571050547371,0.0421429391834502
"235",0.0250693710339589,0.238873331687744,0.194103542156897,0.117446484208957,0.312394730170913,0.11211254074153
"236",0.0394698585403247,0.0180379247385442,0.369008408445717,0.306602773201807,0.0849358127507845,0.181945222322823
"237",0.00717063438567645,0.196850850620984,0.189555534794894,0.243512646263911,0.214749678880423,0.148160655054111
"238",0.141059033315028,0.261456198456451,0.104772427968034,0.211656021309948,0.228026966714372,0.0530293522361676
"239",0.113994745715128,0.133880780047709,0.0288945270475438,0.224004491921751,0.228854188974982,0.270371266292887
"240",0.117870654491035,0.227842231500348,0.141448900915399,0.21729090701987,0.261325176761207,0.0342221293121397
"241",0.139735517851006,0.243189518560223,0.0639971410883221,0.273515403369969,0.0420482504397403,0.23751416869074
"242",0,0.212190369436174,0.333755996494237,0.0951511453067589,0.0801694329408391,0.278733055821991
"243",0.201046042376863,0.267561781746975,0.190893962979509,0.040276914609225,0.0197061028544389,0.28051519543299
"244",0.16353014932474,0.0638137557746115,0.274936760971881,0.0449060367715635,0.251193391701547,0.201619905455656
"245",0.0220144090095367,0.278800149492635,0.223611221517186,0.00598241784729317,0.276160006217126,0.193431795916223
"246",0.0550215783975557,0.199545778792322,0.167104141308233,0.213412673674385,0.14158094943595,0.223334878391554
"247",0.177515168009105,0.252602378109615,0.228564514983107,0.254115771596352,0.0496120791769728,0.0375900881248482
"248",0.0528727016264085,0.196233364410941,0.370154523200667,0.0358935042840215,0.187876389092035,0.156969517385926
"249",0.129992293228264,0.19362901905092,0.172123115111714,0.226466387211978,0.242943995123804,0.0348451902733209
"250",0.206062101534818,0.181665690321835,0.102470483373109,0.261496489656207,0.149329416263863,0.0989758188501692
"251",0.152918150167558,0.269161387801678,0.083166709953874,0.0869779154404997,0.161534780737244,0.246241055899146
"252",0.0710091759131107,0.129039025832297,0.275066654362382,0.298322771448605,0.0797366350638785,0.146825737379727
"253",0.0599435461578768,0.0535281339678188,0.413309931475396,0.214007628781608,0.162134336030495,0.0970764235868066
"254",0.0282908509651078,0.20382030849595,0.160891012765136,0.214185852965184,0.13031113995385,0.262500834854772
"255",0.232551641203693,0.39200514185621,0.0301814867444921,0.166834815210163,0.0923228810060709,0.0861040339793715
"256",0.0935555056608063,0.0186677324615087,0.293640697369243,0.0382435285424056,0.479653274650152,0.0762392613158844
"257",0.0924332076335844,0.261697344755376,0.195808921677773,0.09933011566622,0.256216324398214,0.0945140858688324
"258",0.0494903450034855,0.306125264646061,0.153189130438988,0.105262040793953,0.0932088626585161,0.292724356458996
"259",0.190241923588023,0.202664294781881,0.130745822033898,0.070964977871504,0.221385628369014,0.183997353355681
"260",0.136479866619416,0.22486691175077,0.198790064228623,0.221997150804536,0.0504852977255787,0.167380708871077
"261",0.128944685315932,0.270425120049403,0.227123389854923,0.0400130491962643,0.213409516968061,0.120084238615417
"262",0.164920204459613,0.22353351533614,0.135500433429961,0.128575711879207,0.220199256606017,0.127270878289063
"263",0.0937842761183881,0.160140849212966,0.233669442748697,0.0517334152555184,0.252291585566654,0.208380431097776
"264",0.163946601083807,0.0944486876138356,0.11488534800605,0.11195726003888,0.222972465230977,0.291789638026449
"265",0.0794470510022377,0.0602751682484083,0.337099497313035,0.207499032802589,0.0770671429752397,0.23861210765849
"266",0.129813917381465,0.17527410738893,0.322889604575306,0.278917833706326,0.0582229600174912,0.0348815769304824
"267",0.0898972472667834,0.033054660961138,0.259853823468828,0.0045000833632728,0.227812755279173,0.384881429660805
"268",0.0536804882966381,0.296421778048045,0.060045827350861,0.275720474792233,0.0160096709811069,0.298121760531116
"269",0.156106788159415,0.0950532834394874,0.20602330407738,0.0502256927768196,0.434406468516492,0.058184463030406
"270",0.298126752243605,0.101031543303288,0.160526655950806,0.118803353309171,0.101170707935861,0.220340987257269
"271",0.0337303204317015,0.235594947107373,0.165557957782424,0.143102287963448,0.219204309293015,0.202810177422038
"272",0.0624433676791585,0.0693726298993477,0.348323161092859,0.310008094115969,0.0488238228272466,0.161028924385419
"273",0.141775882730915,0.213991671508747,0.283406955604769,0.0537303672395946,0.084681699410016,0.222413423505959
"274",0.170321925850581,0.225910420809318,0.129623926605645,0.0814251299342285,0.25500394821516,0.137714648585068
"275",0.0517212337125976,0.338084798911417,0.121012691870506,0.164838811764787,0.243415757659085,0.0809267060816061
"276",0.104499380556665,0.146695508335891,0.127012040479219,0.434519280575931,0.0920338296221653,0.0952399604301292
"277",0.119069478756385,0.222807824417888,0.289396035373429,0.25926957363975,0.0504612700356672,0.0589958177768817
"278",0.0924946151855359,0.17981544995299,0.149085187550117,0.0110934028497127,0.250708356928956,0.316802987532688
"279",0.0610604915720977,0.235394243812922,0.0273265864578665,0.194026708883367,0.21579859921016,0.266393370063587
"280",0.0631661790036309,0.269862129502411,0.180199400073556,0.101034452650035,0.14060071986338,0.245137118906986
"281",0.139724095523762,0.250947093228856,0.0566580832869832,0.262240439104005,0.256070409273774,0.0343598795826203
"282",0.0811133057874884,0.150413311719975,0.337640628308562,0.100644637827195,0.0990804071137002,0.23110770924308
"283",0.0844469073289116,0.296326489428739,0.245490651477953,0.221734830615171,0.122890422189878,0.0291106989593476
"284",0.0844929185005086,0.232747104579902,0.287711302145167,0.18056410754943,0.0932784351655478,0.121206132059445
"285",0.103052508862981,0.246784281385816,0.247999567540393,0.185064849967363,0.137118834303941,0.0799799579395051
"286",0.0600380393624874,0.269787135433904,0.0785734501822447,0.246863236180408,0.198525053253655,0.146213085587301
"287",0.144842196865711,0.0741389750333675,0.228810598389479,0.208173973293291,0.216423019296486,0.127611237121666
"288",0.122657592284184,0.161321686019636,0.0962020849458084,0.200420590323526,0.197991578527692,0.221406467899154
"289",0.121697242190447,0.17278386314583,0.207543998965522,0.179877435102071,0.167085819836767,0.151011640759364
"290",0.0499794070585649,0.0199993250398058,0.312049467165366,0.2950451882578,0.287870050263505,0.0350565622149585
"291",0.033944739487175,0.13586030497283,0.265114088577372,0.156267739175756,0.192566464412747,0.216246663374119
"292",0.088019759578088,0.152075261292087,0.223336934713877,0.26291564257998,0.0900825444805051,0.183569857355462
"293",0.109735204358037,0.173732242182181,0.0665335151539363,0.297212444946015,0.141172941562927,0.211613651796904
"294",0.0333102102714646,0.13055807266303,0.0820056054787296,0.260415020557738,0.195211105679225,0.298499985349814
"295",0.135062016264833,0.184395159409123,0.0850197010287701,0.133283346669977,0.193984928468318,0.268254848158979
"296",0.182403167684148,0.354781619484847,0.0299212425937684,0.30656167201985,0.0756645013793821,0.0506677968380053
"297",0.095206072660526,0.226764161886657,0.207995797555791,0.24681439969232,0.0185591477706448,0.204660420434061
"298",0.0660226891810776,0.132072611075642,0.132125600671594,0.382578882483634,0.042240622946681,0.244959593641371
"299",0.0401518093022115,0.259155222131066,0.221241375763927,0.193328661904926,0.105144725308492,0.180978205589378
"300",0.0558202969771914,0.399441012179902,0.00447458461854457,0.0173491633933178,0.355203948483423,0.167710994347621
"301",0.00748418174568838,0.303890110058802,0.119521684197546,0.188070975796868,0.0727414972907305,0.308291550910365
"302",0.0382279169042122,0.222765584567931,0.275014999649301,0.143837862914137,0.244897810242598,0.0752558257218204
"303",0.123556012064917,0.171747050333735,0.199794146721303,0.196713926439413,0.188900876229866,0.119287988210766
"304",0.0210875333147142,0.141559077724265,0.0656357908896906,0.101461569178238,0.31838838299043,0.351867645902663
"305",0.0169343643997924,0.11438697408905,0.355136740352259,0.216511995459358,0.187339669183741,0.1096902565158
"306",0.22297901185174,0.228976360198439,0.241765872841359,0.0572943731602364,0.194909436879761,0.0540749450684648
"307",0.0792168696427222,0.230599434657976,0.0458990305237718,0.0882194804594821,0.312036195634335,0.244028989081712
"308",0.120072627445032,0.0286075835372078,0.253446666665841,0.201199188034845,0.200737374380028,0.195936559937047
"309",0.0820890720033793,0.207551761913964,0.420283337208853,0.0985526810545276,0.191523147819276,0
"310",0.152114272066784,0.197309539717227,0.226757211067678,0.0559300691028119,0.179205130533657,0.188683777511842
"311",0.10749415958732,0.15517668972054,0.20694294156708,0.244325333285864,0.0550837889085522,0.230977086930644
"312",0.118312592644033,0.26395374601891,0.0463481613562079,0.220846834015101,0.234012073205527,0.116526592760221
"313",0.13118531670993,0.247557742226771,0.0933080051117408,0.0542773514470536,0.166462907926366,0.307208676578139
"314",0.15600060701984,0.100983945103061,0.269473449602512,0.0539742104378048,0.195530920932349,0.224036866904434
"315",0.0174122744930067,0.0791424558554984,0.381506101652117,0.31589488165309,0.112384576363366,0.0936597099829213
"316",0.17386218297517,0.178601634468946,0.261418866031888,0.0500513331728604,0.171724618905325,0.16434136444581
"317",0.208936042063225,0.280687608834226,0.0664688519175539,0.0466244724969036,0.191610006520904,0.205673018167187
"318",0.0389444107183899,0.215842734851636,0.0799824043462166,0.297141407928593,0.209364910949102,0.158724131206062
"319",0.112640661170586,0.139023934958756,0.176435582298336,0.176849444016861,0.154304568090442,0.240745809465019
"320",0.123703142610766,0.0328860415777201,0.25279027754007,0.114778074019899,0.188189470883901,0.287652993367644
"321",0.0964112711675843,0.100545607836346,0.159462382873698,0.29185257597468,0.192957341494502,0.158770820653189
"322",0.0947341619427162,0.0833412588849501,0.0784578224272405,0.297850500810325,0.283876726910517,0.161739529024251
"323",0.16922538109347,0.132661851576324,0.315367790884064,0.229934452039491,0.0735125542607882,0.0792979701458626
"324",0.234366682548899,0.167613075831255,0.105563068895059,0.35014296459333,0.0832009535589425,0.0591132545725138
"325",0.150837080682987,0.0560417707411359,0.210059744203378,0.221864365776341,0.238350433672937,0.12284660492322
"326",0.186734202174429,0.171643735025912,0.375387595186415,0.0766688616596462,0.0747904234708548,0.114775182482743
"327",0.0598566837961726,0.188771067127151,0.158725948929622,0.175458546733749,0.194547584539866,0.222640168873438
"328",0.10553121934864,0.252388904254114,0.159786150339632,0.237212698805311,0.0378790740698421,0.207201953182461
"329",0.181706633568542,0.135736951558789,0.352727990310794,0.166923410211249,0.0647138595868427,0.0981911547637835
"330",0.0942331097898538,0.102357648600336,0.362103975086594,0.268592996649819,0.0278394121438696,0.144872857729528
"331",0.0943096753261023,0.204930757347996,0.222415700932289,0.0979292486967269,0.13257798282907,0.247836634867817
"332",0.168684157946947,0.0937409195079614,0.254564468150648,0.218390709101743,0.230435095458942,0.0341846498337599
"333",0.0947556265071724,0.146451100431288,0.125271199542099,0.245389128640603,0.0624479416779472,0.325685003200891
"334",0.104373426379577,0.156323732199025,0.0702321308542787,0.248207991243847,0.0508684535931225,0.36999426573015
"335",0.113606432272039,0.265807303608816,0.0188481805163267,0.199079861901093,0.184849142676256,0.21780907902547
"336",0.0685473049678317,0.020153022172297,0.304144668966295,0.184118417796863,0.103611962873328,0.319424623223384
"337",0.156864475371378,0.0673537924740787,0.290053941206711,0.195616475195595,0.0485678788969865,0.241543436855251
"338",0.0967057476505899,0.103323371915293,0.349587329161736,0.157995651922899,0.146582711798196,0.145805187551286
"339",0.171078319614357,0.0737575832020818,0.0618574468400367,0.320233406917604,0.0136784731224281,0.359394770303493
"340",0.125488906932901,0.214058317401697,0.162560325887644,0.114767082281036,0.164712777625798,0.218412589870924
"341",0.211469215572029,0.0671921968659872,0.0858901597548542,0.159132132821414,0.297929958918685,0.178386336067031
"342",0.0533015430156639,0.128431006749706,0.220863626417837,0.247063750562925,0.196944884039487,0.153395189214382
"343",0.214166920057885,0.0721579946612954,0.23581850986356,0.153714680906818,0.189434345045311,0.13470754946513
"344",0.119227339260198,0.135389865586335,0.260406476271092,0.0511142905403059,0.144395311329034,0.289466717013036
"345",0.145325495855186,0.0458699168450351,0.477625046762309,0.0929716156508753,0.114753430654167,0.123454494232428
"346",0.010807143807161,0.247303928779158,0.120907711944478,0.35879401585009,0.0471309161303932,0.215056283488719
"347",0.114919931808264,0.184538269463788,0.337394860561412,0.0179673701408563,0.0172047928099275,0.327974775215753
"348",0.233639302512043,0.0411293396637682,0.138972137868779,0.106100705020619,0.306846983999211,0.17331153093558
