"","neu","NK","CD4","CD8","B","mono"
"0",0.158507377164238,0.21321454585918,0.290309805663123,0.0507287100731752,0.242924522552643,0.0443150386876409
"1",0.102779839612567,0.185954244567472,0.144100472166578,0.309050587198849,0.0929586325525277,0.165156223902006
"2",0.125794727137208,0.0591294152298027,0.297162889430692,0.228464981453441,0.0931894353999831,0.196258551348872
"3",0.082130104900419,0.363942913131083,0.32184965059003,0.0682551327035232,0.0363048129083164,0.127517385766628
"4",0.0287904142714715,0.469993205572173,0.055616153902254,0.239088759932889,0.163590650416327,0.0429208159048854
"5",0.236608035964222,0.105707466015517,0.129023308800963,0.360630120641987,0.0260656333825143,0.141965435194798
"6",0.0129328029898061,0.202333009869083,0.361213743961944,0.29054035768194,0.130165315475173,0.00281477002205264
"7",0.194646822604101,0.066046239039565,0.0370186428222606,0.230347737700715,0.0814518486074511,0.390488709225907
"8",0.0720009190515939,0.21434553478375,0.160813958273457,0.223125718852761,0.153962618239657,0.175751250798782
"9",0.100418099998694,0.229023345395262,0.0787859272915082,0.254598336807567,0.267511911417655,0.0696623790893131
"10",0.14759939067094,0.12859999559256,0.189255344836811,0.0207862182208624,0.0651563158217933,0.448602734857033
"11",0.161402945543501,0.115426761329188,0.186243060496388,0.191732586146759,0.0420765178918253,0.303118128592339
"12",0.170173872622362,0.175887735338442,0.0954077598589011,0.214108346435063,0.106741688903388,0.237680596841843
"13",0.176073162199804,0.277354209761654,0.157135188396672,0.154599607273413,0.129789926277555,0.105047906090903
"14",0.0795338336084124,0.0744209420981481,0.328717102214411,0.192194709168503,0.0314630174633355,0.293670395447189
"15",0.0262741682369705,0.173427290998334,0.319726875633398,0.107634881994303,0.209837362989041,0.163099420147954
"16",0.0511387574818828,0.00673658111898916,0.106820824509191,0.219024971917848,0.269996570117482,0.346282294854608
"17",0.163737130544924,0.0987323067090974,0.0813379718225848,0.209936091404404,0.242938571575046,0.203317927943944
"18",0.0640289567343807,0.0909652951659736,0.165170485609218,0.191691629983262,0.19723257905175,0.290911053455416
"19",0.0111090965050844,0.385396573234444,0.289867697012982,0.0568333079643354,0.00109621557600327,0.255697109707151
"20",0.0231416901259817,0.0754310102523003,0.501742479687503,0.151681060830887,0.113942199605348,0.13406155949798
"21",0.0132526773587456,0.237286166276007,0.2459135846834,0.193243559334438,0.0889251382800739,0.221378874067335
"22",0.0155825262582887,0.146271401890431,0.310192784573855,0.217942062622194,0.0421332579785432,0.267877966676688
"23",0.154184159354437,0.191977048673987,0.363822431765968,0.13584512928981,0.0532386855030164,0.100932545412782
"24",0.149075267484134,0.141384084858607,0.205278231548372,0.0425367381202138,0.196080322131486,0.265645355857187
"25",0.0123558892604222,0.306627747135115,0.202585665323434,0.141379774141521,0.071880882950969,0.26517004118854
"26",0.165300691465979,0.148871474414591,0.174742550629199,0.207771927718931,0.166455315438858,0.136858040332443
"27",0.0652061899546315,0.373341155356167,0.0573944764019816,0.30744929393237,0.140370389744384,0.0562384946104658
"28",0.0290734105576657,0.0540532761085042,0.0951511315588897,0.360998450335835,0.260284959399425,0.20043877203968
"29",0.080015358640936,0.259130623790974,0.214139520600986,0.0491030028169843,0.198414245523288,0.199197248626832
"30",0.0971496920144316,0.318350468547737,0.0724459594256658,0.1677736107068,0.306995231061696,0.037285038243669
"31",0.210218360949709,0.209599665847561,0.390594337871037,0.0767912263521589,0.0229353603310466,0.0898610486484865
"32",0.0932102410328113,0.0849392172634562,0.320939288873982,0.409857295199894,0.0386918676569045,0.0523620899729521
"33",0.00760777707634407,0.242000547444252,0.349067383774574,0.31983450903535,0.00733108001395448,0.0741587026555248
"34",0.206026600404266,0.106788381259521,0.255881403397699,0.283179145070051,0.0592715702933506,0.0888528995751128
"35",0.115354368421145,0.129571818134621,0.113001914324886,0.125782166746323,0.22084909819259,0.295440634180436
"36",0.0470655986620891,0.13925120992306,0.154177897358424,0.270700531350194,0.214463726474247,0.174341036231986
"37",0.19102586059899,0.0937703840579328,0.0801208290461264,0.0246037173295549,0.0490002340612497,0.561478974906147
"38",0.0848226265904826,0.145444307756832,0.550331077609417,0.0367891025381291,0.163870777159175,0.018742108345965
"39",0.0379370149308459,0.0195670549231469,0.128483182021173,0.272748544369682,0.235256060613749,0.306008143141404
"40",0.102141723226983,0.251941532512088,0.0939501952516861,0.242090579883523,0.047465144737336,0.262410824388385
"41",0.16360858233057,0.335969727516576,0.0864198846862173,0.272316355082933,0.0761643202294279,0.0655211301542765
"42",0.202400133300745,0.301006077983522,0.0671412524833524,0.0620823807649182,0.158355420337095,0.209014735130368
"43",0.111604628341331,0.0430648824908591,0.347127458571279,0.166165275686935,0.100245930418958,0.231791824490638
"44",0.00830587064830845,0.0764553962870619,0.166586835187882,0.149992734372533,0.327086081942039,0.271573081562176
"45",0.0579480395139069,0.290389036540117,0.216410977913537,0.143472495600829,0.213053100249076,0.0787263501825346
"46",0.173547449453535,0.0681990688906794,0.198665657451426,0.269414034691057,0.170634243880582,0.11953954563272
"47",0.14660778865404,0.250614258855179,0.104202204752006,0.296229231930365,0.170161434253407,0.0321850815550021
"48",0.125006777531483,0.0978348255846586,0.122401544744549,0.116796530077894,0.255263172045979,0.282697150015437
"49",0.143423102199041,0.0108963139723614,0.285070320186027,0.290830021314996,0.0570489516388027,0.212731290688772
"50",0.010098724588088,0.234618128036716,0.122792534098192,0.378791881153786,0.0814073802847641,0.172291351838453
"51",0.118721993609429,0.193916913635482,0.188728086898364,0.169535013077871,0.187951292996574,0.14114669978228
"52",0.0831257310395182,0.154218499137382,0.285239172580842,0.152953146538722,0.163096104493017,0.161367346210519
"53",0.169279280664657,0.10891255692464,0.230187692621145,0.218966560630094,0.164135679111969,0.108518230047495
"54",0.0442404158068179,0.527107090776162,0.137792167695121,0.046195815771051,0.176591004073369,0.0680735058774792
"55",0.319984660330101,0.105491135133099,0.246589538545433,0.061064703893252,0.13175857806577,0.135111384032345
"56",0.0217628355985133,0.271629216408958,0.173618350803335,0.235234437781852,0.101964659285358,0.195790500121983
"57",0.142069555409717,0.141922914381538,0.20101751098322,0.190754269444976,0.225773729599904,0.0984620201806448
"58",0.21608612049543,0.101462066755103,0.313645048573684,0.030035387036561,0.23017042262148,0.108600954517742
"59",0.0751847847511861,0.029241936312372,0.0201563909750312,0.274235715548458,0.243969475894823,0.357211696518129
"60",0.0167170556512983,0.28547606309752,0.187524672323682,0.148521360066411,0.17560031634626,0.186160532514829
"61",0.113481396365129,0.0755130882868288,0.167003149070079,0.212895428927531,0.182667244214104,0.248439693136328
"62",0.103594760000587,0.245567866814922,0.245646962851558,0.230160951394843,0.0843546363561481,0.0906748225819422
"63",0.143136227131596,0.194346173745815,0.242807993507977,0.134615061962428,0.0425139212233962,0.242580622428788
"64",0.0928168408369144,0.0898540319052118,0.104550331039242,0.17914547174758,0.252107635958539,0.281525688512513
"65",0.156198495981329,0.236533257273487,0.053629629586458,0.23494957427338,0.247998877912026,0.0706901649733196
"66",0.281343047046605,0.0523660839629266,0.0612574507785224,0.0462588307481413,0.245201757061807,0.313572830401998
"67",0.23411819379613,0.235759215829186,0.102515776025858,0.0701387802019397,0.285017778865745,0.0724502552811412
"68",0.106134125559329,0.1562246435193,0.397971445381468,0.0198669220085992,0.153309368705211,0.166493494826092
"69",0.185440242174936,0.0538192269284363,0.242967765945458,0.0647148480590928,0.227087790896949,0.225970125995128
"70",0.0556726624517783,0.0478316771997743,0.193852587212934,0.318190580579263,0.294499347483381,0.089953145072869
"71",0.244590754847306,0.0552183323747766,0.129186918170493,0.214950988802757,0.0313939714464261,0.324659034358241
"72",0.11567616382735,0.222898811181444,0.21457487557723,0.0980567111434988,0.219615267294982,0.129178170975494
"73",0.135253742481703,0.225388710997119,0.227264910434534,0.124352433697075,0.021894218827814,0.265845983561755
"74",0.11669746806037,0.278097397305947,0.34280867655885,0.166252203494328,0.061339672011596,0.0348045825689095
"75",0.168466910769602,0.119337080160492,0.248335709257559,0.156438815718627,0.0315042693813674,0.275917214712354
"76",0.0295719824539101,0.219268752090187,0.242404567193259,0.121218232112026,0.0558733491682038,0.331663116982413
"77",0.0658672811743652,0.269813019618125,0.0279959751207756,0.179879208256717,0.13484356716964,0.321600948660377
"78",0.0443332552199086,0.25573067554832,0.233026936639252,0.25146614024919,0.169962455001609,0.0454805373417206
"79",0.0472392002125859,0.119038341889466,0.150127543439223,0.080865414988665,0.264633636274251,0.338095863195808
"80",0.0133343464103,0.197167498520392,0.232164029920035,0.0351699836780333,0.0233841357749451,0.498780005696294
"81",0.10026188759602,0.241218805443137,0.158963395105345,0.220024884100173,0.00971500073340504,0.269816027021919
"82",0.0191408992023248,0.115940294398997,0.18227860683332,0.0284912236860543,0.323545587304305,0.330603388574999
"83",0.101218385340733,0.154568990183089,0.123080949932554,0.373740894290781,0.129364882793012,0.11802589745983
"84",0.113478335788,0.190116461835295,0.328781200663565,0.151128303307452,0.130510197215527,0.0859855011901594
"85",0.0402431907587757,0.258333722087768,0.158703528667824,0.241073515272226,0.0485817601303315,0.253064283083075
"86",0,0.232724079139595,0.0644295386649135,0.0525034347937019,0.185484062139092,0.464858885262697
"87",0.102096294085931,0.0882769827967497,0.257939722961492,0.124333783266297,0.200683624245237,0.226669592644293
"88",0.00606890605362837,0.107333988998228,0.370843715034406,0.0318076795915065,0.157143540151127,0.326802170171105
"89",0.246158192122074,0.293130971863639,0.225357292990979,0.0830520652377624,0.0740627736609698,0.0782387041245757
"90",0.140600970879312,0.118726741359622,0.0996166290260313,0.216829083056864,0.133121269028062,0.291105306650109
"91",0.134737744181531,0.167521679976678,0.0887201631925377,0.0441584481520789,0.21868576864902,0.346176195848153
"92",0.177205942377563,0.215227781040448,0.164496891943332,0.099024405029365,0.15167087623691,0.192374103372382
"93",0.0444901277916731,0.136667828116353,0.335820839955321,0.141399653079083,0.0749516873588007,0.266669863698769
"94",0.174258745830793,0.0188602687674854,0.063890235891605,0.174015186436138,0.209215988713787,0.359759574360191
"95",0.0432214111020918,0.188442072375754,0.156080121724895,0.205998719600556,0.196236320860392,0.210021354336311
"96",0.12614108316342,0.21191524272775,0.296802741638023,0.2464599440513,0.0793367923875125,0.0393441960319957
"97",0.166250115177818,0.0452781550317698,0.27851477294323,0.0561956384550098,0.306475195559983,0.14728612283219
"98",0.121216666608749,0.0548289681971395,0.253882834811564,0.155425019311037,0.228428869125983,0.186217641945529
"99",0.04913480841109,0.246514987845179,0.155600226328223,0.103330974028573,0.242504948998607,0.202914054388328
"100",0.0512836406676277,0.0264997184009297,0.228756760668337,0.250404656257929,0.241560314204758,0.201494909800418
"101",0.154158197437556,0.0670315866009448,0.316940635502122,0.285321427350781,0.163088802201128,0.0134593509074683
"102",0.0786968978071536,0.124802730387494,0.251284556610257,0.209635419509593,0.182762772471056,0.152817623214446
"103",0.0579433900308635,0.337509129885771,0.151775708922242,0.364828161890356,0.0473443030376647,0.0405993062331016
"104",0.142277088430829,0.233951116716916,0.127654228555433,0.170662359782863,0.209500797843914,0.115954408670044
"105",0.0961405384960744,0.243504883335777,0.205843264109478,0.080253606868023,0.126429462380097,0.24782824481055
"106",0.0684177981053216,0.265030934578912,0.171703194961103,0.0472590293842416,0.160045454764085,0.287543588206337
"107",0.0743518448595669,0.145459244302551,0.121961023381534,0.229835785039019,0.215936370781215,0.212455731636114
"108",0.036932018979976,0.0837077604903289,0.293763700838606,0.147402883249541,0.165394052352985,0.272799584088562
"109",0.170301838885946,0.153472226164627,0.289564195252364,0.0626034108715761,0.054393712904502,0.269664615920985
"110",0.0778409350134643,0.104514824092709,0.243502719922212,0.158530679618798,0.199065003828429,0.216545837524388
"111",0.0461387735587735,0.150298435706021,0.250447118571585,0.269759259092771,0.253614620255625,0.0297417928152246
"112",0.128151886338223,0.189919578215922,0.0780068759524899,0.231243898393425,0.170528116189217,0.202149644910723
"113",0.105540154287112,0.155258808224271,0.262092979711853,0.0586010416721266,0.14223204300065,0.276274973103988
"114",0.0414895067667714,0.0410719324771,0.538590073342469,0.212673192760664,0.0279215638321211,0.138253730820875
"115",0.0450230653322692,0.0816054303365672,0.244178097042621,0.157875927453066,0.238430115730793,0.232887364104684
"116",0.0947456078406335,0.388701091919135,0.197086618633862,0.237664479634544,0.032898575702278,0.0489036262695472
"117",0.212729324973644,0.0619163331345235,0.14048710631741,0.156052116359079,0.0348879214694458,0.393927197745898
"118",0.0159131950701047,0.237686189339184,0.358552382104914,0.0879199934825003,0.14916052124814,0.150767718755156
"119",0.159340860798501,0.299454610204066,0.0284441532053383,0.203594242077232,0.261466929594145,0.0476992041207182
"120",0.0157876624064281,0.0266900830680051,0.261711127194707,0.143023372706957,0.1459151912985,0.406872563325403
"121",0.0906499277972814,0.221013185126552,0.0155562364419287,0.053187589200867,0.268023507651445,0.351569553781926
"122",0.0408975037187775,0.233034470278973,0.2731128456288,0.223385139847784,0.122594284018123,0.106975756507543
"123",0.0306599314307118,0.0517672653735335,0.33239121984926,0.0836401090630448,0.243438879087066,0.258102595196384
"124",0.194333550308527,0.318822246728908,0.141326942830285,0.140902443407293,0.138693569927563,0.0659212467974242
"125",0.260556406510654,0.200271901645083,0.243562131594356,0.0479735961175897,0.0540431849148796,0.193592779217439
"126",0.175448916219322,0.0350191440123176,0.29785199681162,0.0470826114813668,0.0571109164803285,0.387486414995045
"127",0.16133771052164,0.0780298831172169,0.268785011898388,0.243531615179626,0.173991645111018,0.0743241341721113
"128",0.0762875203166046,0.0120761733644783,0.160737451148567,0.154137529565382,0.115804609489355,0.480956716115612
"129",0.0284773242317322,0.323421602751936,0.0382481927489607,0.270257387212446,0.199909016331589,0.139686476723336
"130",0.1718896156995,0.137138017630875,0.108339484181077,0.24697626707921,0.0621868162836648,0.273469799125672
"131",0.0888827704806321,0.292812352256768,0.30024757441911,0.0979962954134593,0.0810891235033448,0.138971883926686
"132",0.147315548080299,0.232670525189072,0.241954977259032,0.0374058335007764,0.104778083329667,0.235875032641153
"133",0.0929321407828807,0.109700042385724,0.282752981125671,0.149174448922788,0.163095883631709,0.202344503151226
"134",0.156083547055631,0.089839945467842,0.171153510533243,0.170515237921857,0.211299238330047,0.20110852069138
"135",0.0966331928663316,0.22333218433566,0.139645445678875,0.207812857775303,0.110178379710858,0.222397939632972
"136",0.123275339903159,0.123268481034174,0.384618686191853,0.161236869460867,0.103569804945989,0.104030818463958
"137",0.0304903957732874,0.177947309546328,0.288747328010633,0.129341209701108,0.154100557669259,0.219373199299384
"138",0.129972216520531,0.19280015747288,0.0682335641549321,0.201138953609254,0.196178384457248,0.211676723785154
"139",0.0515476179242279,0.128361271735336,0.377230011598376,0.2092980088718,0.158108206155904,0.0754548837143566
"140",0.0554885707952725,0.241355199623954,0.130161160579219,0.228609500724682,0.179485247935659,0.164900320341213
"141",0.126511973461877,0.147724241262967,0.188156302023855,0.0938576306340356,0.135602251675118,0.308147600942147
"142",0.14635647191745,0.23163262513376,0.0856604500857277,0.135999058646668,0.164245180035046,0.236106214181349
"143",0.0593877568266176,0.196838746234108,0.235121688528786,0.150861251492248,0.171824778532974,0.185965778385268
"144",0.0687797269007014,0.255171123696287,0.288442293612725,0.0895293550976311,0.120838455628684,0.177239045063972
"145",0.0487694462879628,0.28790147621411,0.283122714799735,0.0177638643393883,0.0309516099935902,0.331490888365213
"146",0.122474699715951,0.227861581739489,0.140060222574069,0.260376743955977,0.170178966354198,0.0790477856603173
"147",0.242310342417861,0.291091428742062,0.0757738298673989,0.129647552897831,0.133472121491698,0.127704724583149
"148",0.00949929479874135,0.289649693625447,0.0748569887716938,0.282873894801366,0.120177095847879,0.222943032154873
"149",0.0211039813259561,0.238442674014195,0.0293252720604,0.0367888762922525,0.456264181212601,0.218075015094595
"150",0.0717844224014798,0.144446547676745,0.0969559033704216,0.0667398894653085,0.220382065774939,0.399691171311106
"151",0.0152337079631901,0.306584348301661,0.305152027014362,0.100212311465972,0.11991043528062,0.152907169974196
"152",0.182293863066725,0.184767319194903,0.0410253944948272,0.201492628608092,0.0378193339760324,0.35260146065942
"153",0.0958152725120666,0.115953748847088,0.232642354911143,0.270708181725357,0.0907793429742751,0.19410109903007
"154",0.138212117544052,0.238731183767486,0.0919795000193176,0.246848780164531,0.0224415781559607,0.261786840348653
"155",0.134666207281749,0.1106415763426,0.0878151459477133,0.143054157969097,0.118879868700377,0.404943043758464
"156",0.20612586122126,0.244712429144553,0.0523602074578986,0.139591265858065,0.0567754836079127,0.300434752710311
"157",0.0662058222551589,0.11495247275822,0.137342182817968,0.264415972820674,0.183227953337267,0.233855596010713
"158",0.217500591922736,0.0708914658583169,0.3560323434248,0.219104466778754,0.126292363906786,0.0101787681086074
"159",0.14462597702046,0.133500200365325,0.226872778752077,0.203685877046609,0.0890107286201041,0.202304438195425
"160",0.0938922371085564,0.0470085546307744,0.24240058198194,0.0515109532842927,0.259354876401756,0.30583279659268
"161",0.0376613340402723,0.2180906224254,0.241726891525416,0.241360210746775,0.152685336169424,0.108475605092713
"162",0.0611947412793015,0.175653747060975,0.0297340146319512,0.236038430645255,0.225352396805748,0.272026669576769
"163",0.153012483834104,0.0843787107598426,0.0401923799727543,0.0837713272520679,0.277545686809277,0.361099411371954
"164",0.111571910862889,0.271302087268757,0.0548599888499648,0.0542751168360984,0.270209966527002,0.237780929655289
"165",0.172124646377568,0.0983478880525564,0.162824925058867,0.368390543044176,0.118723006464035,0.079588991002797
"166",0.161669590831897,0.101868041180781,0.0997711207570997,0.201023843129982,0.083046669177173,0.352620734923067
"167",0.0542960581702225,0.108327606686351,0.250944037146152,0.133008005941762,0.259620489576994,0.193803802478519
"168",0.0441267697371163,0.179557938942714,0.173002667505849,0.258192755690857,0.262066282085069,0.0830535860383939
"169",0.153939458229374,0.127561058302386,0.0747481001676132,0.329932572251396,0.208160355366035,0.105658455683195
"170",0.0960591360663173,0.288795348437141,0.135380010661398,0.237532412032959,0.0458315767798318,0.196401516022353
"171",0.122086270131167,0.246860183173989,0.0333972033803399,0.263244527765638,0.122484538765462,0.211927276783404
"172",0.120187788732473,0.118965229243867,0.335700774375208,0.24213643449755,0.0211913389065872,0.161818434244315
"173",0.0798335719550858,0.32596229649774,0.370904792370799,0.0316178611755966,0.0980203561107893,0.093661121889989
"174",0.0678562222617377,0.0768767416098007,0.218793190754658,0.01435888717707,0.254816042785578,0.367298915411155
"175",0.203080859908658,0.0640722614939589,0.3849840051913,0.151802813243726,0.0184912688890976,0.17756879127326
"176",0.00548969490435564,0.122655502652719,0.367663073730111,0.182712184989226,0.0529645528253862,0.268514990898201
"177",0.12056790653885,0.215063281352199,0.208506365397132,0.194598691098826,0.0692904580200034,0.19197329759299
"178",0.100031600107172,0.131351581995796,0.264873103897125,0.231024469962735,0.259331839987375,0.0133874040497967
"179",0.12204108947733,0.0319492733386326,0.0743924299671365,0.31180919028447,0.0779898047367772,0.381818212195654
"180",0.047177901451631,0.0940117629965555,0.335183339231576,0.187916312910761,0.213714276167919,0.121996407241557
"181",0.0282339790136901,0.178939633029719,0.217038018165917,0.195935494502241,0.2215029942761,0.158349881012332
"182",0.136287416179635,0.292334374991257,0.0457971990007755,0.0900239102477213,0.27096904765979,0.164588051920821
"183",0.117138235057002,0.239663323227002,0.297132249565095,0.103701680842465,0.202710823243054,0.0396536880653828
"184",0.0758812913871583,0.23560687286205,0.259735648994117,0.138524254620145,0.275020809979944,0.0152311221565858
"185",0.0022800558226439,0.214247585650563,0.159990978449313,0.2341640155719,0.153949462476581,0.235367902028999
"186",0.167085463128497,0.101480496078465,0.20160620464962,0.112474165915659,0.238985982558398,0.178367687669362
"187",0.184828024733196,0.077019145097077,0.136293326730625,0.143738187772759,0.299451427121592,0.158669888544751
"188",0.19447324258339,0.0810751538274675,0.188383412483153,0.077229282964028,0.200124798908953,0.258714109233008
"189",0.0904741645852006,0.316572256728421,0.17099876790855,0.0717889385632041,0.26079019991303,0.0893756723015952
"190",0.15887734996347,0.239894672453519,0.0349149251338146,0.222919430966458,0.0900259935106961,0.253367627972042
"191",0.112738960850527,0.260229976706899,0.0534770758235851,0.358950367591139,0.127693963471193,0.0869096555566579
"192",0.165130259383799,0.207139699607887,0.122378668887783,0.199600490351976,0.0326065562185732,0.273144325549982
"193",0.0121905076442934,0.249656317669487,0.27413747703652,0.0702301525920553,0.321482219498086,0.0723033255595576
"194",0.0775839767149253,0.24994427192644,0.123355051195003,0.0748527893840725,0.215248764584191,0.259015146195368
"195",0.17772098898041,0.192846812206447,0.121227477639461,0.118827237194843,0.173916117146126,0.215461366832712
"196",0.11296010536864,0.22243691281684,0.0390033176262166,0.138991319533185,0.261848406392644,0.224759938262475
"197",0.0411827635078112,0.0866055157018507,0.279401633455435,0.231035018692706,0.19284682911391,0.168928239528287
"198",0.0717749137734039,0.247920392000391,0.0497774344315853,0.120087443561963,0.235924481261746,0.27451533497091
"199",0.13741992972868,0.241605250085892,0.231882103512663,0.108806808912793,0.181587624638241,0.0986982831217303
"200",0.107738126524829,0.0937944759527349,0.260635328643912,0.0300214330536284,0.265891355309289,0.241919280515607
"201",0.0894987389070619,0.25081310663358,0.26265521756147,0.148414098544411,0.210683283923191,0.0379355544302854
"202",0.0465466655302755,0.217907268761089,0.126160934457506,0.212892922414071,0.112329447014553,0.284162761822505
"203",0.101830043672707,0.276902683373065,0.0648571211120675,0.0810503583252335,0.162378138375277,0.31298165514165
"204",0.0372406469251022,0.177704449265796,0.110448966878227,0.222197560006436,0.0626725080276442,0.389735868896795
"205",0.0581895644834088,0.126504977903148,0.339756662290996,0.30739846420401,0.0799407992182432,0.0882095319001942
"206",0.0716297479440419,0.262312820529599,0.216523620643906,0.270105047016596,0.139188897599984,0.0402398662658726
"207",0.143009234000792,0.126438930393,0.26245304014497,0.204086511815936,0.124733803165939,0.139278480479363
"208",0.121726457629398,0.0243269316076771,0.161044221243265,0.280708478606616,0.184062478164422,0.228131432748622
"209",0.126429242379618,0.289944289559981,0.304966735901075,0.0318556326659593,0.196733348740769,0.0500707507525975
"210",0.0140718660439329,0.26345555276341,0.0483374437917445,0.0588360690155483,0.252759390757728,0.362539677627637
"211",0.067901385930395,0.111975874354062,0.400374179867186,0.0669356356716218,0.150673954568434,0.202138969608302
"212",0.0998537357104774,0.247784794084752,0.12196762818365,0.234042913754375,0.166150682989066,0.13020024527768
"213",0.0368454481899476,0.294795909997175,0.246946248762305,0.20095614320222,0.149175942081366,0.0712803077669858
"214",0.094467632842674,0.0853186034939181,0.211562925033224,0.129180903126578,0.169068623953972,0.310401311549634
"215",0.156166799924688,0.115785987259085,0.220590249752883,0.15483108073595,0.164280181232817,0.188345701094577
"216",0.106612520581978,0.296410368948015,0.045838151825463,0.300759349288579,0.0666911256667977,0.183688483689168
"217",0.13125269588832,0.194230231103033,0.175316753345044,0.118334198142678,0.029860703483761,0.351005418037164
"218",0.103930263644091,0.140813082006278,0.289606765553939,0.10510155462921,0.167444299787837,0.193104034378645
"219",0.190151545897367,0.342345364224156,0.0272763498255704,0.10094990649637,0.075153171158948,0.264123662397588
"220",0.0149759951943788,0.21282601170613,0.304555313617152,0.00637547421922078,0.277044128424273,0.184223076838846
"221",0.0109742130978803,0.120192945650685,0.349075199395769,0.284790714323237,0.182616947737447,0.0523499797949818
"222",0.116798441167663,0.0794235761229175,0.278324409241217,0.221735908897353,0.204936930194066,0.098780734376783
"223",0.102034921941022,0.183024978826008,0.149315369266048,0.230178442151565,0.0918172099724998,0.243629077842858
"224",0.176603528597544,0.288572141781617,0.0202224381665629,0.068412949633261,0.0719852604002358,0.374203681420779
"225",0.117184905731051,0.263475986659292,0.329627240884831,0.153356777785612,0.133177885912503,0.00317720302670985
"226",0.0384447721640382,0.242035974111185,0.0841659240538033,0.23386045628224,0.232831153549149,0.168661719839585
"227",0.170867761854011,0.0565295659383479,0.103496347561597,0.156862997413963,0.186378605851708,0.325864721380373
"228",0.0129975179097732,0.240992606231623,0.220520519914705,0.228231012291051,0.0723205316353014,0.224937812017547
"229",0.0853980836377346,0.0873261970815134,0.0336017302322241,0.365740401720588,0.0392140852959224,0.388719502032017
"230",0.0274160734280923,0.288025797099793,0.249947590060723,0.218328927490668,0.192876660959214,0.0234049509615108
"231",0.163413598041647,0.197204073803138,0.242914601858775,0.041401533186421,0.161134449093768,0.19393174401625
"232",0.0787885667930075,0.0301603165920491,0.306099432570994,0.209712583152879,0.0849422992977315,0.290296801593338
"233",0.134870093913434,0.024499347215423,0.176001576423373,0.221325258166969,0.221621438086877,0.221682286193924
"234",0.166440904068034,0.0525534643019416,0.335109015070402,0.042119505609007,0.183152919286527,0.220624191664089
"235",0.0745409401804401,0.0236279142817422,0.242353071942302,0.129570813422186,0.387828738616518,0.142078521556813
"236",0.0217150981368868,0.232829113324832,0.317965510883597,0.119610410351618,0.130403450279419,0.177476417023648
"237",0.0991788055626078,0.0402559385360353,0.105199918214933,0.324968495015606,0.153681543921566,0.276715298749252
"238",0.0658618568866855,0.10131643308604,0.258803962455364,0.178129454705027,0.224579120964041,0.171309171902842
"239",0.127204146664154,0.00988125667981165,0.485461689325844,0.0923659089023852,0.17705937098469,0.108027627443116
"240",0.13363662139759,0.205707959502547,0.0832905067312851,0.288160540768735,0.0970842452043671,0.192120126395476
"241",0.119536241100442,0.284345024292689,0.18369601268457,0.142955772817672,0.105846964301017,0.16361998480361
"242",0.127677434204654,0.253917883674873,0.104578226560283,0.104268948244972,0.223343960195232,0.186213547119986
"243",0.124278832916861,0.226089233180836,0.163934039802767,0.213166821222091,0.124860115302537,0.147670957574909
"244",0.138406436443933,0.235157367598232,0.32641559813267,0.132149442880453,0.088295833230778,0.0795753217139336
"245",0.134577795640278,0.0776325936445488,0.266969319119446,0.183824624149006,0.102624946714791,0.23437072073193
"246",0.0172578588086485,0.0845116179943979,0.264400127433076,0.25927403137818,0.0895539367662344,0.285002427619463
"247",0.0294214901148979,0.332266606963664,0.151962881944494,0.114263915814966,0.201262601509825,0.170822503652153
"248",0.204381709864418,0.0482390257955321,0.279765654144939,0.0815008651868757,0.136795694345437,0.249317050662798
"249",0.145662301447961,0.124744779938008,0.139583421630084,0.0683522544183455,0.0556777998663967,0.465979442699206
"250",0.160726234637113,0.137556836522253,0.142451611937992,0.0868638487424414,0.259625636214513,0.212775831945687
"251",0.0214916823263046,0.145785989548981,0.114735117770992,0.141436174607354,0.337920079410488,0.238630956335881
"252",0.0605283832396898,0.245059412570009,0.200877489772096,0.0268203794102651,0.0501643901255751,0.416549944882365
"253",0.104075833742809,0.116121370448976,0.254669782361307,0.0874721066934855,0.269062360801752,0.168598545951671
"254",0.0356500960409271,0.0506376412847492,0.346270597696631,0.265024246426503,0.270183093477608,0.0322343250735819
"255",0.208085345661368,0.22590414888311,0.12830706063885,0.193246641070871,0.0856075908986899,0.158849212847111
"256",0.0134681379823327,0.214905239598582,0.330648293035369,0.258139114146068,0.177917660413075,0.00492155482457391
"257",0.132854346567868,0.215080176198311,0.257928774830697,0.141674406156187,0.0483124861235095,0.204149810123427
"258",0.105443453050236,0.209904675199582,0.274590197095465,0.0799574622455644,0.182912492893334,0.147191719515819
"259",0.0500341675152982,0.261183586122652,0.227048669252432,0.243547252844903,0.0315437304642193,0.186642593800495
"260",0.137751962853238,0.253192023830601,0.117004378229359,0.145811225662519,0.114542057460403,0.23169835196388
"261",0.160615409583104,0.140194406406011,0.216544023393318,0.126377651390879,0.0970422102854161,0.259226298941272
"262",0.0516516849651777,0.0876789919404297,0.0897401782207186,0.363766187131924,0.334979487100968,0.0721834706407827
"263",0.0889870855675696,0.143060140751481,0.129804800605116,0.295235072520599,0.0441200492247747,0.298792851330459
"264",0.0986712891742389,0.119977518962799,0.243458156305539,0.126299540788509,0.321864482062028,0.0897290127068864
"265",0.127142621658583,0.110674000956513,0.220633471307597,0.177701919744847,0.167877212247442,0.195970774085017
"266",0.189866926137517,0.0565789048615133,0.0517886787468501,0.232731181675292,0.206455924772076,0.262578383806751
"267",0.126004856570839,0.261470079755554,0.189917082511815,0.108571691746877,0.0494528239965035,0.264583465418412
"268",0.161444413035459,0.226385428780507,0.221275807833863,0.0861060619062367,0.0512610150598977,0.253527273384037
"269",0.121881818868088,0.188688030188418,0.181138454133395,0.154961042077993,0.17710186740048,0.176228787331626
"270",0.172037290604308,0.0360196211391192,0.328999900988306,0.0519374718967796,0.223682824349226,0.187322891022261
"271",0.131687627764497,0.0802019200358252,0.287715355584416,0.214700829467272,0.0570830093354584,0.22861125781253
"272",0.102517142853507,0.0526294461860624,0.376653596049827,0.260037011347486,0.073654969542788,0.13450783402033
"273",0.163707621957352,0.0487326420812799,0.244017399032698,0.0428878217726486,0.166986062829406,0.333668452326616
"274",0.0432182663042489,0.159597290214179,0.164162085249162,0.205232134599701,0.135711531874346,0.292078691758362
"275",0.125885377871868,0.0784350780107087,0.29671556973465,0.169623250290646,0.167487636616046,0.16185308747608
"276",0.0306541573221552,0.309630483202782,0.126566326518408,0.262649179027821,0.104412029781628,0.166087824147205
"277",0.211067013533495,0.347670088394574,0.0369746816163757,0.29727811984733,0.0459314693581535,0.0610786272500706
"278",0.0167875737384902,0.0893852868560795,0.253634543489058,0.145072827015206,0.197486827370713,0.297632941530454
"279",0.078492022325439,0.0338645800825322,0.202329486960126,0.144272653146544,0.150186115665376,0.390855141819983
"280",0.121123400752088,0.108013373040828,0.263023201941016,0.230233465185466,0.162142775455223,0.115463783625379
"281",0.0204958985816907,0.0892776857344018,0.246895190701145,0.17543186807378,0.239970199076243,0.22792915783274
"282",0.0100077202348255,0.16072571492744,0.335885829246276,0.102471481150269,0.26671990770097,0.12418934674022
"283",0.225480633341717,0.11258033822503,0.167405404821578,0.289616875403562,0.044369685577732,0.16054706263038
"284",0.14471501859466,0.0306996523593294,0.271623126715527,0.273318541568299,0.114243685891822,0.165399974870362
"285",0.101046160146179,0.246799041084158,0.21895088490743,0.0784393313415416,0.09999976676022,0.254764815760471
"286",0.0014110721876647,0.0782354705563202,0.293466242991938,0.249954317261241,0.171969283654584,0.204963613348251
"287",0.19133616100106,0.13215650560429,0.181090461833259,0.220185045276862,0.2325407793932,0.0426910468913291
"288",0.147778812862498,0.206393433313224,0.303454974804738,0.116533623566398,0.103279376210901,0.12255977924224
"289",0.132419856115327,0.129353203431426,0.230874638427844,0.36424108651289,0.0305673335743811,0.112543881938132
"290",0.047142621816656,0.289711795973106,0.307687925570539,0.216072934385302,0.0254388187424269,0.11394590351197
"291",0.0347636771475183,0.150225298727508,0.413749777658916,0.173215448072879,0.0190888933605816,0.208956905032598
"292",0.0620381472399731,0.208843809924756,0.264937084480289,0.0297065029295322,0.226216679380656,0.208257776044793
"293",0.0128955786544638,0.105315649878384,0.19917467440227,0.130039278432589,0.271887716523682,0.280687102108612
"294",0.0065375542884613,0.206263116658079,0.161258364432107,0.0767025833954169,0.236220812336655,0.313017568889282
"295",0.0491382275361292,0.0570642715785401,0.298646486470937,0.203965289469769,0.310613253925666,0.0805724710189581
"296",0.114924861647084,0.31653881158511,0.0776627283625529,0.328976091956167,0.109849982812847,0.0520475236362389
"297",0.16487678660713,0.288654803722293,0.0278243003508739,0.314062869678813,0.102043418276774,0.102537821364117
"298",0.135000409672321,0.166172502036763,0.245482023481483,0.11158926316954,0.179389329578347,0.162366472061547
"299",0.174007169342991,0.283344841885839,0.234136149736719,0.239050725930816,0.0416037395963476,0.027857373507287
"300",0.129899204630711,0.14973000762128,0.0713659414557087,0.240534267920335,0.13719961306759,0.271270965304376
"301",0.12326311589427,0.241211276097843,0.089827629848823,0.201093164221,0.207625040353769,0.136979773584295
"302",0.177550557654491,0.143888541784287,0.12245178694987,0.0884629138574282,0.182471215442324,0.2851749843116
"303",0.117072130205056,0.251443955310963,0.0440412347740409,0.156818622893656,0.16030112615586,0.270322930660425
"304",0.140576142988901,0.184326777435652,0.281905959906396,0.140593309203198,0.220493814411319,0.0321039960545342
"305",0.0194265148102557,0.143495944208538,0.0457342168541431,0.167601438566545,0.612781975953716,0.0109599096068017
"306",0.0960919171167723,0.295162516455242,0.0469329538748193,0.191490909485777,0.276149000844056,0.0941727022233331
"307",0.144881343866799,0.0879612142679229,0.2009125216682,0.0578991199931183,0.101758728161471,0.406587072042489
"308",0.15060424029985,0.228341340595649,0.0949166696216422,0.144617049418122,0.12612451225351,0.255396187811228
"309",0.129040498451782,0.0912686275351334,0.186761479989788,0.049440829667652,0.146750142004732,0.396738422350912
"310",0.150606548048616,0.237066430362716,0.254539833117281,0.039059558575944,0.0189153632633082,0.299812266632135
"311",0.135540389135347,0.230051086315314,0.258298760164728,0.0742081121922644,0.113416321803091,0.188485330389255
"312",0.161358810269099,0.0549863739417627,0.247975476994736,0.178498693241747,0.302173295246423,0.0550073503062321
"313",0.152082550647539,0.209238879142732,0.206459701358045,0.232890038907772,0.153800241559534,0.0455285883843782
"314",0.0895817343749476,0.316919411410229,0.0250148531278377,0.257248937099438,0.140301280207661,0.170933783779887
"315",0.134642888096926,0.122812937316184,0.165851810346469,0.127935043582949,0.21023100980826,0.238526310849211
"316",0.044957576742575,0.200384739822781,0.213344703936756,0.129623525900102,0.163754816516087,0.2479346370817
"317",0.1040430886406,0.17587249171589,0.262844986107295,0.157012494393849,0.200131610976408,0.100095328165958
"318",0.113493907163267,0.106406437483828,0.300967325239476,0.181677715599178,0.177231615681843,0.120222998832408
"319",0.108296342640238,0.299569354218033,0.118544467563145,0.14629711696515,0.129895203573314,0.197397515040119
"320",0.0179834793894109,0.00704864363476393,0.396819058773397,0.112568085503476,0.213348075487774,0.252232657211178
"321",0.134128404355233,0.0829973839451532,0.280599264039929,0.177496560443587,0.187569596763637,0.137208790452461
"322",0.0973933715132438,0.186387011355896,0.216977050689558,0.227415694125482,0.0933776236445989,0.178449248671221
"323",0.135109235038354,0.244372198935832,0.024560803639593,0.0782797401441943,0.223512163454468,0.294165858787559
"324",0.0388707723205902,0.250899457386187,0.20161042986423,0.0790298660212473,0.16650742492309,0.263082049484656
"325",0.154292338697288,0.186790070907737,0.216685418321348,0.142546086912676,0.251541828427332,0.0481442567336195
"326",0.0920728992733655,0.301341699444157,0.124008871443984,0.212771931367094,0.0559461727642982,0.213858425707101
"327",0.134750934929027,0.219819471827905,0.205161128393311,0.278366990870397,0.116279474219103,0.0456219997602569
"328",0.182076375609456,0.0193961880245655,0.120667649714588,0.347783663126112,0.0962868536472462,0.233789269878032
"329",0.135097332346015,0.298557141812457,0.00646746761538839,0.0880616178566751,0.214016966898468,0.257799473470996
"330",0.0863453371556904,0.33466871601915,0.383290421936096,0.13370684705577,0.0211936631209542,0.040795014712339
"331",0.0343125914909262,0.312486296220086,0.0931039595932618,0.242132965716606,0.0150029677514226,0.302961219227698
"332",0.159443342082409,0.0724307880493553,0.0843611019602934,0.287343425472643,0.280995609105404,0.115425733329896
"333",0.120363518424771,0.0338817119703469,0.0475982246253262,0.263665153565726,0.247634913947808,0.286856477466022
"334",0.182652164917298,0.0439695672271686,0.260965364254061,0.230789978243749,0.108725168102294,0.17289775725543
"335",0.0861525798276375,0.209298413978641,0.072202599354965,0.191704465159434,0.219921271631513,0.22072067004781
"336",0.0535260239550126,0.237787069193889,0.17982465546725,0.232232033954925,0.132523046375302,0.164107171053621
"337",0.133399009363789,0.223466625425227,0.221282453604739,0.283618669770016,0.105886123939745,0.0323471178964843
"338",0.160590915707711,0.0469793490389082,0.315459079410114,0.275974476783473,0.144565268451394,0.0564309106083991
"339",0.0720553012565405,0.0994087615047471,0.413487767782993,0.229739925312725,0.0471962929715225,0.138111951171472
"340",0.106033884734257,0.202868318882416,0.295154090189533,0.0242297433876746,0.143764995714321,0.227948967091798
"341",0.155651404656088,0.0236723726581687,0.108650365624504,0.35628714375931,0.17889739077599,0.176841322525939
"342",0.14980566409646,0.207811849064315,0.251478321888571,0.1508539978097,0.025945842912427,0.214104324228526
"343",0.105725451230048,0.116344503742409,0.185451547096448,0.223699449223776,0.106076830933483,0.262702217773836
"344",0.21695233434264,0.325256731684058,0.138960947505821,0.0702761672072627,0.198264552622924,0.0502892666372948
"345",0.111160040133896,0.0213415911375933,0.168812178342907,0.240436171031725,0.125718238338513,0.332531781015366
"346",0.252305485050064,0.0451048592890854,0.205723688233534,0.139566618385556,0.300920322214051,0.05637902682771
"347",0.154125367900559,0.151347213051683,0.312132474820721,0.258309356894242,0.0294399758812975,0.0946456114514981
