"","neu","NK","CD4","CD8","B","mono"
"0",0.134876276325749,0.0583274968886818,0.226562122754038,0.223363301519243,0.231017671736536,0.125853130775752
"1",0.142673768304825,0.0595931308668366,0.346142816985836,0.177974095424952,0.163474286763365,0.110141901654186
"2",0.120720364998026,0.0928616104205338,0.372528984089142,0.0521448256552526,0.0265953795002014,0.335148835336844
"3",0.0993166192060001,0.193210287249859,0.154058114664037,0.143772996696066,0.137766757059942,0.271875225124097
"4",0.156747181335151,0.0869404814058681,0.345205947805751,0.225083545400439,0.180253166991514,0.0057696770612765
"5",0.0756902584157501,0.181004717539865,0.0374699934739247,0.440144084909906,0.0256642170909959,0.240026728569558
"6",0.0883844441242594,0.267050662305163,0.0675324460025777,0.256693607189566,0.157757030607521,0.162581809770912
"7",0.046489963459765,0.228062679697711,0.133649798875629,0.289169389028488,0.230383117587858,0.0722450513505482
"8",0.126591828482521,0.273282267041657,0.304611166504402,0.0829280596737575,0.0776930631438232,0.134893615153839
"9",0.0879337217443577,0.137812248158158,0.236037952965606,0.27739758526195,0.223298257219293,0.0375202346506347
"10",0.183577412232497,0.266784803984557,0.0314182205883404,0.240212147065415,0.121640844996246,0.156366571132945
"11",0.112236953278236,0.24131756697118,0.26464516289785,0.273048273966221,0.079974063893994,0.0287779789925202
"12",0.040061042164091,0.256934272987851,0.30296438850828,0.192537506662473,0.0693466361897997,0.138156153487506
"13",0.241579499232079,0.0599332944773876,0.128474206982053,0.247949079441785,0.10916356967643,0.212900350190264
"14",0.011866426417155,0.203182762101426,0.178292131766611,0.134951844462194,0.161449280151728,0.310257555100886
"15",0.0168456806420213,0.156208994730031,0.288790809178669,0.246020067914528,0.0263211242666374,0.265813323268114
"16",0.0842086609072248,0.110690706944177,0.343491722985216,0.284265811212457,0.108105578097201,0.0692375198537243
"17",0.126765745869671,0.135480208619604,0.218456317572124,0.242166520554861,0.150573914325579,0.126557293058161
"18",0.182977104868714,0.07729840977969,0.29801407986016,0.075277185329182,0.258920550001249,0.107512670161004
"19",0.0839995983042097,0.198023141755833,0.225401386295884,0.194562633626129,0.0995259764251646,0.19848726359278
"20",0.0327498610345133,0,0.445918111039776,0.251789581940113,0.159003873903891,0.110538572081705
"21",0.0824037171584739,0.093661362054775,0.231073128987098,0.225762266259832,0.106346843564598,0.260752681975223
"22",0.139978993344861,0.0201461585142708,0.164283542370203,0.231688125345689,0.194600264191105,0.24930291623387
"23",0.0923009132370052,0.228164429204592,0.219365196095626,0.0153540209435555,0.226388552631869,0.218426887887352
"24",0.0267285905772907,0.376433704749641,0.205375686537643,0.0362518552237,0.129928929916912,0.225281232994814
"25",0.128010664513579,0.118089220012796,0.328286235053014,0.248894365853832,0.115046182485732,0.0616733320810478
"26",0.16043420396071,0.0890351432113616,0.255493919789918,0.287176559845914,0.152578847082534,0.0552813261095618
"27",0.0979826507823046,0.168412727051535,0.287829571093869,0.172499717045844,0.184664522731055,0.0886108112953927
"28",0.123889123433964,0.110590031416408,0.146247107697448,0.167186053711571,0.240449636554455,0.211638047186154
"29",0.10786882593405,0.0746981029748155,0.273373820753625,0.0982964883598027,0.18706036190426,0.258702400073447
"30",0.126062186246678,0.356034010926628,0.306571609538586,0.127413253045606,0.0541455349673037,0.0297734052751989
"31",0.0649673190123382,0.268292842667201,0.0763994592194871,0.262288447246979,0.220112173653238,0.107939758200757
"32",0.142791513792382,0.224236756441215,0.0965145232672189,0.190410782531118,0.181886333505984,0.164160090462082
"33",0.113804729573996,0.0375255416811084,0.156586953942343,0.103079370030703,0.334145743200972,0.254857661570878
"34",0.107281430287377,0.0694831558617081,0.261907784804854,0.186856518252153,0.274383399209106,0.100087711584802
"35",0.11194984046893,0.227434960812199,0.0447364504725766,0.275480026669593,0.149543083223806,0.190855638352895
"36",0.0802321761599633,0.174231986211643,0.182079780809081,0.223617275399882,0.191237050104637,0.148601731314794
"37",0.0381788122430636,0.309160354283055,0.20784706797504,0.0908996269167429,0.235267778683294,0.118646359898805
"38",0.0641728326459785,0.146212433217473,0.301030524238242,0.269262774100349,0.114194875506684,0.105126560291273
"39",0.0963146833346437,0.143929655705017,0.236472317474714,0.203995634451569,0.100159936786353,0.219127772247703
"40",0.102252145551702,0.162957805077779,0.199327954549053,0.200313316503887,0.0180938905585156,0.317054887759063
"41",0.104406049896851,0.0102076286263178,0.326704984820673,0.224581561339317,0.0794968601624639,0.254602915154377
"42",0.128779347054642,0.218503258779493,0.146710044168625,0.158051153369935,0.169557885799922,0.178398310827384
"43",0.112989712443273,0.124426535631593,0.234660590605509,0.0756762613715647,0.134709376181611,0.31753752376645
"44",0.124394235334147,0.133893974478404,0.242331923105346,0.139624460391687,0.110464279183771,0.249291127506644
"45",0.0368923946090077,0.219263951001221,0.226125395968327,0.147944804002684,0.109403211314545,0.260370243104216
"46",0.117298496233676,0.205888659183237,0.15613884728154,0.182275673722395,0.226214609342858,0.112183714236295
"47",0.0711979207840641,0.246690235456952,0.256181957417482,0.0905449069558662,0.280055296683476,0.0553296827021596
"48",0.0107411207030821,0.145301277844105,0.251047922368759,0.293479905713682,0.119684787156085,0.179744986214287
"49",0.207052948409954,0.18860883489344,0.166625180000573,0.312350948139057,0.0520021710994551,0.0733599174575214
"50",0.0952492746874439,0.00537011748899589,0.45516669124448,0.425173605059958,0.0190403115191228,0
"51",0.0774268051713041,0.287559153159441,0.145056022436712,0.361149540148991,0.0574219032420744,0.0713865758414775
"52",0.0657537544787943,0.0328854736120396,0.19010897060654,0.266118949068017,0.215556855390998,0.229575996843611
"53",0.170637250907177,0.117409089032328,0.144856051625592,0.0496327549783132,0.224425890666187,0.293038962790402
"54",0.0168145991612059,0.262530379327194,0.305715388306915,0.339593253036894,0.0402538137182835,0.0350925664495073
"55",0.0317995839786314,0.15013600203886,0.289393019433114,0.143901223013011,0.165534159509069,0.219236012027314
"56",0.0149304662793005,0.265173943357409,0.227092298819973,0.104262263399623,0.146955967472013,0.241585060671682
"57",0.155121553969771,0.230027673104655,0.317310270006096,0.100040593771699,0.135273494472255,0.0622264146755232
"58",0.0896389909353532,0.211851383197215,0.391912799942106,0.21892283397093,0.0183460908574651,0.069327901096931
"59",0.0194793797133841,0.0763503281202897,0.270752449722582,0.0831283779384961,0.24489094773948,0.305398516765768
"60",0.239490600160945,0.126254685611345,0.294771292322209,0.139276306532283,0.109954279729828,0.0902528356433896
"61",0.106977607697311,0.20121989970817,0.23240339294735,0.140829330972278,0.135301142717222,0.183268625957669
"62",0.0111253757222739,0.082001123568765,0.200726262321015,0.0470823507950726,0.308155692150069,0.350909195442804
"63",0.101405892182899,0.0861709632368572,0.124857223498389,0.356477674579138,0.244141381786415,0.0869468647163017
"64",0.0992772665980312,0.103818614966634,0.146863624794585,0.249194588618074,0.304852134716273,0.0959937703064032
"65",0.0923772544634376,0.217838676629795,0.371777746031609,0.0147105125827929,0.170591101167389,0.132704709124977
"66",0.161987449112904,0.219061524114751,0.0723638893176458,0.184782553619493,0.194274179760791,0.167530404074414
"67",0.155076054043455,0.256406642269104,0.0482250259090944,0.199030329125744,0.155511956572856,0.185749992079747
"68",0.178654749102218,0.0862104043455586,0.327352571205337,0.184942868665638,0.034390799028904,0.188448607652344
"69",0.0778922052070673,0.0775165277738064,0.30521642112338,0.202380387225953,0.0392592137627382,0.297735244907056
"70",0.144686494353687,0.0757095581237437,0.199084683727204,0.272072297874189,0.233934362864972,0.0745126030562036
"71",0.0943564126566841,0.182041150672386,0.232806426043912,0.170963530692528,0.136994378432708,0.182838101501782
"72",0.117060090163526,0.279823855811005,0.220901770685748,0.0950216671310696,0.170336549548197,0.116856066660455
"73",0.0434430708767982,0.0866879910870144,0.238070533775969,0.154576089551817,0.211022679782832,0.266199634925569
"74",0.0632929983792025,0.175294629398189,0.355829001347152,0.0517009654603065,0.0132847784151798,0.34059762699997
"75",0.100881647389043,0.449980548158486,0.251470924291015,0.0292967374315737,0.148446803977215,0.0199233387526678
"76",0.0969237654833954,0.226269423783783,0.161340800619698,0.0586879185585353,0.207951705412406,0.248826386142183
"77",0.124180436769018,0.199637095860485,0.20132352404439,0.286158691909322,0.144123836232949,0.0445764151838359
"78",0.0582487424619896,0.189784172417404,0.129563216134335,0.120087617343315,0.232153173003753,0.270163078639203
"79",0.0953719768080639,0.200420042000387,0.202539158764538,0.223050545255428,0.0911321715117712,0.187486105659812
"80",0.162641219856739,0.0800788636830903,0.146513281897769,0.254954688047901,0.171502553378642,0.184309393135859
"81",0.0736331016704782,0.164932981244158,0.385955830086009,0.0669337581118896,0.0157730583153855,0.292771270572079
"82",0.200582981895031,0.206663519789389,0.0421467792767459,0.0501509562832877,0.121047691485118,0.379408071270428
"83",0.159168364061154,0.286031867423097,0.0883474314248053,0.244864848796095,0.197452800154786,0.0241346881400629
"84",0.129278663206888,0.228441872559471,0.245297443239444,0.18398317428917,0.0683946610577248,0.144604185647303
"85",0.0560077139804617,0.0672583027999464,0.327837022273817,0.20740173849674,0.157719422943868,0.183775799505167
"86",0.148045794870587,0.108635005165918,0.377980938641406,0.219205427087,0.0708254970240118,0.075307337211077
"87",0.258101777601912,0.141581701893034,0.0620441011630646,0.281405447558896,0.159700276770846,0.0971666950122474
"88",0.192930639053894,0.0459860219301921,0.363780571981996,0.13174573141994,0.108523700649276,0.157033334964702
"89",0.152975191172751,0.123369432381076,0.124335298102769,0.250039344174938,0.14662147542674,0.202659258741726
"90",0.00361238925180278,0.123496114002572,0.304798834675628,0.0617604995414189,0.213476506960601,0.292855655567977
"91",0.120776643417948,0.267902480808043,0.054065185410791,0.101707922277186,0.22140367616302,0.234144091923013
"92",0.204634002675275,0.0459100511038394,0.436744807309695,0.174839670256632,0.0740202530264045,0.0638512156281551
"93",0.0437100108664988,0.415673134152615,0.306265062147992,0.00998056047094576,0.0767278492572007,0.147643383104748
"94",0.0769897257156151,0.130665935579758,0.175853594845134,0.114877209385044,0.24385454298452,0.257758991489929
"95",0.0841856054031397,0.18480502948891,0.324506581497586,0.151780125998657,0.0722633874202074,0.1824592701915
"96",0.31527531374974,0.0510290145152887,0.09902037425691,0.113412621976148,0.372789657818964,0.0484730176829493
"97",0.119004095724433,0.25273467088522,0.0736284905610705,0.105039505500097,0.364890151383061,0.0847030859461176
"98",0.00220710640122543,0.0732179181128204,0.175270528481333,0.0598746196405159,0.428199145748642,0.261230681615463
"99",0.0787309087135592,0.17593382698356,0.164366121695394,0.246394371907164,0.313283172545421,0.021291598154902
"100",0.105635960950882,0.0429663867115134,0.256638045973344,0.193664956275168,0.197977621639734,0.203117028449358
"101",0.0542560513679731,0.162590910236372,0.0237598114340827,0.245651964675779,0.214458614697537,0.299282647588257
"102",0.0595875461108708,0.359230110341147,0.028512645191826,0.0504290852528946,0.357378717489331,0.14486189561393
"103",0.15126046770138,0.143206096936777,0.156653613776467,0.110083479014136,0.16848563661311,0.270310705958131
"104",0.106226750110957,0.0317585628151058,0.269790168110858,0.174596649861555,0.182202476226973,0.23542539287455
"105",0.134560656085802,0.184092852364818,0.271256800122614,0.0333459071138775,0.154483463941298,0.22226032037159
"106",0.145872701067162,0.133776507111998,0.0839520225483574,0.238567089843246,0.187770354258345,0.210061325170891
"107",0.0832725380026675,0.19772604847882,0.251911297382518,0.186360998878287,0.100243560232897,0.18048555702481
"108",0.0534058669740525,0.187725731208321,0.172862772590658,0.140304202791782,0.193826096749458,0.251875329685729
"109",0.0826038892838063,0.235446795638635,0.113121778377852,0.197743065594097,0.250205444002914,0.120879027102695
"110",0.0518298238684344,0.00670886356529623,0.0259432459793985,0.127060141003629,0.359417971275777,0.429039954307465
"111",0.118205372715876,0.211488061258428,0.0970602420442771,0.233363042295069,0.216020166323921,0.123863115362429
"112",0.131313714752418,0.122655393469446,0.119757546437421,0.256489083129842,0.141008785230661,0.228775476980211
"113",0.13518184655817,0.183255906142422,0.322622039224039,0.211767837244497,0.0803678749515657,0.066804495879306
"114",0.102011259297568,0.24362815665659,0.104730465275215,0.236054218957328,0.179649967180364,0.133925932632934
"115",0.222799467426605,0.354447387839799,0.107405570886057,0.0984291764508844,0.0430962004495157,0.173822196947139
"116",0.0126456153280522,0.144630740411638,0.0769985341794333,0.281944655333666,0.169107792331276,0.314672662415934
"117",0.0811896375872034,0.138830603482008,0.114375180636553,0.288611889707521,0.239724964690257,0.137267723896458
"118",0.172368214994454,0.204664000219818,0.159252990820285,0.0233593645795767,0.271876219154808,0.168479210231058
"119",0.165978646378342,0.167440526337148,0.3199503155192,0.16094359272287,0.155725203678653,0.0299617153637866
"120",0.222537869558786,0.23479818034414,0.142798265512824,0.076428379401222,0.145720082885322,0.177717222297705
"121",0.0883607031275444,0.186124248507557,0.205854938801998,0.0510509875321,0.352585257945589,0.116023864085211
"122",0.0479603991390732,0.047141506035223,0.263310324029823,0.304413559790181,0.224017397310351,0.113156813695349
"123",0.0616432052937953,0.191592436567573,0.0201056580322329,0.230935436130337,0.242253628700683,0.25346963527538
"124",0.054634323098792,0.303702501965576,0.0520862253012573,0.293126547000965,0.231860424799907,0.0645899778335025
"125",0.183359392648559,0.13323021598085,0.0859888675696291,0.149180958638663,0.262056594774002,0.186183970388296
"126",0.00475379426109757,0.0959065224956499,0.240748642227653,0.109470896246583,0.153220469580452,0.395899675188564
"127",0.107662650410271,0.318237393607758,0.252785507081207,0.150719786874649,0.0961275813623429,0.0744670806637722
"128",0.0727411617430766,0.252707576038575,0.194858511050034,0.126254988341393,0.197423774611978,0.156013988214944
"129",0.2079568532031,0.0319555338797026,0.293009240012808,0.0697113372091768,0.35049898209953,0.0468680535956823
"130",0.209610190869923,0.26442683527723,0.051881413538529,0.140719816083191,0.290430074187145,0.0429316700439819
"131",0.0798645861834675,0.243508721230037,0.189309101751207,0.0462719181706155,0.176694309906949,0.264351362757723
"132",0.143612297159394,0.116886659266583,0.363575300640353,0.237535325590362,0.135644493988984,0.00274592335432346
"133",0.00220800768493684,0.270733313175883,0.160637138316767,0.242352506235136,0.0897831388155268,0.23428589577175
"134",0.122115050235482,0.153236805544594,0.147105044365896,0.215911928881528,0.23086168797958,0.130769482992919
"135",0.0161712273744458,0.149435199831897,0.260516854331024,0.209291543537905,0.118655365918578,0.245929809006151
"136",0.166799071700252,0.246498136258657,0.205499640439709,0.0739438101162492,0.0408979008378197,0.266361440647313
"137",0.167792111265459,0.237456091103245,0.250104893033774,0.168540858222959,0.0473327218781652,0.128773324496398
"138",0.035236205650607,0.159621089003381,0.279014932603318,0.127442940146246,0.128320167235139,0.270364665361309
"139",0.100614277083749,0.103761773344769,0.233373071856298,0.150361149397407,0.17334838555189,0.238541342765886
"140",0.136658736141978,0.179138171145229,0.0720757865432431,0.0483688199954594,0.236620453165621,0.327138033008469
"141",0.143561555228405,0.11067582570408,0.317431012268715,0.0937354791180941,0.193473999076037,0.141122128604669
"142",0.0916436340489768,0.182907614992428,0.311685440515994,0.149299513479712,0.018401313015242,0.246062483947647
"143",0.213509461017981,0.112487940431155,0.115507344016859,0.358905928358665,0.0581993787338313,0.141389947441509
"144",0.0310646656427151,0.100601650666124,0.108920941459172,0.174317481405661,0.416178599068247,0.16891666175808
"145",0.112353570765567,0.264058303155246,0.0432767456739418,0.136116891574751,0.305282699159726,0.138911789670767
"146",0.0992634285153123,0.119759135762564,0.240079093621196,0.141988758197849,0.123953325621647,0.274956258281432
"147",0.131313659855865,0.270244086297401,0.169521461739949,0.17515157771073,0.153305670998544,0.100463543397511
"148",0.155978995065574,0.277332930859847,0.0634904832007971,0.0710532450925987,0.107623811552913,0.32452053422827
"149",0.092248057517779,0.147175517945418,0.342527000804095,0.0914874330323235,0.0803585290609318,0.246203461639453
"150",0.156545075697637,0.209943995222162,0.249217601410438,0.199959252254742,0.160369337442638,0.0239647379723832
"151",0.0147821982009856,0.185925462581932,0.12502909961306,0.230469972467796,0.311798662659652,0.131994604476574
"152",0.142558125891241,0.278453130429542,0.130783126361181,0.23433315129368,0.153665387376606,0.0602070786477487
"153",0.10455910013141,0.150024344392337,0.1586758665807,0.179432186990966,0.331335873686195,0.0759726282183919
"154",0.0923006208250066,0.267383944506547,0.482860429694978,0.119039793715506,0.013641561138462,0.0247736501195004
"155",0.185234338833714,0.199664500532022,0.183711639660951,0.073024138291996,0.296323200704836,0.0620421819764822
"156",0.11043710982981,0.0323423085204422,0.305208802485359,0.150696940198232,0.061180875734251,0.340133963231906
"157",0.0377069717162695,0.194472058943708,0.262848200830089,0.0534331820153236,0.19273763253841,0.258801953956199
"158",0.217962494747271,0.38870235988053,0.235816825420009,0.0297041319918856,0.0438292996015537,0.0839848883587509
"159",0.142820716394995,0.192087619294623,0.273999500901291,0.166912844251315,0.0509904856930835,0.173188833464691
"160",0.175800055547453,0.0568263074276556,0.495622980050512,0.10453085010192,0.0296060344063947,0.137613772466064
"161",0.285826690898823,0.108144555333588,0.181691552771445,0.0301107692146986,0.127738819577457,0.266487612203988
"162",0.101945940847312,0.176491394106463,0.0676991083361436,0.221996179166152,0.157299001425699,0.274568376118231
"163",0.111635786973158,0.160405685612056,0.0419660823769873,0.245606376204139,0.25129563960824,0.18909042922542
"164",0.0552330130087708,0.0767122578084912,0.332150051891956,0.18272826856855,0.159599942548704,0.193576466173528
"165",0.1082351074667,0.146293106916051,0.209384435754805,0.0539741365215101,0.247289609325117,0.234823604015817
"166",0.0797718911457155,0.0742070702882534,0.069410051336766,0.366735771521874,0.0131656822415624,0.396709533465829
"167",0.211341845441048,0.248996815763846,0.206822766211894,0.0896910642553894,0.0415161520625496,0.201631356265273
"168",0.168967837263598,0.30028614297064,0.14035493454548,0.0526909048986283,0.231712376497631,0.105987803824023
"169",0.0887366185586685,0.226589351574795,0.276795510069539,0.205152670770441,0.0640881946479082,0.138637654378649
"170",0.143864013950642,0.0678319040384464,0.146502299661932,0.183648550277512,0.208426230537367,0.2497270015341
"171",0.0428709517840759,0.271868277959715,0.181589162322756,0.197346558574449,0.130392300284525,0.175932749074479
"172",0.0410358106120766,0.203950413301202,0.103376085547878,0.0772912906230035,0.308234976415079,0.266111423500761
"173",0.276708356818537,0.265029006726224,0.0701948241340403,0.112832418816992,0.18523997004928,0.0899954234549272
"174",0.147885761034371,0.156351026823127,0.0825426883895309,0.277993196277778,0.227121645340985,0.108105682134207
"175",0.0427304974569538,0.0836175702159114,0.302680349208293,0.163393715375965,0.166294869499505,0.241282998243372
"176",0.108986298936524,0.0270632768869016,0.406927969088754,0.107838898951368,0.0640321038605933,0.285151452275859
"177",0.189254384203039,0.275096055774889,0.347945898720532,0.0491262064352248,0.0466508277725126,0.0919266270938025
"178",0.0102031772781105,0.110743035920108,0.0293490946648711,0.235285097549075,0.292890846332995,0.32152874825484
"179",0.152009489976799,0.228883066079369,0.0373023139543763,0.0526237551098243,0.196682368065031,0.332499006814599
"180",0.12824493859043,0.0241939833745679,0.389908698524395,0.279088581817596,0.177795653877499,0.00076814381551224
"181",0.0873581719365128,0.199703750564869,0.170495019002183,0.185777970948252,0.217350188188083,0.139314899360101
"182",0.14005624374665,0.157950649223518,0.31843653199047,0.114569079497987,0.144640257548233,0.124347237993142
"183",0.111840693768781,0.25623520042899,0.0176018923660699,0.282425391693417,0.104396253804411,0.227500567938331
"184",0.131210145172033,0.267271601000211,0.100685564903389,0.189474322059825,0.153344924606838,0.158013442257704
"185",0.013041492459174,0.0362288514041687,0.177186075209245,0.222022413617706,0.294587629744169,0.256933537565537
"186",0.113264510129536,0.203120478742031,0.22791543075144,0.0453852545935909,0.314637994972147,0.0956763308112544
"187",0.172525068610269,0.213988181598348,0.380088925391579,0.0506683093675103,0.1256598624213,0.057069652610994
"188",0.140483133065731,0.0474056037647733,0.291055221725566,0.182121472966568,0.186777599930814,0.152156968546548
"189",0.146167889709241,0.0266339781867762,0.295042553288979,0.207150789804095,0.213548487103144,0.111456301907765
"190",0.019335182314997,0.234230297444177,0.32798874731373,0.053156458021119,0.111387340350377,0.2539019745556
"191",0.126094658594756,0.135898096155328,0.266892128597011,0.0917551013800896,0.157974541614071,0.221385473658746
"192",0.0872983828976697,0.243174785742174,0.201130166840511,0.252950118544069,0.165216180301909,0.050230365673667
"193",0.0909451131704392,0.0231708328941992,0.204855855441569,0.23717728507896,0.226016126695762,0.217834786719071
"194",0.128704333754397,0.123202196269349,0.189124770714111,0.197843407494152,0.170495269118843,0.190630022649148
"195",0.123928560077498,0.264733325011231,0.306507759351959,0.0486267138231994,0.237612532041848,0.0185911096942654
"196",0.054775763534591,0.189628776857969,0.183537542685393,0.217927329681185,0.198182313597255,0.155948273643607
"197",0.0976276052766739,0.262176444489599,0.189602806789859,0.138200409118735,0.0255220856143056,0.286870648710828
"198",0.171987747524983,0.163747305827838,0.110035935096936,0.175923419360321,0.238926424561656,0.139379167628265
"199",0.152227960676028,0.135915299013113,0.184661863478224,0.129746367868742,0.326920493092766,0.0705280158711259
"200",0.0801467266297483,0.170536125199325,0.0365626370623152,0.297726951125467,0.366375959012309,0.0486516009708352
"201",0.0766783739574337,0.0983091288918853,0.107165520782619,0.199122325974491,0.30305053992471,0.215674110468861
"202",0.0921487351800753,0.279729736024367,0.115973800462896,0.190408320205368,0.073509942089646,0.248229466037648
"203",0.071743696885865,0.272795036392886,0.30958022736302,0.222362519294734,0.0825815757264718,0.0409369443370228
"204",0.051051362641045,0.00487396765832475,0.358702659778228,0.271681755871785,0.17587858865387,0.137811665396748
"205",0.057095257159288,0.212408098192032,0.245264071727353,0.0737730692697007,0.168073949161985,0.243385554489641
"206",0.0889241114593096,0.147895598180742,0.183251151498089,0.139421554892871,0.344368209646532,0.0961393743224559
"207",0.173652644804953,0.0408283911627959,0.194482207882119,0.102697002249398,0.205092036926772,0.283247716973963
"208",0.18965619660269,0.298392568002838,0.0416829861580867,0.129805376785316,0.0848242266227941,0.255638645828275
"209",0.0843521428591426,0.1319331323647,0.213404220981059,0.229309423288852,0.169051383302112,0.171949697204134
"210",0.0977187320462177,0.0225584798418907,0.107774926155936,0.267553823659406,0.208183436045093,0.296210602251457
"211",0.131361202694893,0.0372009403245653,0.264087393755289,0.0151963838247811,0.408980364295256,0.143173715105216
"212",0.196362173981368,0.196949461841922,0.226256513269193,0.15381011181904,0.0303668600100343,0.196254879078442
"213",0.0745697121383483,0.157434296717937,0.176927674077694,0.224859484646417,0.229004458141595,0.13720437427801
"214",0.0989679212396295,0.0766850906096346,0.161974137503715,0.162992052707032,0.161245436410972,0.338135361529017
"215",0.113165045724822,0.232396031161899,0.289396612503683,0.0689102915145172,0.0657537419856676,0.230378277109412
"216",0.165915694020822,0.269883863152433,0.285765685060433,0.0740757867620872,0.0353686733853737,0.168990297618852
"217",0.214681765696986,0.0401407547406025,0.0537084145221863,0.189606526558669,0.0885373489311599,0.413325189550395
"218",0.181110770157387,0.343868255009557,0.0352628469384532,0.235384783772063,0.166229804240164,0.0381435398823754
"219",0.0948213213565793,0.159954943418123,0.0490361912048485,0.274599335739646,0.0995981403695975,0.321990067911206
"220",0.182907361260125,0.148126581133005,0.270388880902571,0.266705082441419,0.0687525392519708,0.0631195550109087
"221",0.127701985636727,0.165189214231722,0.459047754448509,0.0345697731970055,0.185949471535105,0.02754180095093
"222",0.18018969457873,0.0246082673723443,0.446202190957833,0.037256467010351,0.202984535713602,0.10875884436714
"223",0.148351604601514,0.323098528237426,0.10739810885989,0.0753174194243476,0.0432926808207377,0.302541658056084
"224",0.0961623506263261,0.0235219702375935,0.18053165926126,0.235818622788599,0.262457378529192,0.201508018557029
"225",0.0700317374653945,0.234092937993504,0.234665163769822,0.151198501722279,0.20913663641252,0.10087502263648
"226",0.182846998217447,0.0553580913069375,0.360718968076033,0.0385767066264951,0.0861064836404379,0.27639275213265
"227",0.0971480865211702,0.0422511899758325,0.215060741643904,0.368727231268006,0.241833403322524,0.0349793472685628
"228",0.0258151518298333,0.0516386624350369,0.212338127543727,0.282470457215367,0.193775194919048,0.233962406056988
"229",0.159359806486519,0.170843368012381,0.148684739975228,0.139705607589028,0.0880334264391337,0.29337305149771
"230",0.00841595031862555,0.21733614332549,0.181118409556409,0.0590455373152672,0.0935177305941402,0.440566228890068
"231",0.221095470181625,0.0880017966804836,0.203973392075654,0.0550065635800414,0.271223751156837,0.160699026325358
"232",0.176713261994303,0.0895571798076927,0.210086814121563,0.176873390789219,0.0132960577069866,0.333473295580236
"233",0.174618107757453,0.309801897360908,0.105512190986203,0.132886371232588,0.0640224396015955,0.213158993061252
"234",0.0882070186069095,0.0393738794102149,0.150666797044989,0.182332179450384,0.251622824014792,0.287797301472711
"235",0.152570772024903,0.238176702149754,0.146507322571983,0.15668449681951,0.156046253815587,0.150014452618262
"236",0.148191149176862,0.222890271242036,0.181717759751184,0.0292391552222029,0.195711352059732,0.222250312547983
"237",0.147870632043541,0.321079843428948,0.353777475160866,0.111344302072325,0.0387885836662982,0.0271391636280208
"238",0.0466234604634039,0.0780942735014465,0.543276537764692,0.147286779053846,0.0263534656273807,0.158365483589231
"239",0.170724232654516,0.114483183713991,0.167111182713772,0.330287807771293,0.148076020066104,0.0693175730803239
"240",0.127144255810568,0.262039826654583,0.179354880914799,0.0587017756902045,0.210135132170895,0.16262412875895
"241",0.00791506923479384,0.205363349697628,0.129599536573094,0.114178065466829,0.254523602814524,0.288420376213131
"242",0.206926558178666,0.381509509301086,0.0410509638245897,0.0473555596181274,0.0330480662742517,0.290109342803279
"243",0.201393544359374,0.227526690943053,0.0439235779008303,0.245361993078603,0.0921929234695737,0.189601270248566
"244",0.0195788762270793,0.0824258078210086,0.190221920398695,0.227860455353776,0.190199102659992,0.28971383753945
"245",0.0736173333938731,0.0632057770860357,0.149045849040364,0.202264260767876,0.153117711383261,0.35874906832859
"246",0.113797681269087,0.20366649170698,0.275877256925179,0.115376584656326,0.0835222558928441,0.207759729549584
"247",0.0649476360681706,0.0649463795322469,0.0671498378349999,0.192721356872752,0.3256937949258,0.284540994766031
"248",0.0323102794988524,0.15771099532094,0.0882774943465954,0.115727109967314,0.255134201517358,0.35083991934894
"249",0.0462425204639768,0.339575616171791,0.128659697032985,0.20794345154999,0.216423923639699,0.061154791141559
"250",0.0294777974706799,0.0335927066941652,0.367681760777297,0.00743251923924619,0.25132295534843,0.310492260470181
"251",0.136889259817615,0.270436190426952,0.163379897303816,0.247485876240911,0.0521644476731511,0.129644328537554
"252",0.00621410241906938,0.06342352940235,0.254419400690921,0.165378503649765,0.199485895364681,0.311078568473214
"253",0.158580361663696,0.174406212301933,0.27159415614252,0.0798943046442512,0.260524825578961,0.0550001396686386
"254",0.0111013684493765,0.299822949776702,0.264328858032733,0.10456291527333,0.00784189610694306,0.312342012360915
"255",0.150550891258451,0.189935046153271,0.177604547997285,0.33717299816726,0.0339924792593454,0.110744037164387
"256",0.153376087082343,0.119944798894164,0.200208718297652,0.109120684120177,0.14770144764984,0.269648263955824
"257",0.131863085966041,0.167500298811237,0.0966417856828503,0.139048585435024,0.191483596742929,0.273462647361918
"258",0.0975550624475112,0.083000550345282,0.0703699702577215,0.348475013186062,0.344336315080505,0.0562630886829189
"259",0.203641862025811,0.45604201721356,0.0746758847499655,0.0625613929877734,0.112820996376753,0.0902578466461377
"260",0.0855055969581419,0.110757689992636,0.0783381930190364,0.412987632166642,0.224241153801188,0.0881697340623555
"261",0.106834176555805,0.197095594786662,0.0855799783240301,0.176566100481905,0.244137570512637,0.189786579338961
"262",0.102157247715864,0.126034384296673,0.179443121731924,0.269685473604435,0.090547919676812,0.232131852974292
"263",0.125541153037505,0.207508329551031,0.225123556995613,0.187366228320978,0.0766292247811748,0.177831507313699
"264",0.0406662583313056,0.0225768084972567,0.214851980727415,0.285638395120439,0.268638011517633,0.16762854580595
"265",0.090793112417949,0.0283601719974102,0.337256066189581,0.414823626673431,0.0478747450035667,0.0808922777180613
"266",0.131775050291718,0.180066080531147,0.23724571881765,0.129849489475071,0.203638818285219,0.117424842599195
"267",0.105682881164326,0.124801871114937,0.192290151869074,0.280584089076372,0.202772719560118,0.0938682872151724
"268",0.0650162460465937,0.113002497170586,0.0875604673719326,0.306028205053143,0.195405211334407,0.232987373023338
"269",0.0461480244842556,0.192084993346387,0.204990917022332,0.159217454188723,0.17379334035369,0.223765270604612
"270",0.227963384047319,0.244789210197054,0.235759987193507,0.0401559649835029,0.174348285273705,0.0769831683049111
"271",0.1938915991758,0.0868821918378492,0.323255197276154,0.27829109955454,0.0867366300149444,0.0309432821407126
"272",0.18377463435154,0.260950173560354,0.041782491524709,0.0746002453347673,0.298579325724517,0.140313129504113
"273",0.0539795328455566,0.382421516437735,0.00909040113576374,0.156738307455641,0.282121346063785,0.115648896061518
"274",0.180261412135888,0.287613290817896,0.342091221962271,0.0434130457059846,0.113749460556174,0.0328715688217851
"275",0.115591940650471,0.0667162048567075,0.295591338465356,0.0422648746267104,0.348825522366302,0.131010119034453
"276",0.126140054068138,0.0344778665834247,0.10116703048813,0.202345375869067,0.219872678290466,0.315996994700775
"277",0.0535676529985317,0.0253168896226171,0.275945177639743,0.0684529334540882,0.252050879786448,0.324666466498572
"278",0.0400852599022134,0.283628233880949,0.255899649231921,0.18830205116306,0.198824359751398,0.0332604460704588
"279",0.0301421674314173,0.119969824493253,0.0199267470956708,0.239162588900605,0.330726374851207,0.260072297227846
"280",0.136771331844466,0.247214037301094,0.257366952081056,0.169915705495959,0.145601654075421,0.0431303192020044
"281",0.025995794032243,0.257813435553762,0.264954223618268,0.120314460729814,0.238582462378957,0.0923396236869558
"282",0.10895958546808,0.0110831283895123,0.609955673987139,0.0375253821803259,0.228034721235314,0.00444150873962926
"283",0.101682359740382,0.190272627335498,0.170123481552144,0.0902139216638613,0.188693903402951,0.259013706305164
"284",0.157637460023402,0.153651409640764,0.0979418113162589,0.232555621443935,0.219515430890846,0.138698266684795
"285",0.114242238484497,0.237238369123898,0.221284619507104,0.109117437310447,0.181152685828288,0.136964649745765
"286",0.0843835050322296,0.150303697381639,0.193660000189264,0.101320775613176,0.131364733606036,0.338967288177656
"287",0.0440981509718422,0.118759033559766,0.232065865606111,0.187045531377966,0.148952957974786,0.269078460509529
"288",0.145552413535128,0.348449246039274,0.218804610229483,0.0754529041378271,0.0627087512068888,0.149032074851399
"289",0.0620700125269335,0.174943675116397,0.208757314035015,0.0519209711485428,0.167721675180951,0.334586351992161
"290",0.128973616622827,0.266289276531252,0.225682473044963,0.0423276084448131,0.0927351687077908,0.243991856648354
"291",0.116504917268864,0.04192798528943,0.276655251182478,0.158961016913346,0.127824395457779,0.278126433888103
"292",0.0907954104769371,0.118338566623214,0.238488022798856,0.0845001618522189,0.159782389068697,0.308095449180077
"293",0.140610882944425,0.231690504515391,0.215239582269327,0.173528358598812,0.0297640860999415,0.209166585572105
"294",0.102030338790054,0.233507174554883,0,0.234970085492917,0.0463340831621488,0.383158317999997
"295",0.0633926851113095,0.168668881454956,0.0478430988064642,0.231655173244126,0.01130418800399,0.477135973379155
"296",0.103371911055329,0.0911654342544506,0.0563489957322582,0.207419880841511,0.276282563785276,0.265411214331175
"297",0.159382990926112,0.264466478409862,0.234211142237092,0.0441512742906172,0.0696089663169204,0.228179147819396
"298",0.103827416906751,0.279437667179039,0.141340484240438,0.107155561097592,0.157287126010174,0.210951744566006
"299",0.242115997815974,0.0708539039206105,0.0784737737937897,0.230065060704254,0.243981293129615,0.134509970635757
"300",0.046533009101746,0.259736495548269,0.16613369893985,0.24475908927013,0.243855128244711,0.0389825788952934
"301",0.0569666098535627,0.221596856800432,0.18934612840095,0.018202227270014,0.243836047199934,0.270052130475108
"302",0.0132367204753185,0.116917152021392,0.0557566992201685,0.192853527015738,0.275305313582908,0.345930587684474
"303",0.20411428250483,0.0673620084966256,0.129859957531642,0.206961044039133,0.316513081085997,0.0751896263417716
"304",0.120888721911031,0.0723353844352354,0.355647350086604,0.246569910570301,0.148544661039965,0.0560139719568643
"305",0.11880517249325,0.0882904781466238,0.246178561064868,0.215347933188101,0.110185947300013,0.221191907807144
"306",0.00434832392543792,0.00462935821854418,0.118606176525619,0.137846901909243,0.307577307111225,0.426991932309931
"307",0.0860935325715165,0.25861066571548,0.162468583436596,0.302877098914668,0.0281376632358659,0.161812456125873
"308",0.189260888944925,0.0961363224872089,0.111858896330857,0.11835870797993,0.0787312139912033,0.405653970265875
"309",0.143339248068355,0.0359579975632854,0.187990523113687,0.115305708581073,0.239062089222731,0.278344433450868
"310",0.0591249291915152,0.177407604431239,0.231375058145697,0.255563192054901,0.104097074872005,0.172432141304642
"311",0.121115439804341,0.0828752401007235,0.235246061811781,0.244357732414303,0.136458605001012,0.17994692086784
"312",0.0149874095350689,0.183779334079047,0.00548021522137249,0.310596688029782,0.172171962973199,0.312984390161531
"313",0.0458834117049501,0.282933726122017,0.307840194191844,0.130584190572852,0.0691527091107702,0.163605768297566
"314",0.135878588094078,0.167255882273501,0.232980634630212,0.156473653222841,0.0760792164255266,0.231332025353842
"315",0.118854076191397,0.193783122438808,0.0817591879574381,0.260064493499113,0.163377516397647,0.182161603515597
"316",0.172725617191431,0.246621686512728,0.0607347183362357,0.0891879798012949,0.319793295607962,0.110936702550348
"317",0.123821560314781,0.210102681635723,0.236642166364249,0.249048775137535,0.108149051948657,0.0722357645990547
"318",0.173383520166486,0.257713801303,0.183524387525752,0.137669619843009,0.19678039526587,0.0509282758958836
"319",0.0106798221641735,0.122109893131592,0.111098649579205,0.380428073910502,0.00538086444176836,0.370302696772759
"320",0.175370983091895,0.295089350454905,0.252784998794339,0.102272908815943,0.0750226336976983,0.0994591251452195
"321",0.0767671701154874,0.257897126214985,0.140541434810787,0.190329584294292,0.0708964731518862,0.263568211412563
"322",0.0236267212611501,0.116378030815167,0.293190069228499,0.0716010169210588,0.358756476171181,0.136447685602944
"323",0.0288559863117785,0.241942060055494,0.211345663934951,0.238213363269675,0.13029826887772,0.149344657550381
"324",0.092817582332776,0.23795228279328,0.276213883574192,0.204097579398469,0.111872811276568,0.0770458606247153
"325",0.0496346325288473,0.14760137678526,0.149518527283993,0.244798099158965,0.358500428237336,0.0499469360055994
"326",0.142921601686565,0.024456936406105,0.425964240189023,0.0144031346483482,0.0438008950637158,0.348453192006243
"327",0.100309317372174,0.408468721704047,0.0120291692778646,0.0651758394729133,0.264850713325598,0.149166238847403
"328",0.040550577918933,0.33412750631842,0.282526566466868,0.253964483308589,0.00657446390215118,0.0822564020850392
"329",0.1150401699556,0.249004817809634,0.273666151306004,0.0262056886785102,0.184940563181511,0.151142609068741
"330",0.0942865039960935,0.0949326178014617,0.0338149234905171,0.0905832071327987,0.271764741674604,0.414618005904525
"331",0.102724106171377,0.153934427562428,0.241914132191684,0.299784661815921,0.0568926147417015,0.144750057516888
"332",0.123158488139009,0.19150034492391,0.222755610903095,0.206212100576358,0.160974895092973,0.0953985603646544
"333",0.207535588800029,0.091682317690586,0.1951863930401,0.093862227805643,0.325117627248667,0.0866158454149753
"334",0.137554870301862,0.0290707646911035,0.290330918962001,0.0302784791336784,0.336342101300571,0.176422865610784
"335",0.0987848507975189,0.287478281718019,0.10265965718975,0.107200524590283,0.174080406445019,0.22979627925941
"336",0.155308428827355,0.231095563698079,0.0846223139802449,0.129202056893937,0.124619106476329,0.275152530124055
"337",0.18234048400255,0.0801991320591091,0.210690677289476,0.232522737733185,0.184361572232195,0.109885396683485
"338",0.149760755451579,0.194860294690434,0.147633858805581,0.263521591870441,0.204235258275867,0.0399882409060975
"339",0.143619467756188,0.266583710103086,0.127405222743124,0.178122275398702,0.0158013173604527,0.268468006638448
"340",0.0376895194998219,0.157472953973338,0.113845069726248,0.343168040206307,0.00991507976557529,0.337909336828711
"341",0.00992155754831348,0.163175112870106,0.121024943999235,0.0633024479124743,0.194282152995542,0.448293784674329
"342",0.178311443259407,0.0489754231792844,0.248632428298287,0.261208689712373,0.121023549601234,0.141848465949414
"343",0.123645248454841,0.196341692357291,0.0910815654456207,0.263383326645837,0.104719566458496,0.220828600637915
"344",0.183590136588325,0.0730184449935464,0.351894065289958,0.0963557355907886,0.237082748437166,0.0580588691002156
"345",0.159405440908503,0.311384342495424,0.211656907646207,0.188079577167786,0.0916320266228585,0.0378417051592217
"346",0.240480593567567,0.0877236111524007,0.123858143582039,0.16709679505986,0.216161043993415,0.164679812644718
"347",0.147189425871058,0.241496205479993,0.0908058439203662,0.177933440257945,0.0608744111800999,0.281700673290538
