"","neu","NK","CD4","CD8","B","mono"
"0",0.0924966782165198,0.189604857284438,0.335107257532348,0.140669626112329,0.166635288363091,0.0754862924912747
"1",0.0579830711975987,0.192905933440284,0.0384731553673968,0.0167944274358142,0.156144724755078,0.537698687803828
"2",0.113554174326458,0.0893255297802928,0.234445691059204,0.18911734211242,0.15569663061817,0.217860632103455
"3",0.166090548708078,0.254372259217154,0.102636179713503,0.107604759882233,0.249976545498237,0.119319706980795
"4",0.258923683788533,0.37424286541138,0.0351289214917303,0.223977889067506,0.0686235980193957,0.0391030422214546
"5",0.115531295781767,0.141978957695447,0.0180633151752138,0.15874489176866,0.259114635135545,0.306566904443367
"6",0.0542292960312985,0.164688804541114,0.243632601257471,0.0740565944574856,0.265990979806174,0.197401723906457
"7",0.0677096243944493,0.258026818823294,0.110654498925136,0.323774489685454,0.0259480567792138,0.213886511392454
"8",0.168655067384269,0.188517854370164,0.0643545096282522,0.260744581868888,0.259250295540378,0.0584776912080493
"9",0.0964976146538949,0.170867912450227,0.223495596433386,0.232294426327023,0.260472875298373,0.0163715748370956
"10",0.0145935965164425,0.379653390994009,0.0657811533233132,0.20013044429337,0.0379420105733188,0.301899404299546
"11",0.0891330553965934,0.0352019344208398,0.466341374619467,0.0169980572615303,0.311652854786848,0.0806727235147217
"12",0.192475706235203,0.199580752519643,0.23176512906655,0.0803475089219387,0.109263953432706,0.186566949823961
"13",0.043594378265533,0.210362135683827,0.261276850467391,0.207360570559387,0.0829081807254462,0.194497884298415
"14",0.0980318612752942,0.306601054075737,0.0738074185730074,0.205434569977293,0.213089196659276,0.103035899439393
"15",0.143534528256135,0.0928229333244376,0.159682589838403,0.166702192231662,0.260246207665023,0.177011548684339
"16",0.0837940919855928,0.201763856095577,0.0357829688163593,0.29235839583909,0.285185699109552,0.101114988153829
"17",0.105399456369065,0.374091322467178,0.260586845705255,0.139018178655191,0.0496972438479271,0.0712069529553837
"18",0.147756227466646,0.230303583060543,0.110787569717231,0.168612816537599,0.216187949282588,0.126351853935392
"19",0.114902114721704,0.223024853126932,0.137500400509097,0.243176504594551,0.255209977415244,0.0261861496324718
"20",0.0147456309064866,0.127703551170512,0.147250530884424,0.260920519006934,0.219706368792683,0.229673399238961
"21",0.0444998694467705,0.0902360174617114,0.340883802360266,0.329822863867819,0.0276176014170517,0.166939845446381
"22",0.0781615415978978,0.264512279619028,0.101480690645338,0.208330851734943,0.290036276478588,0.0574783599242056
"23",0.17078159477368,0.211300134313502,0.0557980503807014,0.0790104739793098,0.189294204741545,0.293815541811262
"24",0.180074473489762,0.110425978695107,0.206186174370715,0.173917076485924,0.184227822261305,0.145168474697187
"25",0.0505001834039439,0.334012676504802,0.240353752521299,0.0283656153183884,0.127125935507216,0.219641836744351
"26",0.0705809906282773,0.0823465633395328,0.224433190005548,0.155708278288534,0.23206281652483,0.234868161213278
"27",0.137126408603943,0.290991166766389,0.135690702354349,0.0316284287322522,0.140648822976249,0.263914470566818
"28",0.0688090841967085,0.0672951268879084,0.130187040009605,0.283688184912277,0.152257427236391,0.29776313675711
"29",0.154043665507702,0.20287974303118,0.177737573901327,0.0916959983082108,0.0675995980056718,0.306043421245908
"30",0.0945842568106254,0.0759055134138233,0.263857662636562,0.253439331847994,0.285772185911393,0.0264410493796024
"31",0.0136415053783596,0.157083915650383,0.174936755873112,0.257709362341563,0.272854153887026,0.123774306869556
"32",0.0921444094494902,0.0309379980878304,0.120966425045401,0.380120323738208,0.326773764217328,0.0490570794617429
"33",0.104360333285999,0.258584465283466,0.0899532558111344,0.143674543621984,0.083880882732467,0.319546519264949
"34",0.135147412075333,0.204041786464599,0.0951435465255101,0.196399738783721,0.189862732525412,0.179404783625425
"35",0.0777240982787628,0.279912960364287,0.333335411734718,0.044382208715872,0.230339440429455,0.0343058804769044
"36",0.0301216733990626,0.255566979214249,0.208205348233383,0.203358567556961,0.0365956315920496,0.266151800004295
"37",0.0546147820366689,0.116967593705658,0.332659428140214,0.229634166189375,0.181150314610526,0.0849737153175584
"38",0.0745342045528561,0.0914378564035229,0.268034455274056,0.298034552333732,0.191364333446194,0.0765945979896393
"39",0.133609903829271,0.235948115498411,0.242701770795954,0.101410146739631,0.160013828107498,0.126316235029235
"40",0.0644400530136566,0.10918276370561,0.328869173161801,0.248169369321557,0.249338640797375,0
"41",0.13229739378734,0.253788943279732,0.215923924225387,0.193079700671221,0.064062834852297,0.140847203184023
"42",0.21649141222811,0.424883828685599,0.114551413409582,0.0526330036877825,0.0982060030647089,0.0932343389242175
"43",0.0955644808048325,0.179247306595725,0.127740802760958,0.195820443290312,0.202571969954873,0.199054996593299
"44",0.0834200736202635,0.332109551081556,0.106982737552894,0.274484496177305,0.114838595470845,0.0881645460971375
"45",0.126471123313558,0.2504371977016,0.181901580922409,0.136955700206253,0.0207580147939956,0.283476383062184
"46",0.0548149792917849,0.00948514874624829,0.530874039725489,0.190934712443232,0.0201969582869937,0.193694161506252
"47",0.1014684934374,0.0918920750372209,0.264636632787081,0.15211292997906,0.157324910808667,0.23256495795057
"48",0.171716005620753,0.243629870549617,0.0599460824460108,0.173274721390637,0.198242214907394,0.153191105085588
"49",0.161179879052734,0.163067493044288,0.113968965963566,0.21878459621442,0.163334700511085,0.179664365213908
"50",0.196710547803282,0.209916302264385,0.231723652686183,0.0654405405242546,0.266212860986472,0.0299960957354227
"51",0.151218942729325,0.0604687799831967,0.206513581023886,0.123974807286495,0.230139420126044,0.227684468851054
"52",0.118364346031319,0.227659903731604,0.171468682952892,0.0661966992769409,0.225313684628367,0.190996683378878
"53",0.00545123747856182,0.244665462782215,0.0505190020248404,0.20791031642248,0.208983905198526,0.282470076093377
"54",0.00748165510765854,0.0812210852403724,0.253119950687228,0.165148308994603,0.237038244337521,0.255990755632617
"55",0.120979736794132,0.150532802275969,0.177443231123188,0.0376046061620904,0.0925278215948023,0.420911802049819
"56",0.0826052051980032,0.090448897926634,0.362164555840843,0.172655609660777,0.189030674428513,0.10309505694523
"57",0.0691613825377017,0.195267388417665,0.12970302858911,0.178390622109753,0.244500394828371,0.182977183517399
"58",0.13031514269654,0.0250700347910067,0.161315879119535,0.264725234134862,0.197852293194302,0.220721416063755
"59",0.15781630146437,0.0732317773729252,0.258470728468797,0.121593354106874,0.261065182419829,0.127822656167205
"60",0.0124339324584357,0.278058515697967,0.185938438228153,0.115802332684046,0.126694374850212,0.281072406081186
"61",0.182194535263469,0.334679343036424,0.0599318150594295,0.0484423316074809,0.0287388892543445,0.346013085778852
"62",0.214497764620758,0.190290065099822,0.0461784547653829,0.300626581689331,0.0677435959343938,0.180663537890312
"63",0.110307691597055,0.280096083301867,0.0950834500374879,0.101531045732581,0.268829925395526,0.144151803935484
"64",0.163362823223013,0.169053247860937,0.332362819469592,0.105312483606157,0.0773605407618759,0.152548085078426
"65",0.189359260718186,0.343688803346052,0.0587535178882799,0.14936236732344,0.227693164646308,0.0311428860777339
"66",0.0450438305294114,0.219314712860085,0.259790185557345,0.0781955584657934,0.331709586254127,0.0659461263332383
"67",0.207136510652145,0.165604744223865,0.255974885532422,0.0979708768735968,0.0471697213469078,0.226143261371064
"68",0.128476648638699,0.195635310238309,0.252626643502138,0.118324220325645,0.124842517283983,0.180094660011226
"69",0.0620947054960948,0.269053806887766,0.0850784248583276,0.250281125293282,0.117880798122146,0.215611139342383
"70",0.0508633084080499,0.22826283871156,0.224015364139293,0.168409569619917,0.26096938323486,0.0674795358863208
"71",0.128185573136535,0.015043448940349,0.220549727072065,0.158824969074661,0.166815456755983,0.310580825020407
"72",0.170314950491385,0.262212989831493,0.201171754056918,0.0585703665165808,0.034241932693746,0.273488006409878
"73",0.0908652273906417,0.152537402389481,0.0785316214311275,0.198257824929745,0.293140345260114,0.186667578598891
"74",0.0296327895535155,0.230475647362973,0.16703203105618,0.141905442617002,0.0565293051059306,0.374424784304399
"75",0.0921382338628866,0.147791028059486,0.230118513248256,0.213466438717996,0.0683088093380319,0.248176976773343
"76",0.130805506314983,0.270586162199627,0.18394331463013,0.0627128063982843,0.0284380400387377,0.323514170418238
"77",0.0088697198705434,0.169765775220781,0.27802158045972,0.293930237546864,0.099458764892662,0.14995392200943
"78",0.0719143038008302,0.247585235208206,0.231097083033494,0.0781647011486872,0.18936428401943,0.181874392789353
"79",0.0611683548261272,0.165139965490482,0.029825003918266,0.195614641817607,0.255496882898996,0.292755151048521
"80",0.132641206312161,0.15231401257184,0.140158923081928,0.202194878768722,0.178663702238384,0.194027277026965
"81",0.018224102535102,0.237970630028705,0.2806074801034,0.0733286918804827,0.18196830014166,0.20790079531065
"82",0.125019564845493,0.108516731840628,0.234793354955823,0.210601435430995,0.111810497027452,0.209258415899609
"83",0.0424597723542747,0.169076874333178,0.281285538730615,0.146285676438113,0.11114290180205,0.24974923634177
"84",0.0258688840616532,0.0430274434398919,0.203524045347096,0.101031874129216,0.504866336941616,0.121681416080528
"85",0.0080881245235747,0.200876600704691,0.237040819894981,0.0978190244648862,0.244650807066401,0.211524623345466
"86",0.0234759459350127,0.223592670144665,0.350285889838094,0.167515079603525,0.112391960370397,0.122738454108307
"87",0.134462217628437,0.234777696666842,0.355155978098095,0.177486259111944,0.0530493643021584,0.0450684841925234
"88",0.136909614698153,0.0413774006468809,0.0528686159338259,0.271741751976976,0.119504619578062,0.377597997166103
"89",0.00708874640410208,0.201318192355359,0.102261468264028,0.223876865731275,0.287032702056605,0.178422025188631
"90",0.130420675718965,0.0571863411736021,0.210303568084463,0.147321075908159,0.216152474928808,0.238615864186003
"91",0.108404726335328,0.0123005520384786,0.40851034608955,0.1180466243104,0.130556538977707,0.222181212248536
"92",0.239388855698368,0.0929757085759583,0.0660607561293451,0.296516666421027,0.220352126882764,0.0847058862925366
"93",0.0718904936458744,0.150232336652356,0.158618978230585,0.226061510627691,0.172242208940772,0.220954471902722
"94",0.191961919540593,0.360633665049944,0.0356043350041981,0.0988364611772357,0.201206893033472,0.111756726194557
"95",0.197312880601135,0.16205249485599,0.0439331892222522,0.295358829784165,0.11058736455712,0.190755240979339
"96",0.126169743565554,0.0784285609954291,0.0881811625616206,0.163569191589974,0.374471036588106,0.169180304699317
"97",0.0884599305361137,0.337298806668764,0.0159744192654022,0.0325893734400046,0.0978897880405447,0.427787682049171
"98",0.0179699737285755,0.221342188563637,0.31114841025122,0.107995501465535,0.250362633766498,0.0911812922245337
"99",0.0877141444032541,0.174670327180467,0.395946921324036,0.0510594703503815,0.0270932247109961,0.263515912030865
"100",0.311831879203184,0.0502733738138361,0.105473217652638,0.376305695092765,0.0781558038987755,0.0779600303388013
"101",0.088316194987076,0.118199054331961,0.0225164734493091,0.268442076288894,0.246824048495489,0.255702152447272
"102",0.0464593511860761,0.34949282275774,0.27531936541253,0.173549434542308,0.123864067610946,0.0313149584904
"103",0.0104750164820482,0.0325407431552325,0.0575916248419612,0.216235673562597,0.416700743825189,0.266456198132972
"104",0.120691968213773,0.220128818147279,0.307202867155585,0.0322380783611182,0.0293874010644339,0.290350867057811
"105",0.0635117127536768,0.308388381814011,0.172210909585018,0.131571421884017,0.0329181874428792,0.291399386520399
"106",0.0657880888612742,0.151798279342281,0.248324517082427,0.140398056133011,0.0118192800614419,0.381871778519565
"107",0.132051150862594,0.0345347518410008,0.300062022200546,0.294342112604691,0.0648105019890415,0.174199460502127
"108",0.0767034145588632,0.0229613210348368,0.271757013370517,0.133119478786447,0.193077958766127,0.302380813483209
"109",0.150088220495942,0.251736905447376,0.0215091986784037,0.22435083254738,0.258871143489212,0.0934436993416863
"110",0.184544044059539,0.125515543713882,0.379025956762339,0.111218072801986,0.0376957667263052,0.162000615935949
"111",0.15687260431237,0.0371820556089034,0.0803910122715939,0.253405029571539,0.175884342928373,0.296264955307221
"112",0.065205088803076,0.0680648249724998,0.250312012876021,0.0288451028311663,0.138837279743681,0.448735690773556
"113",0.124913290714801,0.182484693267453,0.296007317793901,0.109076315628849,0.150549843067276,0.136968539527719
"114",0.160673641174185,0.121835392714231,0.173075233511119,0.180680303965245,0.322206151906864,0.0415292767283557
"115",0.120186089129565,0.0660574925137944,0.13187783221284,0.261990004608231,0.258071332456018,0.161817249079551
"116",0.0384576630686432,0.0744810738650964,0.0765576660610665,0.661570731848815,0.115101601778174,0.0338312633782052
"117",0.144609920494533,0.148050603677635,0.332233097153458,0.115915371245437,0.0952851289749859,0.163905878453951
"118",0.0826280412680414,0.219743333205397,0.190936341730016,0.0904834626388819,0.0882557382617051,0.327953082895959
"119",0.152306605250577,0.179795007567445,0.14556497091344,0.150138716847718,0.141836628693249,0.23035807072757
"120",0.102980280680051,0.168558401708337,0.0327264974703661,0.0594911893717751,0.276656063575218,0.359587567194252
"121",0.130275884865243,0.381256392897533,0.351032611979674,0.0436424476534228,0.0350607880411557,0.0587318745629713
"122",0.118418914899022,0.152052148246187,0.0698668600810328,0.392077480539215,0.151368814406767,0.116215781827775
"123",0.19569758308239,0.189777571111549,0.193359670122303,0.0614268780701546,0.0811616982315754,0.278576599382028
"124",0.154055679252737,0.0540966320735411,0.14550727807282,0.243378599066879,0.0663544223409401,0.336607389193084
"125",0.0474200883180908,0.133751279134099,0.292362522253552,0.105028274522012,0.222554759614289,0.198883076157957
"126",0.0890429915810704,0.257552344672621,0.152204410338205,0.170911635513046,0.211869642550365,0.118418975344693
"127",0.101104006255783,0.137007591439704,0.108363547400977,0.142501283028121,0.209221713547321,0.301801858328094
"128",0.121639724713337,0.170456624012522,0.106175178307628,0.211371896432594,0.233431724657853,0.156924851876067
"129",0.0643507244131314,0.0631999214440605,0.35879095826954,0.0615361384428252,0.268361291933723,0.18376096549672
"130",0.186078690099931,0.228082281470735,0.0721500695604611,0.294276760017981,0.160071210105772,0.0593409887451194
"131",0.061721563887159,0.0293403150262588,0.293906243772074,0.217947809486372,0.130247422213335,0.266836645614801
"132",0.0849088735817811,0.223373690289266,0.328327621576467,0.00533320240280703,0.0673780516067355,0.290678560542942
"133",0.0503796511847705,0.0476446125226639,0.452916382383315,0.204742072864673,0.234759161276399,0.00955811976817908
"134",0.0849513115974093,0.234520612522897,0.314330257464126,0.125582244061099,0.187571989641379,0.0530435847130901
"135",0.151197790877841,0.167363882802687,0.145342940547238,0.208647372252859,0.200239428265271,0.127208585254104
"136",0.201824411769314,0.0621931436166272,0.304585472381668,0.0983202740071988,0.118915790080037,0.214160908145156
"137",0.135689951900475,0.260479661034841,0.152855450437358,0.187795919786245,0.10821270065525,0.15496631618583
"138",0.182497758391329,0.17026474835705,0.335445754878531,0.075701096567692,0.0253940630315815,0.210696578773816
"139",0.188296412764531,0.12464259567478,0.358905684510379,0.0901773801647269,0.198590807006277,0.0393871198793059
"140",0.147851577340778,0.0314348584824848,0.348603606904502,0.134882539837933,0.227333150185434,0.109894267248868
"141",0.0883126963092472,0.233306578518992,0.175675243360397,0.119186267639986,0.27691896650178,0.106600247669597
"142",0.0613893135394934,0.14291117990189,0.0803210935384096,0.103630478580606,0.33676059055129,0.27498734388831
"143",0.0616139802154039,0.27810428769767,0.359159439366692,0.160477344811,0.0893014630457845,0.0513434848634501
"144",0.0647591505320974,0.158504378776222,0.224194823501319,0.0902618804739806,0.252071340726658,0.210208425989723
"145",0.0427051542345306,0.141224865785182,0.283284457968258,0.249686495340212,0.0118442576805809,0.271254768991237
"146",0.0624584371942397,0.11456983203447,0.364198996038327,0.139221555072806,0.30570218426615,0.0138489953940075
"147",0.105995565712345,0.185141634387087,0.125968809223255,0.205130895407725,0.0647667454828236,0.312996349786765
"148",0.0792103443928834,0.161516285025428,0.26276236307518,0.253791989218313,0.10058296553185,0.142136052756345
"149",0.134628074905369,0.163628695509706,0.159053604872647,0.313418168926513,0.183136151497064,0.0461353042887004
"150",0.17441130313648,0.226940282620522,0.149896589757463,0.269695027419368,0.0292393761190953,0.149817420947072
"151",0.0597557937997244,0.182254419971756,0.178474352528193,0.181148314088274,0.188349224015034,0.210017895597019
"152",0.165850190982427,0.213937680593088,0.278800093486042,0.216350432819638,0.0925919900558091,0.0324696120629952
"153",0.0306662961879205,0.221847216312377,0.25254205009359,0.13911366531124,0.110370918717918,0.245459853376955
"154",0.113113495981489,0.223642814444364,0.213130306627897,0.0688020148545312,0.0641916327825525,0.317119735309165
"155",0.0126473851583824,0.178686595428416,0.0457385909133616,0.309520025448124,0.381844045210859,0.0715633578408573
"156",0.114718424077002,0.29498431850798,0.242116515193734,0.0975765997930792,0.241643044401411,0.00896109802679306
"157",0.0434653824758128,0.179420078183424,0.087145044616965,0.179915205213935,0.342014517822178,0.168039771687684
"158",0.0256156871001527,0.230852580245187,0.192519988619299,0.254115840478937,0.0739213858846977,0.222974517671727
"159",0.051268359215136,0.27143904256154,0.149278191720074,0.0481805678059236,0.36584675184521,0.113987086852117
"160",0.0710388902991693,0.0212428894583356,0.532610611344684,0.154486968961805,0.0471666161663706,0.173454023769635
"161",0.145280535202185,0.117031237883333,0.262480193982894,0.207336789843215,0.173016601544191,0.0948546415441818
"162",0.00485952656301434,0.246034596531651,0.185878672504336,0.27710198690614,0.0076779841654345,0.278447233329424
"163",0.114671685680431,0.117555828840559,0.115625616353377,0.32223287958689,0.152420565468885,0.177493424069859
"164",0.0634003213407584,0.0834037932811443,0.248608114284577,0.250641933861154,0.204795793756122,0.149150043476245
"165",0.214857774935866,0.274076579180697,0.0877741323873147,0.179622084866658,0.0324288928013012,0.211240535828163
"166",0.0327342907294928,0.227896398834805,0.125520282273957,0.177891016637093,0.130823098984247,0.305134912540405
"167",0.165107397723777,0.100555352097188,0.151625202078092,0.358370203557652,0.100667958384713,0.123673886158579
"168",0.0421030495692474,0.295606788686352,0.0281459136078461,0.249021868146301,0.0692577550824099,0.315864624907844
"169",0.173731219986732,0.176111026496208,0.187891551893886,0.0728166737213526,0.208828659684611,0.18062086821721
"170",0.0512195571817188,0.0279149068704986,0.246353524732256,0.45040395122558,0.0494557457604615,0.174652314229486
"171",0.0258859251447314,0.297522694038496,0.205562719995271,0.0290937562032668,0.289460754231998,0.152474150386237
"172",0.0879967570127746,0.20316847528661,0.27852032186363,0.082408981968576,0.1520711660106,0.19583429785781
"173",0.0192193545265189,0.0990502857745947,0.251341126525829,0.172326987114459,0.178252518310111,0.279809727748488
"174",0.166541090544447,0.0440504659890459,0.115486799517472,0.21996103070629,0.271065707043057,0.182894906199688
"175",0.0127395734750568,0.10398071228639,0.225463430452222,0.289371786711959,0.079216057693932,0.289228439380441
"176",0.155522241958685,0.331495984273866,0.0192772759802243,0.263256711228077,0.0530028151167798,0.177444971442369
"177",0.196807099453054,0.304523802516126,0.134896013773905,0.0477602912789957,0.247840563375541,0.0681722296023792
"178",0.118423871519114,0.108460456464084,0.296499006112978,0.0208391337313191,0.197182206746917,0.258595325425588
"179",0.098593259623114,0.134813766263585,0.0570365137368091,0.257914424934378,0.0779376582303849,0.373704377211729
"180",0.087899610328679,0.147696044965327,0.237690404334119,0.189123360809401,0.257235765685816,0.0803548138766584
"181",0.0592211674979427,0.183483948853752,0.187640025502068,0.238865468400676,0.294025981789007,0.0367634079565545
"182",0.225770305417332,0.344523196021104,0.137230468154935,0.207924354780754,0.0466947591315298,0.0378569164943455
"183",0.194826207933644,0.0629893720845111,0.105559776154076,0.207034845136183,0.390535012976718,0.0390547857148674
"184",0.150119904037159,0.197945985253557,0.103521607845671,0.167411332601415,0.0785949240723926,0.302406246189806
"185",0.0584867137203056,0.0624820865205488,0.0503042907814745,0.766627622545708,0.0254876740856273,0.0366116123463359
"186",0.0724495210203792,0.0574624289614289,0.405273981672042,0.164367833530744,0.175528211555268,0.124918023260139
"187",0.0458854589506306,0.0547982151613121,0.055565235736111,0.313256635517918,0.261589507285238,0.268904947348791
"188",0.152833898563751,0.053182400576017,0.0869930311205911,0.155357668604257,0.213564295075367,0.338068706060018
"189",0.0162963319862929,0.0038372132912355,0.229434456728487,0.412179648372091,0.0484912214193272,0.289761128202566
"190",0.137834116134881,0.0282619235186663,0.240833527494716,0.258831573730503,0.120739314118915,0.213499545002319
"191",0.0031408422295708,0.168465959915211,0.366363412450247,0.131408509613263,0.0956716460441082,0.2349496297476
"192",0.133553510260002,0.220912690558798,0.284864509105133,0.108400625636549,0.0792990157318421,0.172969648707676
"193",0.0491774357342284,0.0542684536579185,0.107241468544778,0.0718401597516096,0.320420258299482,0.397052224011983
"194",0.0973023919782773,0.233907532249387,0.132869934073347,0.189817459385716,0.0854554257067179,0.260647256606555
"195",0.15261421146291,0.21891740970108,0.12742116746863,0.0994788493139799,0.163587896802741,0.237980465250659
"196",0.146856671349209,0.293017721337364,0.0603013463915926,0.0507600291932723,0.288314438490243,0.160749793238319
"197",0.172830097620145,0.0218395969886336,0.264854700317662,0.277984718146564,0.136945654304908,0.125545232622088
"198",0.014404114973232,0.281911823087953,0.018988027743032,0.213803855123448,0.135248212688057,0.335643966384278
"199",0.0559288874357888,0.0475081972495416,0.0231880278098865,0.269661530006532,0.0603294119669332,0.543383945531318
"200",0,0.184748194613034,0.252542737554766,0.1889779098134,0.115074672686275,0.258656485332525
"201",0.225411603444797,0.237758415604708,0.2719582241871,0.183107188091917,0.0623685281581864,0.0193960405132907
"202",0.16676467901672,0.0497420784794298,0.173188810666554,0.15858040066288,0.12476559083549,0.326958440338927
"203",0.0330282023163728,0.185454328880161,0.262919463819652,0.168936783501981,0.182833770896958,0.166827450584875
"204",0.0418934493311366,0.238164663277718,0.161691745647683,0.131678076323803,0.270628871931465,0.155943193488194
"205",0.11455205103544,0.124655943734906,0.325413475014033,0.277747670993341,0.0196707867544043,0.137960072467875
"206",0.152831161662768,0.0336451482229892,0.277234277101981,0.243541602422963,0.068257104537308,0.224490706051991
"207",0.0964095845302316,0.22165997118179,0.0836733820640361,0.0704921381676713,0.271893865684112,0.25587105837216
"208",0.0509706471290677,0.122977196357565,0.337475881155926,0.212606906163847,0.0956759656689056,0.180293403524689
"209",0.146619199993711,0.111437738071498,0.298212080435987,0.135537621248171,0.172858607414461,0.135334752836172
"210",0.149323668107799,0.165508015286615,0.09510445576393,0.233974075987701,0.268503992598995,0.0875857922549599
"211",0.0557674799650993,0.0547430767450085,0.366298235010097,0.232663399301039,0.203469186831873,0.0870586221468833
"212",0.0748053476127547,0.0158242112955148,0.439989576101622,0.245451686539237,0.0509597923842056,0.172969386066666
"213",0.126801285815897,0.0763766122376157,0.240346263169972,0.376208864133284,0.0470257204817872,0.133241254161444
"214",0.193446036108424,0.106462334009983,0.230013855524391,0.307078680702911,0.0651862470103067,0.0978128466439842
"215",0.149628593772086,0.110832704247601,0.2460150652821,0.213283653010679,0.103160844260008,0.177079139427527
"216",0.0930858366379661,0.22047117896518,0.113684750089422,0.0311681933024694,0.203315057919847,0.338274983085116
"217",0.0653640286285066,0.0454716810760152,0.3008310302419,0.270737951527393,0.132231192640334,0.185364115885852
"218",0.153380245446628,0.225098658809622,0.198894759997189,0.0474524481448371,0.104981946044825,0.270191941556899
"219",0.182613816049993,0.150590609244771,0.0384415853269564,0.110817500348891,0.225212954234456,0.292323534794933
"220",0.162733229120827,0.265420280463741,0.156685326051756,0.0980727959958359,0.16057791486606,0.156510453501779
"221",0.069064922570783,0.204226900050188,0.255072053860267,0.124002536697313,0.123524547321662,0.224109039499787
"222",0.0239922094080007,0.144351408800666,0.285290934272018,0.239141999512504,0.205944422685917,0.101279025320895
"223",0.193548078777333,0.266076734805733,0.118530464276582,0.0744652559459509,0.299104758623561,0.0482747075708392
"224",0.0110541875910602,0.155587786139043,0.184168538143086,0.201181785495126,0.256507053464873,0.191500649166811
"225",0.0139326059094647,0.184068975379933,0.32438245364853,0.312932031042812,0.159865517952481,0.00481841606677877
"226",0.0497199381875342,0.209559244919413,0.165973576427866,0.22435385348143,0.152824122455772,0.197569264527985
"227",0.118417116226355,0.196947997552063,0.131741050591836,0.226723818117672,0.205917179156525,0.120252838355549
"228",0.0612012826013684,0.146337745961493,0.308158085058928,0.126465163815172,0.24163410272885,0.116203619834189
"229",0.0821159837179522,0.297415440665216,0.270147183278469,0.146162109079969,0.165035980639453,0.0391233026189402
"230",0.103996688273535,0.312084970306952,0.095669126028502,0.019306773689824,0.284080004303978,0.184862437397209
"231",0.167934379600948,0.239795058437478,0.265662821773865,0.0954832272689733,0.0715364695008949,0.15958804341784
"232",0.213550647653544,0.135011683349502,0.107821175020051,0.0396929718019266,0.166297180167042,0.337626342007935
"233",0.180946686909183,0.282776244431771,0.194500198253895,0.0507608828425203,0.143916091531289,0.147099896031342
"234",0.0942172499644546,0.186521928652001,0.0583827492257553,0.280178635001508,0.119569695863216,0.261129741293065
"235",0.127457955506886,0.137071586388534,0.355855009687274,0.228594866648271,0.14067299068783,0.0103475910812043
"236",0.0552649333792527,0.0202733317755559,0.23655608882528,0.253836811529146,0.264825221872543,0.169243612618222
"237",0.000243398492620199,0.0281172269794179,0.308696436950163,0.242324050782635,0.0199437571606261,0.400675129634538
"238",0.0699631598938337,0.0919520486613626,0.243839969498029,0.14534795057784,0.206550187970613,0.242346683398322
"239",0.116800176443089,0.254077304512332,0.339662831609957,0.0398482545853529,0.0484131495034353,0.201198283345834
"240",0.156770202488528,0.279846643042984,0.221078653747193,0.201213326022879,0.112340041183656,0.0287511335147604
"241",0.168396817954813,0.0297131548063543,0.217438795071771,0.0495088778837975,0.196284015237452,0.338658339045813
"242",0.190152823072062,0.133049368489982,0.318342497037308,0.200345927629069,0.085190059171026,0.0729193246005528
"243",0.139074493689347,0.0924186453260473,0.244175517717411,0.185350147078507,0.211403638314842,0.127577557873846
"244",0.146226232456503,0.126687354923674,0.0994823188855702,0.120558383895262,0.260047406744147,0.246998303094844
"245",0.147177495112965,0.27600918440702,0.109725091947535,0.0506373747296194,0.235192415026909,0.181258438775951
"246",0.148512593098663,0.227695414730146,0.0673134353531362,0.244731513360931,0.212659300744364,0.0990877427127594
"247",0.178612424971268,0.0426560410779236,0.450216009710254,0.0930224773653561,0.215628504566746,0.0198645423084525
"248",0.0818675075706035,0.133324250313127,0.231060657591455,0.226355012171323,0.0970148401154127,0.230377732238078
"249",0.0940712263581907,0.0806054908942177,0.114652684410634,0.12080496995724,0.321042475720692,0.268823152659025
"250",0.0433074745857144,0.321326704471841,0.0796975706946969,0.0485684544762042,0.336155797838366,0.170943997933177
"251",0.116788519826639,0.291986253822019,0.0480496564813567,0.0548693794104307,0.192452778378271,0.295853412081283
"252",0.181410324225646,0.0500463741290995,0.327866286152207,0.179574251795348,0.228276053760941,0.0328267099367583
"253",0.248621144976056,0.0301485802963104,0.050786229927287,0.304742464048336,0.116648787760618,0.249052792991393
"254",0.112511590511865,0.163758971159811,0.183113465808233,0.190867637171562,0.0840756864346438,0.265672648913885
"255",0.0482691089886109,0.197074480589415,0.123097702847949,0.207831540527174,0.203424801114726,0.220302365932124
"256",0.0811772008631806,0.0342209972716058,0.433946192566966,0.328990636942055,0.0255513715531628,0.0961136008030293
"257",0.0786306072838848,0.234845013248996,0.0626171204289493,0.229956155152481,0.160830392259803,0.233120711625886
"258",0.253304970291621,0.125252387515438,0.192754090800686,0.175757672060169,0.088618173425343,0.164312705906743
"259",0.168855154634426,0.0407921045739758,0.149510454255591,0.209970378475366,0.134645208258894,0.296226699801746
"260",0.120971286499893,0.0542637503879237,0.238354258301682,0.209291889490475,0.176640805137463,0.200478010182563
"261",0.164386424214301,0.063733195995926,0.266626232327843,0.217255079248819,0.16127725849933,0.126721809713781
"262",0.214979905555616,0.256064208593895,0.0983143150922205,0.230469491191112,0.0338413405371562,0.16633073903
"263",0.193937409432067,0.0968829162077307,0.133728307330633,0.0844018620945187,0.156790481680536,0.334259023254514
"264",0.104593707117075,0.148641685038973,0.18738864161131,0.0609508997364339,0.337314529429389,0.161110537066818
"265",0.0780105509761673,0.190450522839282,0.252625432396297,0.235698381938165,0.133212849477601,0.110002262372488
"266",0.158758515222618,0.0934830491343523,0.10309290154125,0.123850411047035,0.204274904942188,0.316540218112556
"267",0.141665959192603,0.196241570202574,0.327554856563929,0.0759896848732775,0.176861128629926,0.0816868005376908
"268",0.0748358108882307,0.109435140313807,0.195474652154714,0.216168745856362,0.123943085158279,0.280142565628607
"269",0.150983192121341,0.0964809334888629,0.20769287761488,0.240490742347799,0.0381194989195635,0.266232755507554
"270",0.0700829229539227,0.141632547596028,0.18464575943181,0.149828640696687,0.195414902985177,0.258395226336375
"271",0.0230627074815135,0.256484456708074,0.18286787888752,0.148978744501693,0.201763663715738,0.186842548705461
"272",0.0499480786816254,0.261845874528693,0.176126348326998,0.037094991054768,0.155790860316681,0.319193847091235
"273",0.0465652639801736,0.16254430996731,0.115388222041136,0.282581478968981,0.297611482301164,0.0953092427412351
"274",0.0846257460812428,0.263436945973586,0.0521377605950999,0.0641916184648994,0.245905602410066,0.289702326475106
"275",0.105467166434845,0.122035722292204,0.124891603942382,0.232608943374505,0.241371790220549,0.173624773735514
"276",0.250941935531015,0.132908442467511,0.147932093954713,0.132264196046368,0.264863880445213,0.0710894515551794
"277",0.0833013492979253,0.126194828434497,0.238212310973086,0.215921241385454,0.136670270258532,0.199699999650505
"278",0.136037691572192,0.0231081027481664,0.16291975429911,0.0908073833049293,0.321618063905601,0.265509004170001
"279",0.115806369522899,0.0463035189916901,0.228470960488021,0.218572115718017,0.0769456616789718,0.313901373600401
"280",0.150308011666761,0.0925858299338135,0.260600114524299,0.271862300268672,0.112134840999916,0.112508902606539
"281",0.138474619575979,0.164628365383852,0.179860075029637,0.294303220060501,0.125713423764937,0.0970202961850941
"282",0.136411989804098,0.199171161836513,0.164118263512992,0.1491881504267,0.121901081352906,0.229209353066791
"283",0.0103696826480919,0.219756411110986,0.283233641444105,0.213719160823805,0.122211224385206,0.150709879587807
"284",0.197019183748336,0.150776872553042,0.145962098654969,0.292019115248807,0.181458812809384,0.0327639169854623
"285",0.0599646805661253,0.256373996973975,0.18148890211984,0.246040643914054,0.134567414389687,0.121564362036318
"286",0.131078607310094,0.203807231182807,0.177061883416473,0.271415880113558,0.146960996062212,0.0696754019148561
"287",0.127618687615556,0.253733758822402,0.136081492857561,0.250903423727913,0.0140693923005889,0.21759324467598
"288",0.164041890652491,0.247554732926616,0.11322355464042,0.243403890234331,0.197989322715037,0.0337866088311044
"289",0.150072110124411,0.235299121813315,0.128288402397181,0.296251221561907,0.0851905571046662,0.10489858699852
"290",0.0990891007665679,0.0993372498034387,0.29357340136781,0.182257887762367,0.227351077975117,0.0983912823246993
"291",0.0861346144765205,0.196166075746289,0.103654516228686,0.251036226808673,0.137302808740583,0.225705757999248
"292",0.031233397622631,0.214164637692923,0.31453205158407,0.261490580931663,0.161110707981183,0.0174686241875302
"293",0.113944696101126,0.202025630838235,0.225015531417729,0.110915813333837,0.219657637553039,0.128440690756034
"294",0.160431287331162,0.126403902026142,0.248459400987294,0.117871613028587,0.0332540880298607,0.313579708596955
"295",0.13179320401485,0.0637043501961433,0.102056991158962,0.178659687717995,0.238683089051278,0.285102677860771
"296",0.113409188081139,0.223073770126093,0.288638588688638,0.126870863167946,0.0389504779789513,0.209057111957233
"297",0.129039234470112,0.316830913483572,0.241387889259946,0.0587013276380386,0.166867125925494,0.0871735092228363
"298",0.150654702035925,0.260924134112624,0.0405659020800242,0.145338989401575,0.145586318094214,0.256929954275638
"299",0.01030752873971,0.0477093139903055,0.355760749139301,0.208134653572398,0.21874049382395,0.159347260734335
"300",0.00222505476291965,0.0153936760599207,0.222884235360697,0.0793931485626146,0.362811903178425,0.317291982075423
"301",0.0945601637422456,0.304483520239358,0.164548763425159,0.0794757944261688,0.25668824222658,0.100243515940489
"302",0.0563039184096854,0.365372547132438,0.225381967820899,0.165448562351914,0.142656051421324,0.0448369528637389
"303",0.095625540661317,0.108578216443431,0.244412994475425,0.188031255295824,0.0787533773327009,0.284598615791303
"304",0.112682722615081,0.01376577975483,0.281657190014386,0.111502863170212,0.21003637548119,0.270355068964301
"305",0.014214827548441,0.250077432168931,0.256923820732851,0.292009316309254,0.073414363565815,0.113360239674708
"306",0.0410699870156391,0.232785232232684,0.192207081047467,0.284520391845555,0.225975289891048,0.023442017967606
"307",0.187608501710267,0.336585997784942,0.0242895871974311,0.16651477692919,0.168644806161988,0.116356330216182
"308",0.0167393571709069,0.0173723101337602,0.293357530495359,0.108828439661786,0.242853227478366,0.320849135059822
"309",0.0345389919275803,0.111892841601561,0.278969378816459,0.284358170705823,0.0167305194718121,0.273510097476764
"310",0.120052874202833,0.166102105147057,0.180746279456396,0.0263197221868845,0.269804885392362,0.236974133614467
"311",0.217020978325772,0.201273053489233,0.234431889965449,0.0486607943714768,0.0497668361002803,0.248846447747789
"312",0.168870836450789,0.0479582272096391,0.229402550291952,0.124076761960759,0.244507037219201,0.18518458686766
"313",0.100983963237644,0.166965781740234,0.171778143315133,0.135155041170507,0.153675143356977,0.271441927179505
"314",0.0717138994475862,0.0110168704105286,0.196376421445421,0.158244877290787,0.181304422037941,0.381343509367736
"315",0.146888533629363,0.174423225991719,0.0778999416111468,0.11810516267679,0.1976485848344,0.28503455125658
"316",0.0707258896785323,0.264633690393699,0.308779877754891,0.213482689689042,0.140501806924154,0.00187604555968185
"317",0.151775065979297,0.144241916475657,0.139207596988205,0.182825144696555,0.171786029777666,0.210164246082619
"318",0.00310577305593124,0.289252687352328,0.276152272241902,0.106186548364006,0.144654983287784,0.180647735698049
"319",0.13474479877137,0.245061635296867,0.0956475427248216,0.0498712022273194,0.353376300793488,0.121298520186134
"320",0.253010147534074,0.170499080257269,0.110799016427834,0.198895267949921,0.173621440434307,0.0931750473965946
"321",0.0312272538990625,0.120027674367736,0.381089004497298,0.157031487436777,0.223220443061209,0.0874041367379163
"322",0.0530726532404679,0.225793428116911,0.1613775869416,0.185474285449311,0.105276851551122,0.269005194700589
"323",0.0564074665890976,0.176273094332961,0.180707592553771,0.0828549692272997,0.239901438018962,0.263855439277908
"324",0.131946746980233,0.0719637160007674,0.330096371271955,0.25783394612282,0.0688774809833195,0.139281738640905
"325",0.0728660047449129,0.0481585565755851,0.200328856951723,0.322627973857877,0.0109433440430878,0.345075263826814
"326",0.0611614738837817,0.124908088611711,0.238744125370179,0.24930811125892,0.152278289495188,0.173599911380221
"327",0.0365450578598444,0.215625971479278,0.206645795960684,0.140864640768177,0.235431960541046,0.164886573390971
"328",0.168583253276794,0.170704497967901,0.260390469415503,0.138022035734208,0.193801700640112,0.0684980429654812
"329",0.0628459515277045,0.110772081478869,0.0890195313563881,0.288790935200584,0.0764379766424195,0.372133523794035
"330",0.11910683054349,0.265836794824842,0.113880805489355,0.130262001563437,0.156838034535236,0.21407553304364
"331",0.104793644439579,0.115114285687443,0.336751488116075,0.197741049800142,0.22436302520353,0.0212365067532315
"332",0.126065286557788,0.270425082990968,0.246626464561996,0.0601576721741065,0.221958136387172,0.0747673573279696
"333",0.0923519618340721,0.149606182106912,0.0585765026750216,0.337354336984643,0.201389330002951,0.160721686396402
"334",0.0474614047224781,0.164016442662607,0.280889840896783,0.231740865012536,0.140453341680861,0.135438105024735
"335",0.0275635680302358,0.292852233338654,0.0788087999345566,0.204221965240709,0.249809593544665,0.146743839911179
"336",0.0760863154294821,0.058803065711066,0.0288789091916189,0.16274194739328,0.303118607517078,0.370371154757475
"337",0.151059888807887,0.185757848466281,0.25553887993998,0.17022022406437,0.204181933996817,0.0332412247246644
"338",0.0051189052455852,0.0610529520967363,0.207433495806767,0.0625935747979771,0.359353113026712,0.304447959026223
"339",0.102397140900427,0.25777476167118,0.416962214529876,0.0483920678683607,0.126437302415435,0.0480365126147211
"340",0.0731817467401788,0.044048401408602,0.162307209437484,0.344189664922849,0.0288362596161143,0.347436717874772
"341",0.112348652080039,0.130377821651508,0.128761666971798,0.270148392142254,0.101864775503931,0.256498691650471
"342",0.178312110057442,0.272602019022727,0.279700338911917,0.0509130094706513,0.107592896532471,0.110879626004792
"343",0.164948781922086,0.284962620265542,0.0318415733591255,0.260354323781403,0.0369222899909821,0.220970410680861
"344",0.171583363824897,0.204165827262874,0.0368846780062722,0.393155703151479,0.0211760126825858,0.173034415071892
"345",0.188326554884418,0.256206566659307,0.212982233239382,0.0825200922396768,0.0399761606603098,0.219988392316905
"346",0.167792215489392,0.153826195885769,0.206377349383693,0.188424132227481,0.255726402286518,0.0278537047271472
"347",0.10416250723042,0.0746664835473128,0.202597045694747,0.258959592769859,0.202354217054664,0.157260153702997
