"","neu","NK","CD4","CD8","B","mono"
"0",0.126134215442241,0.125160943589547,0.0257669956744897,0.21705773201967,0.177788863447734,0.328091249826318
"1",0.13514628526809,0.226117465549518,0.0476354597949183,0.202716241110693,0.162531441033581,0.2258531072432
"2",0.186748101423579,0.231930848296994,0.28319814682344,0.114103085589663,0.148704589537381,0.0353152283289431
"3",0.0403068913883254,0.211384049019626,0.160166276937653,0.29894057831475,0.219346590509235,0.0698556138304105
"4",0.15799755457367,0.163741457148002,0.0671446079529088,0.0749516615667014,0.277793439826104,0.258371278932614
"5",0.0897818265893216,0.175342399282249,0.184963851023568,0.213356884892988,0.138228833474156,0.198326204737718
"6",0.183291071394501,0.309986865345019,0.110878232552832,0.0627118375864065,0.161293257937217,0.171838735184024
"7",0.103059189945134,0.0477510476375248,0.0699679993851222,0.362781510270747,0.335863411774853,0.0805768409866189
"8",0.217396594270322,0.114451194201801,0.179601673200522,0.245494254778685,0.139900907948725,0.103155375599945
"9",0.0599694467818398,0.161820774749615,0.220112835469906,0.155008332482416,0.171257394746402,0.231831215769821
"10",0.0891089571094082,0.303184442217085,0.0782334180898041,0.085631583223518,0.27604756646795,0.167794032892235
"11",0.04247100313024,0.142051970451246,0.242749866159458,0.200674673985081,0.0192705257309798,0.352781960542995
"12",0.116018318655698,0.179131702006692,0.197305408165528,0.210294025898786,0.0953269218453784,0.201923623427917
"13",0.0667499281044035,0.169496343620308,0.3374742999889,0.0812016123064986,0.263674666100038,0.0814031498798509
"14",0.12571930882176,0.0189692848042853,0.411535593012216,0.185774630189551,0.101901397896119,0.156099785276068
"15",0.106123714205147,0.0805916478548592,0.305948815479189,0.278121753044671,0.00954382455339315,0.219670244862741
"16",0.158961443351821,0.263767309885883,0.195420833555012,0.0742941646025968,0.0354862345093127,0.272070014095374
"17",0.126335176667506,0.147578614483896,0.249755955205988,0.181853358413709,0.124563090669992,0.16991380455891
"18",0.0305561405957323,0.145144606833163,0.28468053381986,0.17147817198458,0.288134020993396,0.0800065257732694
"19",0.125417689505341,0.162298825467683,0.264627504260763,0.207538976639871,0.0760015060698119,0.164115498056531
"20",0.187819394111687,0.135545334743983,0.0695831018942237,0.232157837499772,0.0917702906078003,0.283124041142534
"21",0.140461703069147,0.331040848964894,0.0816734630667035,0.251505150905321,0.17389851239585,0.0214203215980832
"22",0.0875826703311046,0.160206775792637,0.270484377100389,0.152769367307498,0.108889724036511,0.22006708543186
"23",0.0599682119800772,0.0426824833448615,0.0742447525128926,0.355223335998501,0.371180492938255,0.0967007232254122
"24",0.16855091239357,0.228137166145662,0.164120177599819,0.173006950688673,0.140310789150251,0.125874004022026
"25",0.149553258213729,0.124818881842095,0.426705478922822,0.202619482967993,0.0231634136084607,0.0731394844449003
"26",0.125468046490022,0.196827240428073,0.0634598755536314,0.269160610781638,0.082396475450192,0.262687751296443
"27",0.014523978907136,0.102302962836738,0.286373359607173,0.302085581209647,0.144543596452954,0.150170520986351
"28",0.071181401538075,0.136633923952426,0.230952867235725,0.327329386912121,0.220731597394305,0.0131708229673486
"29",0.00815616841345781,0.0589588599498827,0.0602078766773456,0.282852794859626,0.253884548697485,0.335939751402203
"30",0.00831449190930323,0.319882022360283,0,0.10634668718161,0.152949821641738,0.412506976907065
"31",0.114689917996523,0.223747959517182,0.155464743835697,0.0375224165520173,0.237820936176157,0.230754025922424
"32",0.116765427382085,0.280381747936029,0.0300771128356723,0.0571486046912471,0.267304499345153,0.248322607809813
"33",0.0653013827207589,0.271952757544866,0.018761178852298,0.313465987224154,0.0258020980159709,0.304716595641952
"34",0.0894312340940009,0.1078162140238,0.255107006323819,0.0104309692377838,0.307731465736306,0.229483110584291
"35",0.0399032183676485,0.246145357652504,0.0396108147236249,0.147109743334972,0.208759342921221,0.31847152300003
"36",0.166560428256113,0.262907231293823,0.090305682357301,0.172417867545913,0.157419409288636,0.150389381258215
"37",0.064059524394832,0.0373787572964793,0.027866575417406,0.0204870328836514,0.390143402961866,0.460064707045765
"38",0.117191526759326,0.207302287232115,0.336347316359214,0.0769898208015847,0.0485061868324646,0.213662862015296
"39",0.096139544331233,0.163251927106629,0.0996445188318196,0.107497346260086,0.253338746580071,0.280127916890161
"40",0.116444932884621,0.0952281989997758,0.235809336759399,0.207451008851533,0.196443377587465,0.148623144917206
"41",0.119625097596149,0.0527348228563736,0.201613081807878,0.0573068593022116,0.505524293532879,0.0631958449045089
"42",0.041395010762718,0.188993801200041,0.21286845796176,0.0450033359792399,0.125264866963926,0.386474527132316
"43",0.0856108438525513,0.204966611793829,0.211618579541531,0.219262893492051,0.17465608821746,0.103884983102578
"44",0.0678230571518422,0.152010362896774,0.219167122898111,0.213059305500451,0.215052437718599,0.132887713834223
"45",0.225378093013426,0.0453960895342373,0.126656787084438,0.0697300913095904,0.277633799037825,0.255205140020483
"46",0.110166527110611,0.24157430296962,0.0909687551917623,0.0359392197059682,0.277877624678718,0.243473570343321
"47",0.113308192534504,0.18472718437185,0.272838310845524,0.0608666388903565,0.164189480692214,0.204070192665552
"48",0.151114151770949,0.170521392783132,0.117407169764738,0.0865275938370597,0.251107580032202,0.223322111811918
"49",0.139686342005934,0.226675718432992,0.118831786918617,0.298064759197157,0.0792749964895875,0.137466396955713
"50",0.0490198128051456,0.14131481734384,0.346814700284261,0.126277258029901,0.0487620729168307,0.287811338620022
"51",0.0805532485778272,0.119018362436506,0.0410785427154742,0.180323505460598,0.267198026424229,0.311828314385366
"52",0.191900444470027,0.297460701455514,0.100621257430658,0.278290544201592,0.0785253176460746,0.053201734796134
"53",0.143863121747708,0.17894269852481,0.274812310929468,0.175572904367673,0.078668868827759,0.148140095602581
"54",0.0833238484823496,0.215387567712576,0.335444176043092,0.268985303975017,0.0356325221532413,0.0612265816337233
"55",0.0619809796436721,0.203086253401492,0.273053705530466,0.149550095588144,0.22696756965768,0.0853613961785456
"56",0.0333613293928578,0.212969410286642,0.12324577294392,0.261467618816685,0.268183635924407,0.100772232635488
"57",0.161980637662485,0.249750722338299,0.213368733558808,0.0634638362547249,0.229618828986151,0.0818172411995328
"58",0.161314878016198,0.14805836685378,0.259175453795625,0.0219023994045022,0.321459285901195,0.0880896160286997
"59",0.0580756379612333,0.103002834388912,0.243941790418479,0.124460179394488,0.270657880392738,0.19986167744415
"60",0.21833895606531,0.19370959472729,0.230489772381917,0.193116560574735,0.106156941616861,0.0581881746338866
"61",0.217569509881153,0.184402301495885,0.29402904528872,0.0293725517866257,0.202095316147566,0.0725312754000512
"62",0.0784988733049695,0.172127842156824,0.166635107814712,0.204385189658754,0.208795148196678,0.169557838868062
"63",0.118179177282822,0.314260462446423,0.189966640288077,0.263629874759821,0.0610596352109692,0.0529042100118872
"64",0.131390437358244,0.24275751933595,0.285302794472349,0.0156656803903493,0.156612779150277,0.16827078929283
"65",0.00704107251790736,0.123207342783078,0.00625549503288294,0.0858198035961789,0.35165931597936,0.426016970090592
"66",0.228233970365937,0.242224472385975,0.0535970943868158,0.0731688706264292,0.0683668394164846,0.334408752818358
"67",0.189628602073263,0.0446205581050205,0.253657866141196,0.128331705519398,0.284578229580945,0.0991830385801779
"68",0.121603762626182,0.157597569785878,0.234964144378295,0.18450784162223,0.0770479718480155,0.224278709739399
"69",0.144060119521718,0.10595477230459,0.280169744055992,0.236641679071872,0.0406314983076289,0.192542186738198
"70",0.138365598697527,0.194107025912487,0.319487264181858,0.0274961391302381,0.166071864829364,0.154472107248526
"71",0.111619293748137,0.0837068521100204,0.168572100870378,0.288864635463586,0.300390457283792,0.0468466605240882
"72",0.0600197597730826,0.28183209524642,0.11088190464304,0.166967521508942,0.142763517668227,0.237535201160288
"73",0.0812657529248023,0.233100302287571,0.196836528902412,0.197532781468608,0.18412213435266,0.107142500063946
"74",0.160793410299302,0.0428080864219567,0.194103947151166,0.123038388738001,0.173120898598918,0.306135268790655
"75",0.0757364504456637,0.061454725746179,0.414856670011445,0.0180743633104782,0.363038975924229,0.0668388145620051
"76",0.0623753629460259,0.00569997255597657,0.397961285643016,0.142616322850704,0.301875626838813,0.0894714291654649
"77",0.103764200724712,0.231198374376084,0.19861531922845,0.119379061226527,0.175282109217402,0.171760935226825
"78",0.0893877322904675,0.348666451199752,0.0255571847769196,0.143325748473467,0.267431744867797,0.125631138391597
"79",0.108244274745275,0.0685968320422666,0.319157707054174,0.247100353877492,0.223702413370642,0.0331984189101504
"80",0.0548267997470928,0.259128106679571,0.0253897235339581,0.212589847425191,0.167250451630493,0.280815070983694
"81",0.114687028886592,0.0555239347435102,0.101049237978705,0.221154857756815,0.247389033501989,0.260195907132388
"82",0.0632698251036756,0.259507929916844,0.34856337020921,0.0841449048763992,0.0867922937800314,0.15772167611384
"83",0.127190855028671,0.112796800952638,0.0853246054382126,0.188799874792625,0.227077848763456,0.258810015024398
"84",0.122566510832466,0.224559953444226,0.258997502785547,0.236021978107334,0.127058940544267,0.0307951142861597
"85",0.0354873428736241,0.269568408680185,0.11676087244075,0.305516488428434,0.0411393290198323,0.231527558557174
"86",0.0318908687991783,0.0638398981258732,0.297614174691552,0.0882395346118884,0.286325566472894,0.232089957298614
"87",0.0315319410384259,0.175820508902748,0.125516548483174,0.321666975448359,0.0188853585403268,0.326578667586966
"88",0.056349995066501,0.186595128200223,0.19025160394781,0.119591812103975,0.175442634117825,0.271768826563666
"89",0.0886463309297065,0.267481549367989,0.242213299714276,0.107033307426957,0.0532709175185615,0.24135459504251
"90",0.0195761751215894,0.154138995680609,0.213987868451717,0.26631062918726,0.270618150079632,0.0753681814791926
"91",0.117465393030536,0.0226694409104776,0.184634268491684,0.162706588985725,0.171802508773611,0.340721799807966
"92",0.136462703117278,0.0347983496611765,0.195468929969739,0.050703047263009,0.255501179127058,0.327065790861739
"93",0.0574177995470174,0.369777235236674,0.195165108903369,0.254476879870147,0.0745509045835462,0.0486120718592462
"94",0.0773424400439546,0.144594625421827,0.163906568193955,0.207499984799516,0.14935861953154,0.257297762009207
"95",0.0910656390578583,0.14071711182359,0.244880162081396,0.187642345988164,0.139480609183048,0.196214131865944
"96",0.0569735099438853,0.15477855503887,0.0363743921716824,0.178707782124391,0.193821875886605,0.379343884834566
"97",0.104340109968661,0.213162630552691,0.210850352471305,0.20968591788104,0.114113109600679,0.147847879525624
"98",0.158785676589635,0.272331655960541,0.314256720118305,0.0768929544782707,0.0839125684280968,0.0938204244251507
"99",0.230615256482292,0.0479371591759216,0.165630378669125,0.387722446795713,0.105061732480706,0.063033026396242
"100",0.176640546451314,0.240650337289141,0.090817887161007,0.319521214716626,0.105318267202356,0.0670517471795564
"101",0.128352673891028,0.154630077741475,0.192666155244548,0.286339571197764,0.215766516531618,0.0222450053935666
"102",0.172759971075761,0.297504496733576,0.0546867238961984,0.217997202354934,0.225988442391605,0.0310631635479259
"103",0.149727715397911,0.0761762130329994,0.27478951101764,0.288726115582766,0.129364490268774,0.081215954699909
"104",0.0276187176219848,0.296661805799907,0.186577149346857,0.150729477864221,0.300963431925528,0.037449417441503
"105",0.0917225241968138,0.0292490723045326,0.286098658016453,0.12838741313868,0.196509423539464,0.268032908804057
"106",0.045981187999499,0.0191054645232895,0.410022449773742,0.0671182668287875,0.304796112957921,0.152976517916761
"107",0.149296986451007,0.252904873804902,0.179172564536872,0.112848724860955,0.254461445331903,0.0513154050143615
"108",0.153478605464454,0.066959290131922,0.221360380477786,0.184674397350794,0.243605426036821,0.129921900538223
"109",0.124058068826173,0.164850549578034,0.339932847910226,0.0282257396961593,0.287549430720407,0.0553833632690008
"110",0.154762365538402,0.0227718350175329,0.0224440329279852,0.198971444937734,0.155793722677433,0.445256598900912
"111",0.00593898737592376,0.214250574289608,0.116122207578905,0.223160841148675,0.105634193165079,0.33489319644181
"112",0.0960595532162719,0.05323691766246,0.239562450214109,0.262520106024396,0.252176830339938,0.0964441425428253
"113",0.0834109812123104,0.107831322101123,0.498522449906687,0.123099589542123,0.0536833718320212,0.133452285405735
"114",0.0394156167391646,0.134405752890456,0.267030836626526,0.242415686179452,0.102639289206634,0.214092818357768
"115",0.0724501570993538,0.0202384408538639,0.149332783020535,0.303335737613158,0.30418427856409,0.150458602848999
"116",0.0626834390879909,0.358768835443131,0.227928903620437,0.135928745211861,0.155958196381569,0.0587318802550103
"117",0.0784688364572182,0.266918607921503,0.178950090848467,0.0728223431444991,0.204897879532774,0.197942242095538
"118",0.129266332527244,0.153837057194077,0.18584060312503,0.167657469148948,0.083858265231095,0.279540272773606
"119",0.122049671556498,0.0759795846948689,0.188892095809564,0.18402794001758,0.247967938841509,0.181082769079981
"120",0.0539636548311621,0.0345525640581439,0.55467155110466,0.229997971797163,0.0902808552776213,0.0365334029312498
"121",0.0163151811440237,0.256369827859513,0.174849668041872,0.0291813783441164,0.170008473517379,0.353275471093095
"122",0.120928907009989,0.193679526150064,0.139181069826965,0.165563650162271,0.174420046101468,0.206226800749243
"123",0.0730412952883548,0.182818543132522,0.0952880033887424,0.179755179989948,0.23516101508318,0.233935963117252
"124",0.0321425614208135,0.140172150821719,0.198991802725508,0.231891174626451,0.159054186525159,0.23774812388035
"125",0.0118348911704225,0.114126901284193,0.0889598630167602,0.292022097083764,0.289927994872242,0.203128252572619
"126",0.112876804307162,0.180961486602765,0.203126283192066,0.239316262447488,0.0919501107534159,0.171769052697104
"127",0.0471251098252134,0.156201473104685,0.310852532570295,0.0956662439646067,0.0471508780825641,0.343003762452636
"128",0.135068922753025,0.13092222944152,0.260897627787929,0.0592578302337403,0.161457820086398,0.252395569697388
"129",0.148794403279627,0.093240443956,0.0992194210763556,0.0722530919509329,0.267521096590005,0.31897154314708
"130",0.122699390854019,0.0911832157379945,0.379181200401946,0.197540458302904,0.124304127475496,0.0850916072276406
"131",0.191576440025183,0.32111029340219,0.0337107163774518,0.136685660982798,0.0772501139339699,0.239666775278408
"132",0.0816311071435202,0.0848380234735139,0.226670303640519,0.181278199044158,0.215236296018016,0.210346070680273
"133",0.24565136772487,0.0941738697014635,0.102987551372676,0.222242633577241,0.0315895278658105,0.30335504975794
"134",0.19839707872796,0.156096808889803,0.130557909714789,0.293756931819432,0.0642009583450637,0.156990312502952
"135",0.155570337178969,0.150062975456921,0.0746540640071366,0.268957033922173,0.28505832453073,0.0656972649040706
"136",0.0601817349775539,0.223698385773382,0.163629349115687,0.162801351767089,0.208533811760188,0.181155366606101
"137",0.213110718814766,0.0988645028518914,0.111492113023851,0.285629328274274,0.0850543556977863,0.205848981337431
"138",0.150314094146017,0.0868788383475194,0.120332227081066,0.335511490444707,0.185494515975999,0.121468834004691
"139",0.0623423022874326,0.231349860796834,0.0758256643461666,0.23773043786079,0.0423933420016153,0.350358392707162
"140",0.146674148209636,0.165717926717001,0.265296518582394,0.146979989409905,0.212067874713928,0.0632635423671358
"141",0.107345240350876,0.0249786598816658,0.221093653113399,0.157306493946433,0.24482306384524,0.244452888862386
"142",0.238628423429698,0.0785799482689701,0.148756138530204,0.280942199074674,0.0796001219314711,0.173493168764982
"143",0.142436888364482,0.272665741142504,0.198845449965149,0.103522669704135,0.0309370060530085,0.251592244770721
"144",0.00926723827494461,0.225833767499113,0.208035174484932,0.340521607931906,0.0186044609427392,0.197737750866366
"145",0.172749770528114,0.12805983327062,0.0838573269653937,0.280107094905674,0.23830752369674,0.0969184506334583
"146",0.13050556502754,0.225233701586316,0.221969876579532,0.0147329536803797,0.14499814878001,0.262559754346223
"147",0.0440884783004386,0.255241036362509,0.210407193469412,0.111559099956614,0.0203823527437285,0.358321839167297
"148",0.200696966945556,0.137256863064073,0.0691515721254135,0.209425020983105,0.149940853447228,0.233528723434624
"149",0.0988807023233066,0.077399168882089,0.183158495228621,0.268458397924,0.265936651582082,0.106166584059901
"150",0.184322896972068,0.222256399082048,0.295571843548939,0.10697943181837,0.127768719548846,0.0631007090297283
"151",0.183242102781562,0.0820262336574196,0.207513958413488,0.1478149823908,0.192244533384286,0.187158189372444
"152",0.147998861786215,0.0675239360516373,0.188439353613227,0.348503263763744,0.152220903504169,0.0953136812810068
"153",0.0560807942900489,0.27845126863159,0.140819831462251,0.143034002553072,0.224154274086975,0.157459828976064
"154",0.0744084387957003,0.0477821420952836,0.122308805542164,0.159882914503737,0.267096151913374,0.328521547149741
"155",0.051869875939737,0.120773676568801,0.594398866133935,0.0911981137651587,0.0322891168820661,0.109470350710301
"156",0.149522748240321,0.147369520968366,0.121491288792027,0.259242366466117,0.228024126142414,0.0943499493907543
"157",0.0597723784223434,0.198966127930317,0.227144638035791,0.121715694355331,0.193648780113958,0.198752381142259
"158",0.199012136214081,0.199541972234768,0.11200413578373,0.283546263461526,0.030795628179315,0.175099864126579
"159",0.0492306415272454,0.196671778468896,0.196019603676524,0.161268032963421,0.233195409538903,0.16361453382501
"160",0.0399390382107359,0.281599854624882,0.0510666607967078,0.0719848795486718,0.302899248052005,0.252510318766997
"161",0.0816187517967448,0.167049571590195,0.165377329529739,0.253012120370253,0.249134293057314,0.083807933655755
"162",0.206787693911639,0.103056544720665,0.0846836885533248,0.151300061255148,0.155675992741376,0.298496018817848
"163",0.0824004790949874,0.103041241195977,0.252456921458536,0.200221669394864,0.124792938973321,0.237086749882315
"164",0.127866330115255,0.253921297045565,0.0388691331310368,0.0982834200507116,0.1894700081719,0.291589811485532
"165",0.0893665669381249,0.148552768752945,0.288674650078889,0.0488217229698704,0.199113214182702,0.225471077077468
"166",0.111515619398309,0.135960311626992,0.210841068627339,0.201511375825409,0.149147411983433,0.191024212538518
"167",0.0601348016531056,0.294597648860773,0.363353055904781,0.225418432411926,0.019244127028971,0.0372519341404426
"168",0.143851567916806,0.0587626715286115,0.129403491475935,0.229526953639234,0.221715324510829,0.216739990928584
"169",0.0236069429792294,0.344800775522215,0.104367819804518,0.063771774905046,0.240052740494521,0.223399946294469
"170",0.0913384000429939,0.202863457628326,0.206513320634635,0.220569637887824,0.164234645249054,0.114480538557167
"171",0.231853052827817,0.251873706655822,0.176096280707194,0.112105026579866,0.052666387393284,0.175405545836017
"172",0.0995149150203215,0.0271323057630762,0.487527213843913,0.118408600512839,0.21172360859566,0.0556933562641901
"173",0.105159429028972,0.135468909916188,0.291847332971713,0.200497762056243,0.170775273115508,0.0962512929113769
"174",0.119420932892359,0.0444383656214369,0.357525546317324,0.022830878673507,0.0876545103253227,0.368129766170051
"175",0.102029324524973,0.309589995189158,0.0531211659955829,0.149108081130481,0.204699452820263,0.181451980339541
"176",0.110347721414873,0.221781517876854,0.159568944267679,0.194642321796291,0.195322270397974,0.11833722424633
"177",0.162695683355563,0.274236600881087,0.0909122355645595,0.190327265773185,0.212899173096738,0.0689290413288686
"178",0.105405849130758,0.107126358796157,0.371623486958423,0.0895962902316867,0.273618733928805,0.0526292809541716
"179",0.212434672778819,0.134429955629127,0.0567966601871637,0.07916156987229,0.173953042282792,0.343224099249808
"180",0.161276377315131,0.0761824374328493,0.227023945062927,0.195154313449485,0.105209221622037,0.235153705117571
"181",0.157933805231776,0.0647973075738241,0.326492696878347,0.259332815749798,0.0509688884372204,0.140474486129035
"182",0.0382337298127248,0.126700769719393,0.0939789474934721,0.0767144333596167,0.290295049841751,0.374077069773042
"183",0.151684855914056,0.271112372872788,0.114811795619713,0.0898290528470374,0.110265822372967,0.262296100373438
"184",0.101379010419151,0.172761837928792,0.208330367270894,0.20166156722435,0.0821358222860538,0.233731394870759
"185",0.148079342070323,0.263795920117004,0.271460010478316,0.237101956903315,0.0383844077483298,0.0411783626827117
"186",0.121693218663242,0.376238289043898,0.00854630507041373,0.132819206483976,0.196395086344903,0.164307894393566
"187",0.0789159747310004,0.182318695219503,0.116263228081784,0.178272260148158,0.226111520612659,0.218118321206896
"188",0.0360282986288528,0.345957621175209,0.257559920948275,0.0047892795083811,0.0465225394577844,0.309142340281498
"189",0.089870432759796,0.071067207648587,0.0503559727006184,0.233474996205251,0.290494689746812,0.264736700938936
"190",0.0568708973129068,0.125059681559493,0.184471780267915,0.0622350593168053,0.263523752696229,0.307838828846651
"191",0.180125118337758,0.381487350758997,0.062497825977974,0.0768039459181494,0.188090833427134,0.110994925579987
"192",0.136496184547216,0.0916455862250302,0.178094937589278,0.221355842959833,0.0732026492501431,0.2992047994285
"193",0.155729302865104,0.162271754970163,0.214800482376295,0.283108979610609,0.0532580809488534,0.130831399228975
"194",0.0504966642607031,0.213404815004168,0.0551848025366179,0.351545081803275,0.119171935307728,0.210196701087507
"195",0.0218020207909666,0.252129181406705,0.177741211038776,0.152025794319666,0.184809954599442,0.211491837844444
"196",0.0828073925572439,0.216141488374888,0.167398814304496,0.191140234043715,0.114318505938105,0.228193564781551
"197",0.143244082305655,0.15773292581398,0.203163399483135,0.198704244245967,0.189135796255196,0.108019551896067
"198",0.0766628453166717,0.252800588170159,0.10214727965413,0.108611493390192,0.153452639441252,0.306325154027595
"199",0.0674348644846173,0.0377990870636689,0.131004686378416,0.145189816988903,0.195165153083245,0.42340639200115
"200",0.0664956834968225,0.162258285442505,0.239931760001539,0.169969316247617,0.179359320715477,0.18198563409604
"201",0.0653411291623219,0.243578907630419,0.333245678512269,0.135042074230473,0.0688425455695497,0.153949664894968
"202",0.0186449418670663,0.305222535471035,0.0644482007745793,0.328628069370567,0.254858096237423,0.0281981562793295
"203",0.0614691426841503,0.245509723751846,0.0301308676803086,0.286772699606926,0.143889883964945,0.232227682311824
"204",0.215363025496556,0.0698251524402916,0.0298189195152767,0.0531274166028574,0.208557867929745,0.423307618015273
"205",0.0272442132032745,0.126738270564339,0.259296433949781,0.194010559347847,0.19347973581961,0.199230787115149
"206",0.151979695961655,0.0742696271337589,0.19444012109029,0.301405357280948,0.150581845610203,0.127323352923145
"207",0.228133360971563,0.0790086708766488,0.0570926884659335,0.36599208752182,0.0881468785341012,0.181626313629934
"208",0.0131724091362611,0.0168816096595156,0.181281962539237,0.299117033549305,0.21023245557092,0.279314529544761
"209",0.111493023243056,0.0425366089651973,0.0898012232879814,0.289622119609942,0.145739441362968,0.320807583530855
"210",0.182700443758289,0.0575146144323739,0.341969253068661,0.147554461397501,0.14657871486575,0.123682512477425
"211",0.0975820017159729,0.136071101361685,0.209462114712997,0.271891121515824,0.0927154371909309,0.192278223502589
"212",0.0437882490898062,0.258830451642628,0.339028307973973,0.0305413092622203,0.213717989131607,0.114093692899766
"213",0.133207897302675,0.126313613733266,0.140899643280528,0.181566326367109,0.184872268390865,0.233140250925557
"214",0.176305868983957,0.297800479609258,0.101262152034925,0.203403883417601,0.131769446828249,0.08945816912601
"215",0.0929564808570305,0.149079853891697,0.321907017758397,0.289932861386848,0.113331830624288,0.0327919554817392
"216",0.154526800333648,0.0377194901610897,0.300494799251843,0.105151012449736,0.166740925076712,0.235366972726971
"217",0.14000414569021,0.221522869065785,0.269767389206674,0.108192395268251,0.166562355544112,0.0939508452249684
"218",0.218042400368308,0.186045565062826,0.233572970760156,0.190002729365574,0.0685247254208328,0.103811609022304
"219",0.0267069930952646,0.0131573798982394,0.189901753555008,0.285734205530331,0.249853398983669,0.234646268937488
"220",0.0160384344481913,0.11655455610261,0.0599138959254622,0.243564033856777,0.0768660590181188,0.48706302064884
"221",0.0840733583483546,0.137102277510977,0.26835394795122,0.214047481600649,0.0915071368129534,0.204915797775846
"222",0.0743162104195974,0.0808406941764101,0.426171592544226,0.282712565924381,0.111831145516499,0.0241277914188862
"223",0.151983997337371,0.277462122048734,0.0143795648890501,0.0361511283362109,0.0578558811549414,0.462167306233693
"224",0.188440869523307,0.169011839290031,0.0684624420808198,0.273524893865986,0.0742055258797839,0.226354429360073
"225",0.0936230143419264,0.209765211757713,0.227432077449981,0.116397741386457,0.172420548831266,0.180361406232656
"226",0.0957123411433729,0.189804447353791,0.216003248432979,0.189584147114584,0.0455873220856421,0.263308493869631
"227",0.323627044137162,0.144398859370065,0.0998633527496036,0.107284937652274,0.189268485295859,0.135557320795036
"228",0.129455050280452,0.23091277001371,0.228079092242323,0.0806789331853836,0.211379786634177,0.119494367643954
"229",0.221111541593946,0.0327657205210502,0.296072697266445,0.202797638313604,0.0206467557820926,0.226605646522862
"230",0.203970337783747,0.194894147758212,0.174601147057452,0.221265676626272,0.0323370624480048,0.172931628326312
"231",0.127781004366963,0.154539720928791,0.0449618923999597,0.346869784403285,0.0478313463357894,0.278016251565212
"232",0.10181123967634,0.0623697551736951,0.16503841586337,0.385449929181327,0.202926569760811,0.0824040903444576
"233",0.11073690003983,0.159341521449771,0.270523077094622,0.0383356591051895,0.0985234566031738,0.322539385707413
"234",0.109677114093537,0.0794098653957993,0.123872473930396,0.273768568893955,0.295278309753627,0.117993667932686
"235",0.0674763449785381,0.110290822618631,0.325610547448754,0.246048941171524,0.199717095510017,0.0508562482725352
"236",0.10825994743131,0.0971881499839804,0.225861570430266,0.348143966495241,0.147294391656167,0.0732519740030362
"237",0.0780032458044863,0.193047371187039,0.0234973428267102,0.236189478328147,0.207644161275696,0.261618400577922
"238",0.0020736882155997,0.265069917975033,0.0667298433257754,0.102757734327051,0.20620219068096,0.35716662547558
"239",0.135062531425305,0.0298321929935697,0.404228904711042,0.114153283264018,0.118905056871888,0.197818030734177
"240",0.140646178543075,0.0501338911251706,0.271761562133667,0.22646129304972,0.26144799071547,0.0495490844328974
"241",0.212012975679555,0.241421051194654,0.249674999338511,0.0395464708977338,0.204387043440735,0.0529574594488121
"242",0.142382723669501,0.242762567574906,0.163421734110476,0.135914838805631,0.255607205847874,0.0599109299916118
"243",0.0764546734205655,0.277160271433564,0.239116099233677,0.108035739033956,0.100381998951994,0.198851217926242
"244",0.0967976300641019,0.301316257686554,0.0621395192643217,0.0385612704377455,0.417480570647059,0.0837047519002171
"245",0.0905811947227215,0.214129145454093,0.149782006725773,0.217304210719363,0.164484956748023,0.163718485630025
"246",0.132188304716073,0.300807750130987,0.147103757960441,0.050298062608844,0.31833248162336,0.0512696429602947
"247",0.0740006260928068,0.00922335211700587,0.16499230034669,0.285064005180222,0.131511673092023,0.335208043171253
"248",0.0591430560144451,0.225262731538007,0.102502113807728,0.209532937118365,0.21117135511339,0.192387806408065
"249",0.157412927338259,0.022710971810138,0.289972212321217,0.274660029430397,0.176728853509157,0.078515005590832
"250",0.0735830174637846,0.125164900595732,0.293566262401871,0.204489377277965,0.0867020727482186,0.216494369512429
"251",0.0561759516282404,0.200974470751866,0.231825293592933,0.183253304719046,0.217005744043359,0.110765235264556
"252",0.188928367794991,0.106596045809227,0.276111948553264,0.0756268560576337,0.106668019800122,0.246068761984761
"253",0.0638542259318709,0.266837850031128,0.0518805701524284,0.0389026128347095,0.251034366358586,0.327490374691277
"254",0.138957061593393,0.232005897275107,0.225082255291193,0.146742644972061,0.0869232679416054,0.17028887292664
"255",0.0162758871268396,0.183701924198555,0.302627097575221,0.151395970250534,0.0792585380402166,0.266740582808633
"256",0.0283876522401007,0.134537077948419,0.318897848637542,0.115140129537429,0.203285763525783,0.199751528110726
"257",0.0288688759399305,0.269822438766767,0.0816184356029561,0.237411849996547,0.139128495766448,0.243149903927351
"258",0.118620126881108,0.294134998454641,0.0931048497705879,0.0963404354848917,0.271374328138626,0.126425261270145
"259",0.0894367769252999,0.0788013488444205,0.298426650564617,0.159940964226254,0.227308226953708,0.1460860324857
"260",0.122249614872421,0.19795719463215,0.312096101106382,0.0549851721492533,0.253604302996359,0.0591076142434356
"261",0.0523551403147319,0.240942730315858,0.212243900104886,0.352831357986375,0.128129494809408,0.0134973764687409
"262",0.133047256591077,0.178820136117041,0.244103189113725,0.142013532515595,0.0761974889276598,0.225818396734902
"263",0.112507119784855,0.151297636906943,0.0228348670507997,0.244154982873926,0.158445614076284,0.310759779307191
"264",0.138668622582104,0.063070887366332,0.382212428052133,0.0891157734093351,0.153671893936185,0.17326039465391
"265",0.13145429641085,0.244339752866614,0.195768451980895,0.155739311905182,0.23524842438908,0.037449762447378
"266",0.0930017616433718,0.0769504655838185,0.284535144179667,0.158374171248343,0.164509037948237,0.222629419396562
"267",0.179906277709467,0.253074371518053,0.0743878180806683,0.167633965654017,0.0641899610254665,0.260807606012329
"268",0.147134400615136,0.0610250203258116,0.138562428410541,0.16373676082082,0.177030743831355,0.312510645996337
"269",0.18005864998858,0.262604720718969,0.0173535554972905,0.331619676991753,0.0395537357720893,0.168809661031319
"270",0.11159400875253,0.0395085934122463,0.383117511255224,0.155148565230972,0.268754854487588,0.0418764668614393
"271",0.0820361726913127,0.198394077767032,0.400650891602358,0.188740298611815,0.0195896651853888,0.110588894142095
"272",0.106801086426318,0.20911796573717,0.229363801098923,0.222951955292154,0.213008931456746,0.0187562599886898
"273",0.125175899790794,0.144453012387261,0.247640953580736,0.146596012739719,0.12908245054147,0.207051670960019
"274",0.132474568453573,0.250109047196727,0.318225209889306,0.190442150876713,0.0400506406678487,0.0686983829158316
"275",0.0128020993161939,0.274587917274712,0.226776248359234,0.193779042226365,0.177188980678966,0.11486571214453
"276",0.204031682562707,0.178118809074353,0.200784433391741,0.20235879886905,0.0208878322779753,0.193818443824173
"277",0.219192842676999,0.032206736107732,0.298054629843516,0.0841936309789655,0.108146471014916,0.258205689377873
"278",0.176985899726169,0.108200494952371,0.0838050058929506,0.152161923867378,0.218387610195744,0.260459065365387
"279",0.130033270470776,0.0738744018948658,0.163283977932515,0.146616789560666,0.29193472807531,0.194256832065867
"280",0.0623426355616508,0.181521250432577,0.255644244957428,0.168018977292432,0.0789806085898998,0.253492283166013
"281",0,0.0869236309628862,0.0588354471461039,0.367885354313566,0.0848515466276335,0.401504020949811
"282",0.147696776486567,0.094088126209015,0.238911692136918,0.147032281671974,0.164543537560317,0.207727585935209
"283",0.175292055400015,0.113586062890874,0.0343861078276588,0.0445093353921642,0.298573960769216,0.333652477720072
"284",0.112933086987195,0.195696365313216,0.22512669364398,0.113584508252277,0.163682035545278,0.188977310258055
"285",0.294722533728818,0.204379365679356,0.127718266008412,0.167399121948259,0.149393748080464,0.0563869645546911
"286",0.116974231172361,0.262043336697986,0.176132623311178,0.282566778948668,0.0871463070281861,0.0751367228416212
"287",0.0527240471888537,0.151402738946015,0.0630126545823692,0.214480768416903,0.233461528977729,0.28491826188813
"288",0.135942173156222,0.104586987871435,0.0704334839413377,0.121111933065853,0.157505378786189,0.410420043178963
"289",0.0909357091014698,0.178471688363258,0.233850020502723,0.137496003105212,0.187409238977102,0.171837339950235
"290",0.0364977999507158,0.254338651740966,0.278961255877789,0.174934380605928,0.0471419895429508,0.20812592228165
"291",0.080335844735669,0.116979481345713,0.156484618311372,0.229340624298554,0.154125341894401,0.26273408941429
"292",0.0922276138563661,0.207406152595169,0.17583665513006,0.196147625690352,0.176499986219597,0.151881966508457
"293",0.158356740921731,0.248251821885207,0.105400553882265,0.150944400002348,0.0881020024892807,0.248944480819168
"294",0.186373982534503,0.170520183859556,0.341408548492796,0.0572910736983702,0.07236308135857,0.172043130056205
"295",0.100078850565662,0.223952368131344,0.180104586685206,0.130892475416877,0.332767672274303,0.0322040469266084
"296",0.0513723401646748,0.186105129583054,0.42169333204964,0.30714184634127,0.0336873518613613,0
"297",0.120339210992054,0.156901954078262,0.25036601321622,0.0742051453376737,0.241319387621229,0.156868288754561
"298",0.0381745172149767,0.0234087517560892,0.250767902752698,0.234477775292759,0.174750145240059,0.278420907743417
"299",0.150731483978199,0.0484023409561887,0.269519095996861,0.163700169210291,0.22473399984893,0.14291291000953
"300",0.120287873825392,0.0130330612385444,0.288389545086252,0.271186188146206,0.190572327326062,0.116531004377544
"301",0.0401215492607756,0.203508014134323,0.243761030029597,0.178085669362147,0.154980331151641,0.179543406061516
"302",0.108871065402576,0.204434434579382,0.229853882864883,0.195448893563301,0.158885190747018,0.10250653284284
"303",0.105266296861446,0.253186963377497,0.200796390182536,0.200594929721595,0.166605657490296,0.0735497623666312
"304",0.0189241317233501,0.0763609327492599,0.508839972311995,0.161457905197042,0.0265230270941389,0.207894030924215
"305",0.147158626501757,0.183337145621648,0.104981377654585,0.249098668658131,0.145825394234783,0.169598787329096
"306",0.156924060603497,0.0751107179213388,0.272358999999513,0.264313436768751,0.219803983971283,0.0114888007356171
"307",0.171842486746245,0.0233530747938489,0.493317266070698,0.204768486534963,0.0557496436041664,0.0509690422500783
"308",0.0793180893539863,0.153178878958274,0.271677621089653,0.248216813410698,0.016525404042035,0.231083193145354
"309",0.0181854761943271,0.0973479650857806,0.30703035186129,0.250337135451387,0.105544741639279,0.221554329767936
"310",0.204670075774859,0.0478219765561444,0.416101669243001,0.132688424433102,0.109916159557519,0.0888016944353743
"311",0.248247917588381,0.224393313283466,0.318805020336969,0.0782285943999114,0.0724900589721242,0.0578350954191479
"312",0.187438995645103,0.104642495628994,0.316674192531603,0.115739820040895,0.223529381847961,0.0519751143054444
"313",0.125315930292165,0.212700871688372,0.254211035017148,0.0186973859876328,0.211726864652513,0.177347912362169
"314",0.222190451339498,0.0408946776515717,0.305077144743879,0.212481502218852,0.0385620037989417,0.180794220247257
"315",0.251634812396612,0.0420534066020066,0.371662318185921,0.0421622572197214,0.174130172349156,0.118357033246583
"316",0.0924487725521193,0.362371622274783,0.0284045866333216,0.121053079240782,0.0182635156658682,0.377458423633126
"317",0.151226465898955,0.177080024245354,0.275322027193128,0.142699490498882,0.116340682060003,0.137331310103679
"318",0.103729720249368,0.131755872609829,0.101286807412198,0.232403276024499,0.226400028650984,0.204424295053121
"319",0.124481261696182,0.218953623466004,0.27399079873917,0.149404963224179,0.129812797221061,0.103356555653403
"320",0.214105020023035,0.103749473271576,0.214202553875069,0.300558591341992,0.0873429914726819,0.0800413700156459
"321",0.199295994173605,0.104245697046708,0.340311688277698,0.263409030653337,0.0321183163431319,0.0606192735055202
"322",0.120898522418129,0.113133289544462,0.132290889680614,0.305242739868217,0.185998931474776,0.142435627013803
"323",0.153191045430139,0.271167220386096,0.127663039367526,0.149251386256093,0.182557261755443,0.116170046804702
"324",0.122211152098471,0.188219114269827,0.177252891827712,0.188108273174566,0.142038141880726,0.182170426748698
"325",0.0136114106786141,0.102653644200771,0.275644620236595,0.24883253996384,0.198113103924196,0.161144680995985
"326",0.0445379745510685,0.139485231010883,0.0194910738233229,0.238814843194751,0.337580157144784,0.220090720275191
"327",0.195299098733294,0.219359891843251,0.242716833100513,0.0658238579181122,0.21476893178506,0.0620313866197695
"328",0.133758150822436,0.25279362415033,0.168760271475156,0.0393415450660615,0.187336921760194,0.218009486725822
"329",0.0513414550202075,0.237586940170804,0.0992477380446591,0.200246914098011,0.253266129531136,0.158310823135182
"330",0.181472435738192,0.0275309421460776,0.229158763821338,0.172980124927946,0.0434093871054049,0.345448346261042
"331",0.127928412446138,0.252263089262707,0.0253460768055565,0.112525582480124,0.157521407649958,0.324415431355517
"332",0.0923458192133903,0.347393506493102,0.112272267818014,0.111883654723544,0.129622768229957,0.206481983521993
"333",0.175664843658478,0.0336516778691157,0.282955857645433,0.095634900406128,0.264051240812342,0.148041479608503
"334",0.0570069578441382,0.182813467066834,0.231672947551814,0.133525756590447,0.175800815845561,0.219180055101206
"335",0.146332123307092,0.184683978837158,0.140287732329626,0.291211306203048,0.0811338662285899,0.156350993094485
"336",0.194560924258998,0.126782087366262,0.423957480688631,0.0962873860733035,0.139626077549134,0.0187860440636706
"337",0.0310938223460029,0.115379892301404,0.454983474436671,0.124754031454003,0.00731776586317587,0.266471013598743
"338",0.249159103600381,0.0697077282290292,0.12734812622397,0.224263976359866,0.280737430392972,0.0487836351937829
"339",0.171360614631435,0.283518323864658,0.0457215000387851,0.124696065513793,0.0830047871992975,0.291698708752031
"340",0.0197651602966666,0.214740058896817,0.182055809834106,0.2683155188289,0.238025419294291,0.0770980328492192
"341",0.0325236753191061,0.144760673936762,0.199760230724281,0.224448169841135,0.14603254395452,0.252474706224196
"342",0.124800346439026,0.0384067033548785,0.313934257489198,0.236732157339841,0.166642560822895,0.119483974554161
"343",0.00437234533810623,0.125171471919331,0.606945298077953,0.0354152686035932,0.186434228892954,0.0416613871680626
"344",0.0487875622518659,0.0588828730899934,0.137582815562142,0.0606919812918921,0.310463658983912,0.383591108820194
"345",0.0291527292615627,0.269870521573226,0.106406324049795,0.208031164293883,0.157395427696169,0.229143833125364
"346",0.0233000847241008,0.177579440738495,0.255320592325775,0.139393454698827,0.24276908431138,0.161637343201423
"347",0.161596500772909,0.232179047281905,0.0484310316772511,0.131830477178302,0.116393754750395,0.309569188339238
