"","neu","NK","CD4","CD8","B","mono"
"0",0.151997379048153,0.0604930615984403,0.161767947939437,0.234067928178066,0.152549963132488,0.239123720103416
"1",0.0382019607096234,0.150635169160121,0.170884395546701,0.418317926179874,0.132587184863424,0.089373363540257
"2",0.183234160776152,0.175656418043789,0.180491075139543,0.277410406353946,0.125310371530945,0.0578975681556252
"3",0.13996686772887,0.152792481120747,0.117957617383289,0.240500482712267,0.243913871738125,0.104868679316702
"4",0.107050640716606,0.201150083841328,0.131785324298226,0.255670432444967,0.0728585174430753,0.231485001255798
"5",0.130543841385517,0.293780632099102,0.0809766211896745,0.128146208363252,0.271684353124295,0.0948683438381599
"6",0.157004295480626,0.221451216050967,0.0872305372005419,0.257627252214308,0.241123064252468,0.0355636348010893
"7",0.0291915336297212,0.188066072036943,0.0654121614408081,0.228778834255152,0.23955094265307,0.249000455984306
"8",0.133231128215653,0.234751717851013,0.365077052478227,0.0401530285806664,0.13787293096181,0.0889141419126298
"9",0.128887815943813,0.227184337571021,0.159833434883408,0.0462450898610123,0.195955966744996,0.24189335499575
"10",0.128077551724969,0.106848696483658,0.175593247126887,0.285270677486234,0.0193044371362134,0.284905390042038
"11",0.0899280143924077,0.26749032307757,0.176711661147661,0.183566310601556,0.186027578706509,0.0962761120742973
"12",0.0425907743313853,0.185128160506593,0.297613519296557,0.195050468313806,0.186334317880393,0.0932827596712647
"13",0.145776618073243,0.361660736261872,0.0684286460326245,0.279032870452183,0.103017436593085,0.0420836925869941
"14",0.0174011496119257,0.170228407629858,0.281317095884775,0.226024002539344,0.0613773611898064,0.243651983144291
"15",0.0818804019576539,0.167511591369725,0.0539590344709137,0.357402027682902,0.210344001446946,0.128902943071859
"16",0.0770767801823019,0.0558455734992182,0.27724099130245,0.212085383720362,0.0101185273691522,0.367632743926515
"17",0.0568416147844862,0.0390462834421176,0.224642248282174,0.196171418567363,0.203142031411386,0.280156403512474
"18",0.136864478254866,0.201712290983816,0.129620305244563,0.116404229678301,0.222651852210098,0.192746843628357
"19",0.17531120399189,0.23567638504438,0.154215254125941,0.166563989356283,0.213232302836521,0.0550008646449847
"20",0.0873756114051303,0.0715013597748441,0.248103368547838,0.0263066092996335,0.263258829372159,0.303454221600395
"21",0.181786247175759,0.0547109205100662,0.157108178903092,0.264317881956115,0.267287250694137,0.0747895207608311
"22",0.0979526962759647,0.270007025084495,0.377772875034964,0.156973592630982,0.0216695404570568,0.0756242705165372
"23",0.0759604893836177,0.235163668988503,0.0657061104097679,0.160303742160267,0.33149859201844,0.131367397039404
"24",0.219405868902905,0.0774470659275803,0.0672540557675228,0.36018783122456,0.0783047789768759,0.197400399200556
"25",0.128526350860382,0.017431164141266,0.364447260968867,0.0772754020126929,0.272581221686666,0.139738600330125
"26",0.12253809674572,0.0455820792426744,0.0661604019133727,0.256528498629245,0.230111921666622,0.279079001802366
"27",0.0700794954661242,0.0842854911511687,0.230578867250301,0.155155158426964,0.18755913429288,0.272341853412562
"28",0.0174925079149183,0.329652929420683,0.0595739862476491,0.216762944115253,0.112851872540075,0.263665759761421
"29",0.0119942842775142,0.206004125881955,0.154601899289801,0.291997143789255,0.173365030914687,0.162037515846787
"30",0.131611156936432,0.173853009790661,0.195598156397791,0.0180561141694429,0.247445743162434,0.233435819543239
"31",0.158686204029575,0.248906339668144,0.193693407425304,0.105126465106948,0.0797978394576459,0.213789744312383
"32",0.0672753704432669,0.113483510441961,0.237082985044495,0.227599972631529,0.254502206225514,0.100055955213235
"33",0.163874546161229,0.0599303119610406,0.150327783725865,0.291636362499465,0.201191021141286,0.133039974511115
"34",0.117209514972438,0.0349460099260837,0.358995357940227,0.0298691575744081,0.126004406951883,0.33297555263496
"35",0.151880616813191,0.224828687560112,0.225343567081137,0.0756637392791701,0.0962894429781155,0.225993946288275
"36",0.0451688810559787,0.284950843164173,0.0738558732775185,0.338192228372977,0.0613718542303671,0.196460319898986
"37",0.122918726362393,0.217742396138748,0.254123235749647,0.0545893984101905,0.18428238507994,0.166343858259082
"38",0.206523676315253,0.114926053618865,0.277285119116061,0.23698972720377,0.121031283725609,0.0432441400204416
"39",0.0357451539297557,0.0670369338264121,0.208709166187247,0.277923420549023,0.135573695691829,0.275011629815733
"40",0.143003450277683,0.321484703473159,0.268990774536155,0.137600083363481,0.117375290629062,0.0115456977204604
"41",0.056710476307273,0.0649357770129306,0.188695769430267,0.250098185562826,0.212992421237866,0.226567370448838
"42",0.101394266155368,0.288111361776289,0.132853182828453,0.31683143269813,0.104444899118803,0.0563648574229574
"43",0.241870838400882,0.255287110560335,0.0759937254119665,0.047882108472962,0.0613403776932604,0.317625839460594
"44",0.097383686598266,0.201794692736039,0.235366021628269,0.145301711434975,0.102227192536506,0.217926695065945
"45",0.0811790598657412,0.183832206157124,0.222883013290444,0.175059391863628,0.0885683148529417,0.248478013970121
"46",0.0413238930440371,0.0202122569267099,0.36486592652276,0.253079604270845,0.0630492184256893,0.257469100809958
"47",0.0847167505106162,0.147289309439509,0.0693068210916928,0.0605436094993186,0.365262902207328,0.272880607251536
"48",0.142618772748382,0.0465820667730529,0.300134760587412,0.197871628041164,0.274303308991776,0.0384894628582138
"49",0.125224823550021,0.228440279658176,0.142721077276831,0.265181551032256,0.192060260090517,0.0463720083921994
"50",0.11580385738173,0.126104824524497,0.20888601608045,0.102906832766449,0.190973995965172,0.255324473281701
"51",0.149572134968048,0.202159301829559,0.305743091500561,0.104649370492882,0.101035736269531,0.13684036493942
"52",0.0579452345779649,0.205693018972597,0.115987409171807,0.0665872190662782,0.275161815102774,0.278625303108578
"53",0.148578985520577,0.144176052996591,0.172008632355538,0.102366353653777,0.306362336058724,0.126507639414792
"54",0.0304044908831283,0.199674686813262,0.110715934112339,0.0309155716258574,0.555722553099365,0.0725667634660475
"55",0.123701404742507,0.13528677905605,0.0820057485913423,0.340166974334713,0.260683823677085,0.0581552695983033
"56",0.00372933607597395,0.0341680557181656,0.501325841163694,0.310703795910749,0.150072971131418,0
"57",0.167288474932708,0.18340500373386,0.169445060125999,0.098244257303529,0.16583754603252,0.215779657871384
"58",0.117734066743371,0.363623019483611,0.203685010228958,0.217952776927022,0.0253411594243359,0.0716639671927027
"59",0.100096429132732,0.162424845803927,0.181432635101076,0.226652778477861,0.0547072293538561,0.274686082130548
"60",0.152687908076629,0.0252322946033502,0.204336871467001,0.0107906563651667,0.21991623786764,0.387036031620214
"61",0.128914713546875,0.163127574819082,0.191402383365627,0.194015145589436,0.152176095841325,0.170364086837654
"62",0.114064887919146,0.375147711846721,0.0421369857106075,0.035177023146408,0.0467879504054021,0.386685440971716
"63",0.0963920405650582,0.222686238836399,0.235586192002955,0.0336163073176982,0.208398742800258,0.203320478477631
"64",0.0247429405919975,0.171198153765585,0.371234821812518,0.102666590414213,0.206184571491038,0.123972921924647
"65",0.109206226891377,0.0597730203352778,0.323674015438694,0.129183323043336,0.290498079645505,0.0876653346458103
"66",0.103563202884034,0.114510048724372,0.0651076676543029,0.171483769839833,0.249302468948113,0.296032841949345
"67",0.0713826347026466,0.0366723242889993,0.289951995350818,0.218858800085095,0.23610000907338,0.147034236499061
"68",0.0312184650118251,0.143715958150819,0.226848969485763,0.164268255710947,0.144341026588819,0.289607325051827
"69",0.0351252308673079,0.212681860171378,0.273912331655707,0.0615228315442834,0.259582878126751,0.157174867634573
"70",0.0841983422256535,0.203266755299692,0.144327517005529,0.160585175782879,0.0631535495188595,0.344468660167387
"71",0.099124851449749,0.260711050998098,0.190388903820056,0.185335537690743,0.103501019944581,0.160938636096773
"72",0.0972530742503176,0.174854249225031,0.209074204315466,0.226088498241687,0.137076815216205,0.155653158751293
"73",0.0869390298021324,0.162424961783111,0.367275083701871,0.121603697002269,0.0710693020950051,0.190687925615612
"74",0.110730998668468,0.250314905401444,0.235183506896685,0.254110604203316,0.0864322241563719,0.0632277606737153
"75",0.110880515124931,0.105097956343157,0.226083553649528,0.327029369583605,0.0809529803859029,0.149955624912876
"76",0.117894323447972,0.111697245605356,0.212241426048516,0.172936384530824,0.213310790655392,0.17191982971194
"77",0.0775413751593967,0.424583085192281,0.0375468795857912,0.22771301369471,0.104900480960019,0.127715165407802
"78",0.0586747433939727,0.249339320045516,0.279194535502517,0.0494220988415865,0.195600843324729,0.167768458891679
"79",0.103004360966268,0.197433536447024,0.233788535115235,0.123097298858251,0.17387744602574,0.168798822587482
"80",0.0719757741545745,0.1480472944797,0.167043798721008,0.198793577446006,0.170585222935446,0.243554332263266
"81",0.0845478138608695,0.178321476697465,0.449677002347246,0.175648792936108,0.0957670779778374,0.0160378361804742
"82",0.136687380751037,0.146375542305552,0.369776890190411,0.117482085507976,0.104280271182921,0.125397830062103
"83",0.200767282055767,0.0507878180217686,0.205810284811688,0.0684084808186951,0.157326828120546,0.316899306171535
"84",0.137878712397292,0.0708388621734457,0.253563742599244,0.275212158426395,0.242068528678638,0.0204379957249854
"85",0.0253508856982297,0.24590612995067,0.303200325748097,0.0805513159865626,0.30074371726582,0.0442476253506221
"86",0.130523314323084,0.152867377616273,0.260586076160015,0.0508154826865399,0.181824430265233,0.223383318948855
"87",0.0256629209432366,0.0883325471277242,0.365953757980153,0.212650886554931,0.260912260207295,0.0464876271866604
"88",0.181112987904983,0.174942306973252,0.0697307127317564,0.107914421457593,0.288294782374083,0.178004788558332
"89",0.198094149938686,0.206513902985875,0.038565181082694,0.0234141146945633,0.164402274245468,0.369010377052714
"90",0.152637530011223,0.334566273191373,0.179691030677172,0.0504157156649488,0.178995490460024,0.103693959995259
"91",0.191149007518978,0.198830004701344,0.214561371609843,0.13958763938677,0.19390341073376,0.0619685660493054
"92",0.0481940289091173,0.0993598054799186,0.362316969584038,0.0171830306382965,0.348947310029848,0.123998855358781
"93",0.0295888572322282,0.306726323868153,0.0351232981419042,0.208036102674133,0.140222063110384,0.280303354973198
"94",0.1029365564493,0.12584379055684,0.272061368609685,0.128582684467318,0.248848609412999,0.121726990503859
"95",0.10976199489567,0.20020968143403,0.0615310213964916,0.280148073230315,0.276182276172614,0.0721669528708797
"96",0.0253485238669096,0.107371284785297,0.217418225511911,0.159893312237665,0.352442208552986,0.137526445045232
"97",0.176909821617688,0.153376587199026,0.148905959868493,0.375621094447473,0.0465596300930598,0.0986269067742605
"98",0.0125832523469379,0.00438852261883114,0.329947871681285,0.249448547495659,0.327269066348299,0.0763627395089891
"99",0.0760232002600883,0.18546235247259,0.2374884408978,0.237190254212979,0.0153661563874644,0.248469595769078
"100",0.0199332296474126,0.306897563755918,0.0726652334572132,0.107182781707132,0.366786013636878,0.126535177795446
"101",0.0888687238947676,0.164389242802184,0.151927246965012,0.0949438175863915,0.242880126306523,0.256990842445122
"102",0.109511270986697,0.192558590335127,0.0557655741668553,0.217624752281175,0.183751314326646,0.2407884979035
"103",0.0104223177313232,0.221764030573542,0.283731291317802,0.129107880227299,0.0697122318789524,0.285262248271081
"104",0.0336995354393304,0.216384076444322,0.256498869533303,0.0578467750695932,0.412351084203921,0.0232196593095304
"105",0.125982440819061,0.0200906949030676,0.347995819212716,0.114682944785461,0.0727771335131299,0.318470966766565
"106",0.12314877038971,0.475926662524888,0.295771541254263,0.0345404625732132,0.0345894933029543,0.0360230699549724
"107",0.0309707168328386,0.0799327435614688,0.18618560178112,0.276214962665207,0.155721584471286,0.27097439068808
"108",0.0180598056808158,0.0998551309357853,0.381463416190413,0.106206725920939,0.182138192137903,0.212276729134144
"109",0.0874555675254868,0.13444735165345,0.274550592483235,0.0556912619844236,0.186651009277355,0.26120421707605
"110",0.026760449060339,0.20668834750901,0.4576043496022,0.0725782490516582,0.236368604776792,0
"111",0.0419112075633288,0.342186872661988,0.184170797583486,0.122798292081025,0.142465367609362,0.16646746250081
"112",0.129194694714753,0.107702628125792,0.200596581995857,0.264659793208427,0.105972044431754,0.191874257523417
"113",0.149637648984184,0.0226786511041953,0.290972952086814,0.302069362825632,0.0760401022913955,0.158601282707779
"114",0.062553635763929,0.223343005382693,0.155542450561789,0.20679674616216,0.189877763404901,0.161886398724528
"115",0.11332370109515,0.0864408487863544,0.255009330483537,0.116594616412391,0.20803197019847,0.220599533024098
"116",0.157149439559317,0.203300046510139,0.149127683252542,0.0968247803182492,0.333130483962781,0.060467566396971
"117",0.173875560620056,0.0843030433423986,0.383579217829404,0.0602243766388452,0.230744993915362,0.0672728076539332
"118",0.052738929372748,0.467514329092221,0.181621249917572,0.0501761689531452,0.149596480626097,0.0983528420382175
"119",0.133114816626727,0.209024295134951,0.242257351530854,0.125319647632161,0.132243178971781,0.158040710103527
"120",0.0276650792729741,0.322630254060142,0.132740371156806,0.272959130914719,0.0124174731113538,0.231587691484006
"121",0.0881214848345864,0.227228912599063,0.25298974594322,0.137115332498954,0.235939995171845,0.0586045289523311
"122",0.131981027924376,0.17719180580295,0.101147391134387,0.0800283482976273,0.207696793807073,0.301954633033587
"123",0.0211634319846034,0.123615813524983,0.184228782475772,0.378261113565944,0.206304996947166,0.0864258615015318
"124",0.143714694265098,0.115960996792286,0.311652190550851,0.0537304585578828,0.205617529015696,0.169324130818187
"125",0.0314625432766494,0.303878866389619,0.0483664445829711,0.133457467405047,0.258021857884284,0.224812820461429
"126",0.157870861803101,0.11551140369714,0.386193428275504,0.163226959067762,0.153189004709515,0.0240083424469781
"127",0.171888874620921,0.0320719628570306,0.329024372963738,0.269018085331216,0.0441148206057964,0.153881883621298
"128",0.0919057891505113,0.163992671026991,0.298270894815692,0.141373847425657,0.218604796276573,0.0858520013045762
"129",0.131044744395529,0.120175646934753,0.096389150513008,0.0437121517014555,0.254136052129171,0.354542254326084
"130",0.107465931151586,0.301162498932538,0.100896876368114,0.215071956466684,0.107433564284493,0.167969172796585
"131",0.0908855948910589,0.133629906154578,0.0198755713262909,0.279955792685485,0.187396595931341,0.288256539011246
"132",0.0267529392286753,0.150035512279312,0.019781134453503,0.357346969642549,0.315824993621695,0.130258450774265
"133",0.141414598599443,0.0895412926439043,0.0384485945097653,0.0654315298515964,0.242858881113986,0.422305103281305
"134",0.0636740347553262,0.0923290800155724,0.159522021671991,0.353180023518999,0.258978385387135,0.0723164546509772
"135",0.0686405016558394,0.170071147369322,0.260830176683402,0.167257272770523,0.0232219890891489,0.309978912431764
"136",0.114493480699458,0.280659298052006,0.267109489264381,0.101373583740468,0.214403240307769,0.0219609079359178
"137",0.143070739383901,0.146255294098415,0.0859462238878,0.178006685376509,0.215679210101349,0.231041847152026
"138",0.0778129197967297,0.218124965918841,0.12983954417698,0.236647522719779,0.0802449711299031,0.257330076257767
"139",0.108012105992816,0.148959510510516,0.274910259785653,0.181207838202496,0.165295859063334,0.121614426445186
"140",0.139779094913216,0.20119441845593,0.222637643371814,0.113695710827972,0.224572671160889,0.0981204612701795
"141",0.0996623709685366,0.309179017091642,0.217287062152492,0.161196315712177,0.148930826825116,0.0637444072500359
"142",0.175697616919593,0.241860041997642,0.0920335793132777,0.146419118435204,0.0450641835436696,0.298925459790613
"143",0.0537753769562272,0.240300247019997,0.379389526003076,0.0816491763309548,0.0650378543447086,0.179847819345036
"144",0.0998162069857455,0.14759180380258,0.29732830346475,0.0568155567116466,0.187740520350522,0.210707608684756
"145",0.0989218136611493,0.136662319784217,0.111085822784391,0.235919138253032,0.145939447273775,0.271471458243436
"146",0.143195321920751,0.0940881068773995,0.0932714599278078,0.165809687652412,0.151300344798509,0.352335078823121
"147",0.037902050538976,0.112254596055763,0.339919334502346,0.0174587846197795,0.477145544302933,0.0153196899802033
"148",0.136471069358348,0.219362586599106,0.143270649118423,0.299218031962248,0.09750140072854,0.104176262233335
"149",0.114904617099037,0.186768476143723,0.0830455239032444,0.263285483825892,0.0565848765316317,0.295411022496471
"150",0.159133032705979,0.185090791202976,0.224717883111401,0.0624365909348854,0.0953446534964294,0.27327704854833
"151",0.0495231798072375,0.351809549845707,0.153122859720367,0.149341377533074,0.0411916060928896,0.255011427000724
"152",0.0287025258513257,0.238470680570465,0.159755036405959,0.151201282873602,0.214615827217092,0.207254647081556
"153",0.0799145060676095,0.100797298522286,0.312659184158529,0.140752749720869,0.271075275606206,0.0948009859245002
"154",0.0304722532564946,0.123009803936762,0.177592181782632,0.288561343809129,0.226231476041514,0.154132941173469
"155",0.172409069920497,0.322440096766126,0.120091243072744,0.109739440978894,0.199778165908126,0.0755419833536125
"156",0.144926808782614,0.101317941789572,0.234617238816256,0.273192110112908,0.0765559511820265,0.169389949316623
"157",0.177508815679442,0.217022515927191,0.0571988406712902,0.190601367174507,0.148459586880102,0.209208873667467
"158",0.210242617386353,0.12704663275886,0.265326458326403,0.274462049206001,0.054053041012426,0.0688692013099567
"159",0.166200256406322,0.242270261432042,0.284840078212628,0.0397709050723144,0.108194438322531,0.158724060554162
"160",0.252466525292305,0.0498406982008409,0.171371971887599,0.181022008043458,0.215486482639794,0.129812313936002
"161",0.00797540347525943,0.287390891686999,0.216645700144857,0.0441202128753723,0.135835425556024,0.308032366261488
"162",0.133619362295079,0.165878637919023,0.357328530554391,0.113619379377093,0.0775773409465983,0.151976748907816
"163",0.089743790824115,0.429935212330696,0.223599099061947,0.0624395242491346,0.0375826377251523,0.156699735808955
"164",0.119018962957385,0.0361690595599364,0.311207539157812,0.255978745326701,0.181928332331174,0.0956973606669916
"165",0.0377372394259973,0.144678382473291,0.395014970012853,0.170470818010374,0.252098590077484,0
"166",0.0122743285698222,0.216227092307642,0.164170509969885,0.235121697410968,0.220527420617613,0.151678951124069
"167",0.0217098760163032,0.248317202064356,0.229122487011852,0.139824717384449,0.154378599370877,0.206647118152163
"168",0.228903418335394,0.231414793612323,0.201137128476763,0.0458943059214648,0.131192145432173,0.161458208221882
"169",0.177356876101481,0.250878342178364,0.241332122750874,0.230582735803601,0.0330309142254419,0.0668190089402374
"170",0.0209269695593664,0.218546601325474,0.18209667565718,0.224681425241355,0.149480278838021,0.204268049378603
"171",0.145856377543925,0.219956494136437,0.171152663046826,0.112396946920591,0.1970046624326,0.153632855919621
"172",0.124697576625289,0.246610682773433,0.215660595131744,0.0277115457276382,0.180906264990522,0.204413334751375
"173",0.16807115267032,0.174400860535409,0.275344761841293,0.064600186179898,0.167818749290142,0.149764289482938
"174",0.165024494813051,0.179568173308074,0.301467182084986,0.0351373563927431,0.0960839776614938,0.222718815739651
"175",0.0586976481456619,0.323678040306617,0.0986914089187507,0.17812915746572,0.0150211669236379,0.325782578239613
"176",0.0250374991977439,0.141804914933667,0.174473158496201,0.168887978169562,0.185178033128621,0.304618416074205
"177",0.12875864233286,0.170016854342903,0.335081478513598,0.0197582489088543,0.12775149799151,0.218633277910275
"178",0.029967586236838,0.205181961412814,0.377961263806352,0.157986295006524,0.142124372523049,0.0867785210144238
"179",0.140273332128712,0.162110001199846,0.135061494958625,0.218674397470155,0.197692669846379,0.146188104396283
"180",0.0198748615511873,0.270021270920274,0.146565806107785,0.169539489182496,0.287350181913181,0.106648390325077
"181",0.147268748136162,0.239410675301535,0.0587977483639849,0.237737100835003,0.0891621465069965,0.227623580856318
"182",0.0311329802751141,0.206036267905341,0.29897423667188,0.249210012003519,0.0388015131747992,0.175844989969347
"183",0.131920840416796,0.340571012268013,0.181929857575204,0.13991051969767,0.0877661725161826,0.117901597526134
"184",0.155489605379357,0.0570595549214094,0.357733968376472,0.158812854858757,0.256112992319073,0.0147910241449317
"185",0.164304113638929,0.104465227428379,0.150576528853542,0.0688688409268955,0.142741606082934,0.36904368306932
"186",0.0589511056494473,0.346926831413816,0.0551037642861376,0.318193671763661,0.111364460197194,0.109460166689744
"187",0.0723905528343304,0.0388322440820821,0.27513224676251,0.260709556495541,0.0652013374164768,0.28773406240906
"188",0.167633218446897,0.198650696753866,0.0323806645833192,0.0957651692676703,0.248292089577401,0.257278161370847
"189",0.162337806733293,0.179360035843687,0.156889404426981,0.234051484278892,0.214974813181795,0.052386455535353
"190",0.0253256308505229,0.0671003591422246,0.25378504059411,0.175643661508141,0.210635529881517,0.267509778023485
"191",0.0352691023415065,0.283987830613164,0.253039668867435,0.0311359148965556,0.098398286611983,0.298169196669356
"192",0.092062239075297,0.0198024114488262,0.346070216579693,0.114633462182426,0.0780151210625734,0.349416549651184
"193",0.128587653559294,0.174978725206855,0.24317482759009,0.0981998389056052,0.185735143156892,0.169323811581264
"194",0.176937316298869,0.14063688792932,0.171669725112331,0.0370302880839881,0.441391246186224,0.0323345363892679
"195",0.227190803881605,0.12160956889552,0.152964055575974,0.176251601572857,0.104190121489806,0.217793848584238
"196",0.128591361896211,0.176926338396786,0.327980927082351,0.234922742794887,0.0578851823350938,0.0736934474946711
"197",0.171373142825929,0.224421013649047,0.0569287386879812,0.0806833305170758,0.245695715221432,0.220898059098535
"198",0.0831594543917408,0.111888364174126,0.148930770168034,0.260907773957374,0.276531966537446,0.118581670771279
"199",0.151524529228253,0.0704863557788478,0.276036553379555,0.111203296926717,0.220667637076835,0.170081627609792
"200",0.0996104977705513,0.229084831704216,0.212025850723052,0.0879137142317394,0.12353113825495,0.247833967315491
"201",0.0962772334261729,0.23412113618773,0.0185253742674489,0.089135777290661,0.243294036730707,0.31864644209728
"202",0.0143804931757468,0.273909931269826,0.239083720931809,0.116835640139115,0.125426947062151,0.230363267421352
"203",0.1145588779302,0.166073420836561,0.243601598852701,0.176130171759049,0.094804978243443,0.204830952378046
"204",0.0465309882826421,0.109208327770645,0.223716054094192,0.180552691712557,0.202912232114377,0.237079706025587
"205",0.173612251403409,0.13127649158822,0.123827238260755,0.281317518441463,0.0268110251541776,0.263155475151976
"206",0.0417641277001251,0.251007624834217,0.0464738183567557,0.102148012854409,0.248364290673698,0.310242125580795
"207",0.224883014057212,0.24764862140024,0.0496989522654702,0.149856153862025,0.0254588662107345,0.302454392204319
"208",0.0683324987455605,0.0152760313034131,0.310206780895454,0.12187217212877,0.215266670330866,0.269045846595937
"209",0.0276977470630969,0.276006447488926,0.118031001545959,0.0339122119907812,0.254387563545392,0.289965028365845
"210",0.119049565219688,0.179563558415127,0.261648916174827,0.153654676446266,0.055635537396452,0.230447746347639
"211",0.143481141542867,0.0183080313792185,0.30462589014412,0.217302101976199,0.259128201353889,0.0571546336037068
"212",0.10118277435089,0.294659223976842,0.151306396977773,0.242789964163444,0.185110171234883,0.024951469296168
"213",0.136308218825963,0.23246743257432,0.0763003376724276,0.196263572970226,0.197849484925585,0.160810953031478
"214",0.107277857011827,0.273335408727687,0.0302283952004503,0.195871404756307,0.0463046204595292,0.3469823138442
"215",0.0136019285410076,0.202701483463316,0.167563896982704,0.176457429873069,0.172664872869716,0.267010388270186
"216",0.16109021900915,0.183174505993934,0.0489353004821625,0.0272004059548977,0.178891645486077,0.400707923073779
"217",0.0815177885750835,0.11727498205325,0.307294646516618,0.0960911235771402,0.299929327562563,0.0978921317153454
"218",0.0179136709112311,0.203403364183198,0.343319346578052,0.0480284330236157,0.161615702421782,0.225719482882122
"219",0.0779629719488365,0.150910951466355,0.326701668875761,0.146409427977267,0.0230946685423997,0.274920311189381
"220",0.121376873869671,0.0439894947450172,0.162451992792237,0.0605726612852772,0.371224671039941,0.240384306267855
"221",0.143970150853563,0.299570445192416,0.0671058087027278,0.171335227813055,0.208505304616114,0.109513062822125
"222",0.0593843709073278,0.0971305539465308,0.322365383421953,0.189901310732717,0.162369061461634,0.168849319529838
"223",0.105263377181803,0.236571236788886,0.202630957000541,0.0402680237368149,0.116604526102932,0.298661879189023
"224",0.344930534754739,0.245316760700662,0.176527904370703,0.122311591556972,0.073107198746238,0.037806009870686
"225",0.278464811304954,0.297233934324734,0.0864583131167616,0.0519289069292252,0.0570460620523198,0.228867972272005
"226",0.162671629361454,0.156110438993897,0.351609924073014,0.203064565183012,0.0731674519580826,0.0533759904305408
"227",0.112118280885932,0.283152762049483,0.0905297824658741,0.0277895079243455,0.180325917998665,0.3060837486757
"228",0.0377826862003644,0.0611403413025398,0.351893501550369,0.293379218541681,0.206913751659943,0.0488905007451032
"229",0.171709035994004,0.305968416130711,0.100500893676394,0.278018212788596,0.0395698682763549,0.10423357313394
"230",0.155739429426991,0.0341525433940107,0.331090735787982,0.0592642913560264,0.210418495496864,0.209334504538127
"231",0.0147421316301,0.263648650486916,0.322846578452143,0.132607399785613,0,0.266155239645228
"232",0.181882106793338,0.191138286491766,0.319845892059803,0.0511993410596214,0.161378228014844,0.0945561455806271
"233",0.140015236042497,0.106666585675397,0.188228717678107,0.277889832191902,0.212899182385529,0.0743004460265673
"234",0.195456608103957,0.207537825810751,0.0875894737576698,0.252424606099549,0.177513813647843,0.0794776725802299
"235",0.142507340375983,0.139657618098726,0.212499749726066,0.190743562108758,0.114575130472747,0.20001659921772
"236",0.149837875069283,0.0754061737486316,0.214856951702295,0.194466439605801,0.214699531821638,0.150733028052351
"237",0.124527185658885,0.142544713523969,0.177207384916423,0.196721021565999,0.204833504560707,0.154166189774016
"238",0.0845354411333854,0.253975411426703,0.234580260723009,0.153888498583931,0.0643108620991948,0.208709526033777
"239",0.177249693131776,0.128029186019088,0.182588505147097,0.215757259943155,0.0610588562519691,0.235316499506916
"240",0.128046044045187,0.284837609342037,0.0178602273337439,0.0529677407080355,0.141212551265728,0.375075827305268
"241",0.0599127710630049,0.324171609472801,0.167138992004347,0.0881492905804638,0.186469252119893,0.17415808475949
"242",0.0610679746298702,0.208726992020888,0.238594778136186,0.117347565299917,0.22012176170009,0.154140928213049
"243",0.187076390538458,0.206926516698713,0.084749468722943,0.0449608750813585,0.396046944692925,0.0802398042656025
"244",0.320407010797816,0.232151458117998,0.051795705057089,0.270422012941128,0.0389391246183002,0.0862846884676697
"245",0.0152299357589963,0.151123573749127,0.215458244845334,0.305682091354931,0.117516586916,0.194989567375612
"246",0.0963787426547421,0.0908750084350973,0.125095511612336,0.0453228397927918,0.357266042897393,0.28506185460764
"247",0.0472443320908283,0.435318779555603,0.0661771434282311,0.0969471762840428,0.105917128922588,0.248395439718707
"248",0.0220745507583684,0.151187979169231,0.284567842077078,0.263722510894781,0.110703000974728,0.167744116125814
"249",0.119342330385053,0.151585684069137,0.127421023714325,0.228824455922055,0.334939630797971,0.0378868751114592
"250",0.141588206764973,0.201291355704251,0.233920548526572,0.144280105772353,0.0399967049570817,0.238923078274769
"251",0.113840142308524,0.125864318876005,0.240455643627846,0.254412963513564,0.245508841859821,0.0199180898142397
"252",0.231265611179991,0.0931826574078973,0.130015011775629,0.0823497744399481,0.287832057987102,0.175354887209432
"253",0.134802490097323,0.201258213749826,0.156547230716753,0.0843001087166526,0.188192294556734,0.234899662162711
"254",0.0352723381039315,0.189394418753178,0.0657382640470655,0.221115354867724,0,0.488479624228101
"255",0.0295713477471304,0.132031038442381,0.0823536256915411,0.0665119907506039,0.432725786612627,0.256806210755717
"256",0.15330839543288,0.239098312933911,0.169330441031145,0.0883357689885703,0.134854083752708,0.215072997860787
"257",0.176488378125492,0.0317546293632881,0.11278319947056,0.288833579732217,0.12550782094687,0.264632392361573
"258",0.186142238384442,0.0416069816489485,0.0842819091270411,0.15256847460822,0.278830699255283,0.256569696976066
"259",0.129014323998166,0.0771354676690833,0.154486187525897,0.234239765032956,0.241247200685062,0.163877055088835
"260",0.146142050385823,0.106660993631048,0.217215013257472,0.221528340341372,0.0764544832191088,0.231999119165176
"261",0.160998493042193,0.0283291425352682,0.142760051386688,0.250028072067556,0.154145236850831,0.263739004117464
"262",0.0295503319045902,0.325040825111574,0.00286052478797426,0.0808991141331862,0.23559576904495,0.326053435017725
"263",0.00897243630432999,0.103848185379793,0.195469797375972,0.0210519043859738,0,0.67065767655393
"264",0.0562455719026356,0.0665345042649501,0.430741735774451,0.271853998496285,0.0406470957602501,0.133977093801429
"265",0.105099717195046,0.219791691922743,0.0335018939629482,0.235248086308981,0.204105175656282,0.202253434954
"266",0.0135934790722092,0.116628520643415,0.193917856934838,0.20779104185485,0.200035641550054,0.268033459944633
"267",0.235642849596091,0.0996528403984537,0.0772774873935781,0.0936386025114221,0.377004742756613,0.116783477343843
"268",0.0121090961976155,0.0272878220758458,0.220937479730906,0.269620379944155,0.181835401984979,0.2882098200665
"269",0.146036326297255,0.232900205929831,0.107123764120772,0.209490092526084,0.0961808410435165,0.208268770082541
"270",0.106511927983181,0.330080392772394,0.031719647791272,0.201660552984297,0.178137042888762,0.151890435580093
"271",0.180436960106338,0.131359436486949,0.461352535886561,0.164400755094249,0.0550279521238075,0.00742236030209509
"272",0.196763567665918,0.275267409239324,0.0572729936383932,0.245000562602874,0.11338112889448,0.112314337959011
"273",0.216943934115996,0.0867725372954847,0.318275553122232,0.199305153389478,0.0500023453739768,0.128700476702832
"274",0.0810039137958073,0.115409161709849,0.0424058471425482,0.144324510194094,0.271250552018907,0.345606015138794
"275",0.106438366317395,0.197146021780942,0.225977656513417,0.0908385915993364,0.145256076538656,0.234343287250253
"276",0.0370979954776446,0.15799512782733,0.262759177235078,0.337330092732526,0.14295690519864,0.0618607015287816
"277",0.0993628353701606,0.141263874168666,0.249506362401288,0.25387581248581,0.206427362530605,0.0495637530434702
"278",0.0409652893655561,0.0459887686748959,0.437240565193021,0.224539476216225,0.0177894978295548,0.233476402720747
"279",0.16842472825853,0.124838246476342,0.127676301014524,0.277710305137545,0.2583644883842,0.0429859307288593
"280",0.134205511990112,0.212064045332868,0.191147282105233,0.154980916287605,0.0380125618994336,0.269589682384749
"281",0.118325098380993,0.0819552568514471,0.386044811571822,0.0763729835539146,0.0073475611176125,0.329954288524211
"282",0.12502683619715,0.360036313055159,0.0248649559783414,0.202362743232848,0.0806752347318266,0.207033916804675
"283",0.16303173657426,0.0944076532874909,0.238361474314177,0.0567942646933536,0.220694485787061,0.226710385343657
"284",0.110505600167659,0.223677122214631,0.0745498096230944,0.166669779338624,0.138894764375547,0.285702924280446
"285",0.109183512913209,0.201628029721426,0.192709437884995,0.0360854594176927,0.266275762302163,0.194117797760514
"286",0.0124825796713781,0.0951854451623194,0.18599687480222,0.198166661302149,0.201641371272776,0.306527067789157
"287",0.0633085549007756,0.0655185711078408,0.160828122335436,0.26268422072801,0.151230977117227,0.296429553810711
"288",0.0674270969862803,0.0526615971069813,0.12232938299027,0.253070515525703,0.149850230045973,0.354661177344792
"289",0.15181879805682,0.255569164183861,0.225235013871845,0.193923314343524,0.063296918029965,0.110156791513985
"290",0.134159329872724,0.222138833793369,0.1570484540286,0.123502367721616,0.187002244468331,0.17614877011536
"291",0.133974209400479,0.0195903777407622,0.308426965323214,0.0607136326337167,0.229414311087248,0.24788050381458
"292",0.101281411078899,0.28976805463949,0.226998206316859,0.0972288400177423,0.0659406821189818,0.218782805828027
"293",0.0774559298500077,0.186285895628403,0.186508466724094,0.254705119720795,0.212664663541849,0.0823799245348508
"294",0.0604756623801877,0.318046345364593,0.0171920168606888,0.130237669998098,0.146089771924751,0.327958533471682
"295",0.0135017795967942,0.205142711458006,0.156892272336463,0.197664141285291,0.277286371646289,0.149512723677157
"296",0.00436768635965367,4.67943909478623e-05,0.308144336059128,0.263417413569711,0.16904064275591,0.25498312686465
"297",0.0342068755736538,0.138794370172924,0.162701284621151,0.228588692643341,0.22122497982508,0.21448379716385
"298",0.148858762692039,0.153263067729342,0.267082602812017,0.0163944446445704,0.180982133788289,0.233418988333742
"299",0.0422505048502687,0.243861687711236,0.327808604648528,0.16821648509379,0.179376769522348,0.0384859481738287
"300",0.0881165316233876,0.0235952060823427,0.231493406318541,0.0924962020864626,0.408675494443233,0.155623159446034
"301",0.132861824729186,0.152143059674767,0.254732562780751,0.183480553124122,0.143165464062905,0.13361653562827
"302",0.18323374984191,0.238749321800331,0.227521634327001,0.116428400834728,0.0461413854101604,0.187925507785869
"303",0.0145269815180094,0.178753209310594,0.0848822142269273,0.225222174902476,0.209533879204619,0.287081540837375
"304",0.169532295773792,0.280701324326356,0.118250559933059,0.091308063212613,0.108242798916294,0.231964957837886
"305",0.0849586913295549,0.256919054476553,0.0790186038975284,0.285193847236328,0.171884986099068,0.122024816960968
"306",0.0756253769016159,0.150450580842404,0.134439912873652,0.108214750444144,0.239559699833646,0.291709679104539
"307",0.141536048061594,0.201355003274759,0.265987677857022,0.187003968880452,0.15288220602359,0.0512350959025834
"308",0.154469820311889,0.0776323582817076,0.0818771624376958,0.128581692278195,0.293765081868789,0.263673884821724
"309",0.166207657191577,0.205895903062251,0.0282752498043133,0.123232257234656,0.211020033355792,0.26536889935141
"310",0.0985551967589703,0.282531545609597,0.0751383378449163,0.2772979168741,0.226546855556365,0.0399301473560522
"311",0.107618140039291,0.0502136028428595,0.122792370399394,0.00927248907045973,0.242650384310589,0.467453013337406
"312",0.136474606823207,0.106527474641182,0.335620969083347,0.0625310397093723,0.173047847914921,0.185798061827971
"313",0.0242073319422173,0.187937695845787,0.243010365167853,0.211314222357737,0.216060850570439,0.117469534115966
"314",0.0713084082341625,0.183791893725867,0.0747292092572265,0.270156933542746,0.122951260295571,0.277062294944427
"315",0.30012538848591,0.142193556939852,0.0455196723739808,0.150088051002151,0.195355597508952,0.166717733689154
"316",0.0789320037633812,0.125035782791801,0.184692758416346,0.275608261190022,0.244392771488751,0.0913384223496992
"317",0.0587603850127068,0.014573604402836,0.335815729979106,0.12362653630558,0.176167844050173,0.291055900249599
"318",0.0969935523599372,0.143480545404555,0.355162594535224,0.0258691625555808,0.0796861758266618,0.298807969318042
"319",0.206521440819453,0.379414774785704,0.0360919908537176,0.110905029826176,0.0970550559660213,0.170011707748928
"320",0.143097690216482,0.163459526646504,0.182748151675473,0.216514827969035,0.0413932552490615,0.252786548243445
"321",0.119267253254454,0.0992379331835024,0.28791755967447,0.122170174533174,0.108226286964092,0.263180792390308
"322",0.0672059560588796,0.255083529130816,0.134015976449025,0.275454539026152,0.184696425454721,0.083543573880406
"323",0.0119998250343255,0.241236317828302,0.285985936890338,0.163102536369998,0.185085331715306,0.112590052161731
"324",0.111398163747436,0.0128570305943917,0.177172029763253,0.0744550316740299,0.318237126094688,0.305880618126201
"325",0.075393506353103,0.223812200002926,0.166286848687858,0.226405797247434,0.192081309919463,0.116020337789217
"326",0.115323022849769,0.285682076490042,0.0554764204101022,0.226788393131245,0.210715181469325,0.106014905649517
"327",0.139355080341632,0.130785913689263,0.316674428734798,0.115749035184033,0.152011196176268,0.145424345874005
"328",0.074463542541945,0.382705272859957,0.120916210524448,0.164054143896224,0.0991912491405704,0.158669581036856
"329",0.152390856246755,0.160651278812014,0.19802843041417,0.244702240720218,0.156473635299705,0.0877535585071382
"330",0.0289129481872319,0.230547661661445,0.320933305028014,0.159891851039004,0.149392720989618,0.110321513094687
"331",0.164623061638301,0.120448035149182,0.0976972690180554,0.29482175266695,0.183375666960468,0.139034214567043
"332",0.153986195793638,0.145369170465573,0.0769247507540807,0.332674193625302,0.099346410376454,0.191699278984952
"333",0.0684629740834476,0.041201971094082,0.0452694163574472,0.31044750054159,0.283209118999929,0.251409018923504
"334",0.106612299422344,0.237920108809957,0.0482588932265798,0.145402769071725,0.174491144479897,0.287314784989497
"335",0.00145939428718894,0.0715500755467503,0,0.230066263546015,0.130302675097702,0.566621591522344
"336",0.138200874075477,0.0952197249064906,0.273664099919171,0.201274081965284,0.122074987160474,0.169566231973103
"337",0.138795731638563,0.193680130739059,0.169755462296639,0.223790604724609,0.1840049905597,0.0899730800414307
"338",0.0772422299571242,0.244238393598005,0.341146461719908,0.0156561859521138,0.0228047986883168,0.298911930084532
"339",0.070086402347196,0.258276531508972,0.170007446874409,0.212874286558759,0.173289776177866,0.115465556532798
"340",0.0403954551211735,0.183147494869185,0.257990981327486,0.220052692557136,0.0953730538683518,0.203040322256668
"341",0.0640595849402153,0.00681096244719508,0.319072624506686,0.277004209538502,0.197640123189111,0.135412495378291
"342",0.101890871795317,0.139097448880649,0.119545627056269,0.246474582699481,0.155668720488685,0.2373227490796
"343",0.00739370555635907,0.0620300800496292,0.23911294185542,0.472036140087322,0.0525788920417852,0.166848240409484
"344",0.118581897224856,0.0428579805003274,0.229898389295592,0.1784855598039,0.144973896589733,0.285202276585592
"345",0.099126925334589,0.279815186788576,0.397587876644766,0.0687850198142326,0.124064394345122,0.0306205970727144
"346",0.145547901758493,0.198436565181739,0.322285174557496,0.190421259218501,0.121341488605197,0.0219676106785747
"347",0.172951743209714,0.153936193410581,0.129444999627338,0.0621328348255512,0.274609197497018,0.206925031429798
"348",0.154907376865813,0.19300684910483,0.312937378242879,0.132442906682701,0.0608968249651961,0.145808664138581
