"","neu","NK","CD4","CD8","B","mono"
"0",0.0466360138978846,0.352847349531238,0.0598430259664809,0.139944029365417,0.257789249204884,0.142940332034096
"1",0.0772830291519729,0.368144154928252,0.0726563362460509,0.212411843022185,0.162837493268471,0.106667143383069
"2",0.037041360914263,0.313496720216585,0.130746689981775,0.180391783019849,0.035341087936904,0.302982357930624
"3",0.0200378569812722,0.0626658946999357,0.282252949259471,0.137222076031129,0.194475688011554,0.303345535016638
"4",0.170463070499197,0.13380450903526,0.0848004297271076,0.268119769864944,0.146036258035199,0.196775962838292
"5",0.114034670065069,0.19911736317386,0.276362532128821,0.0220671128266037,0.160383086884869,0.228035234920777
"6",0.117042917082439,0.0647851608502297,0.227032159498659,0.0460661157392842,0.321398309784897,0.223675337044491
"7",0.15567384191082,0.215667771239643,0.157303799604551,0.228138428011968,0.060426976222871,0.182789183010147
"8",0.135142423607301,0.202494492768716,0.190153035152052,0.15680369555971,0.101683270618005,0.213723082294216
"9",0.205008574367494,0.106076984133945,0.347025431820108,0.0866108461193398,0.207215660805904,0.0480625027532098
"10",0.0467926098381901,0.0661951475300724,0.108842418443172,0.455107487903403,0.248015872993471,0.0750464632916909
"11",0.134293182701397,0.221165567922677,0.212016848466828,0.116784000987741,0.0919045032660413,0.223835896655315
"12",0.0387975169484376,0.206684772746592,0.349503987281782,0.0105469228337561,0.0716586947853754,0.322808105404056
"13",0.139754003485071,0.202559282268648,0.315126779284362,0.129580480210203,0.0868417186034329,0.126137736148283
"14",0.148439792221762,0.0969576792814107,0.26313304810027,0.240239939028467,0.0903012140496832,0.160928327318407
"15",0.147351841676542,0.135306235769799,0.265695014920642,0.236606737635112,0.0414841377193782,0.173556032278527
"16",0.0182662125411798,0.079929364880444,0.111661719235065,0.247603402964076,0.228627984791371,0.313911315587864
"17",0.0361102874087546,0.0339774930071964,0.293341848483645,0.210445915615995,0.333530230222249,0.0925942252621594
"18",0.178794062559819,0.129320101526839,0.295826591058497,0.113013281036241,0.203612332742805,0.0794336310757995
"19",0.0237670509274049,0.0879489721168938,0.0781038982459174,0.277857431498867,0.249987708490693,0.282334938720223
"20",0.0994512957121056,0.200252720676903,0.164894388872076,0.255384299558624,0.0364189704104838,0.243598324769808
"21",0.131765122356002,0.143934668203514,0.0846527561834465,0.233482805009753,0.195907361610693,0.210257286636592
"22",0.130576953120694,0.221322615754789,0.224139260516927,0.167860459410672,0.170576133388665,0.0855245778082534
"23",0.121996464375783,0.311725576937728,0.144614409999099,0.107037756435918,0.0996550059084186,0.214970786343054
"24",0.13966405452458,0.089614350271291,0.0579920805884791,0.240440934693025,0.256636954857109,0.215651625065516
"25",0.112793459219632,0.146058015482934,0.146550875474959,0.177206965238191,0.140851421593861,0.276539262990423
"26",0.125311261797452,0.137168487079932,0.209990771165977,0.190399962072148,0.170101429970042,0.167028087914449
"27",0.0299132869032427,0.0544247964073805,0.286573325554708,0.172126021485152,0.0717834615009878,0.385179108148528
"28",0.0873096204162759,0.0832076728460831,0.16867378863259,0.0469460824045966,0.269474028875824,0.34438880682463
"29",0.0290694849199129,0.316909666253181,0.2961027954699,0.0269553591664365,0.159045359882672,0.171917334307898
"30",0.13789311706581,0.13761667970972,0.245454300888938,0.221831179597592,0.185408728339298,0.0717959943986415
"31",0.111324927585899,0.217397683111097,0.206484784084141,0.181328155601081,0.167995426194408,0.115469023423373
"32",0.0605640762049946,0.169374506762432,0.0994918934524762,0.354599337486479,0.0894783857455467,0.226491800348071
"33",0.123443682254543,0.129726371865974,0.291233007227674,0.158992325974283,0.168393928301336,0.12821068437619
"34",0.136340073370019,0.154467715566038,0.119345612639329,0.0922992141634696,0.209724775362717,0.287822608898428
"35",0.117948163214654,0.190560842470752,0.124564726934734,0.245942041283501,0.122953755538201,0.198030470558159
"36",0.0560539157211658,0.181297191462826,0.243019996799631,0.105895483632259,0.180690387374555,0.233043025009562
"37",0.159605317336389,0.0938913330198885,0.32901549290005,0.283982544068627,0.0234816358980146,0.110023676777031
"38",0.0407284756247641,0.155964965337979,0.181273366523792,0.308640592373705,0.12657022888018,0.18682237125958
"39",0.149490846316485,0.0835016970299152,0.142111154261827,0.258131711446492,0.0970940675781855,0.269670523367096
"40",0.0565002343465513,0.245711711029272,0.265336200532166,0.0850005624839018,0.231608619130645,0.115842672477464
"41",0.130387884016063,0.133697648362631,0.0725597133272217,0.267887545482937,0.100344538416623,0.295122670394523
"42",0.0570056811287019,0.102814260928569,0.223057290237201,0.234011916817864,0.0732510831776471,0.309859767710018
"43",0.100980185590567,0.232925651757083,0.229094818131479,0.180177301687313,0.191266136896188,0.06555590593737
"44",0.0751892989948807,0.129547656648131,0.164058546491536,0.150423469263661,0.168250793123077,0.312530235478715
"45",0.150396181059287,0.0803047289249673,0.111151211401838,0.210335624021075,0.224857536205217,0.222954718387616
"46",0.0905023282888541,0.344412782394722,0.0213154908984992,0.127739912000722,0.0117500766448371,0.404279409772365
"47",0.180283471543287,0.30167438440111,0.080407241006066,0.138863517127954,0.191567211533784,0.107204174387799
"48",0.0496074457764436,0.263340519746739,0.106100683705229,0.319653162805052,0.130384004087776,0.13091418387876
"49",0.0360262274789377,0.0472586518041911,0.33433548521975,0.141607405856688,0.108439383281764,0.332332846358669
"50",0.0270948276193344,0.0197748918827834,0.425096153563519,0.307274501712499,0.0357215776258556,0.185038047596009
"51",0.174743354423225,0.0565918794206332,0.0795796295447013,0.176707221628988,0.107167314258062,0.405210600724391
"52",0.211288274337567,0.207069712839151,0.145983518020395,0.076420862582907,0.305643053191865,0.053594579028114
"53",0.090196587507185,0.132170638861441,0.058580274191761,0.246941054038321,0.228961229720561,0.243150215680731
"54",0.0158649350235671,0.192364850171335,0.114421680579665,0.174319267850535,0.204503738885621,0.298525527489277
"55",0.0234269801781405,0.0347249854545358,0.385891889391885,0.179172337774489,0.372888902378544,0.00389490482240646
"56",0.0609778089233122,0.0553526534313743,0.220084371797626,0.187358756327636,0.0707471932127203,0.405479216307331
"57",0.0988220439140002,0.0946155874154794,0.207369150836759,0.183403654569714,0.0886426899788272,0.32714687328522
"58",0.0650754981201863,0.19289063330132,0.118524634241586,0.160748865697174,0.276147668131275,0.186612700508459
"59",0.100494870684904,0.251326460913081,0.07077970738656,0.175098427736991,0.16230413487646,0.239996398402003
"60",0.148260971719561,0.203870364067359,0.23297696265491,0.204217286438376,0.085520222666697,0.125154192453096
"61",0.100721904620005,0.322228546953677,0.0900574234577596,0.241112651915343,0.109444454479457,0.136435018573759
"62",0.0567301389950027,0.156873331160704,0.217828502864393,0.131727858681905,0.19441381102104,0.242426357276955
"63",0.162435169816342,0.239533153165469,0.0758409631443413,0.0869639992913351,0.217972517525252,0.217254197057261
"64",0.130418292432574,0.0977791789626879,0.172798524654728,0.213298601863484,0.168849124541436,0.216856277545091
"65",0.146958962540291,0.0824481302064995,0.127194245317174,0.255607450072957,0.287435222582542,0.100355989280536
"66",0.0337140446258658,0.214849550573689,0.173384862004969,0.272538788373974,0.121164386511771,0.184348367909731
"67",0.148317772718877,0.222895976694449,0.0936902217128466,0.217999369260473,0.085156301552277,0.231940358061077
"68",0.102508665844027,0.116232286853632,0.0254803968315006,0.143313776437853,0.271629686248511,0.340835187784475
"69",0.0329977940355845,0.173140184794767,0.159340274224292,0.239746123920015,0.0975177176703964,0.297257905354946
"70",0.250650058094097,0.0766760999178541,0.244107405115146,0.230126512966411,0.0497056535187056,0.148734270387787
"71",0.0773759198828497,0.228220881611453,0.278122423350338,0.0658787940994481,0.0908075871848275,0.259594393871084
"72",0.139320600121581,0.279278650099553,0.162741883311694,0.081858648978109,0.0735884066562509,0.263211810832813
"73",0.214270006676918,0.391964567583851,0.121234039181783,0.202686557246719,0.0263212065598241,0.0435236227509047
"74",0.0186393716748355,0.211211575989648,0.284395958189422,0.174589449303352,0.104468978633009,0.206694666209734
"75",0.0611719095729855,0.0513557455994702,0.356519231348977,0.142195045846248,0.116900555717081,0.271857511915239
"76",0.0823759095532516,0.179328891067116,0.279443185010199,0.258767430985785,0.082246066922522,0.117838516461127
"77",0.128245663739543,0.177271754125227,0.190550013192268,0.030141764046444,0.202569861655113,0.271220943241405
"78",0.113670447133911,0.237574110262243,0.245822228482491,0.193574913162922,0.170785242643384,0.0385730583150497
"79",0.345806696844419,0.107664895268687,0.138606357493178,0.182158420970531,0.0417558800691825,0.184007749354003
"80",0.0530431310170877,0.0415238619486161,0.14311723559911,0.197288431630021,0.234927113983559,0.330100225821607
"81",0.126015976801806,0.222084847091187,0.0292007438431862,0.242341635758722,0.102053252727288,0.27830354377781
"82",0.0855608443723903,0.129902344698659,0.105271465249524,0.0370779527098992,0.184235373647789,0.457952019321738
"83",0.146358493298364,0.10871671805702,0.352879581277578,0.15608350627592,0.0860316907798788,0.149930010311239
"84",0.134675476417288,0.342525868354202,0.139796436750501,0.0561641047418366,0.190881856676394,0.135956257059778
"85",0.195554930603959,0.255510808975096,0.304188602608145,0.157316436495418,0.0430019903298062,0.0444272309875757
"86",0.127172428776104,0.173125223314754,0.192012035754222,0.0311671588691491,0.152345986742069,0.324177166543702
"87",0.0330505680123372,0.106001988440887,0.308497038111555,0.213715686808324,0.192729086227357,0.14600563239954
"88",0.054902227699218,0.135554358567945,0.410241525040072,0.184477476627198,0.0711232918579315,0.143701120207636
"89",0.0397755007845782,0.233685039105042,0.0244960310582496,0.206297797136998,0.138396553715209,0.357349078199924
"90",0.219401864530084,0.0573383895971485,0.0598916440084,0.353584972239242,0.0778233350556981,0.231959794569428
"91",0.107200147773686,0.173955612332363,0.296925162566896,0.164165741355846,0.23759922517232,0.020154110798889
"92",0.115181010272595,0.155244026789692,0.428535698155546,0.0916057090639157,0.20328199646215,0.00615155925610233
"93",0.0878855027743474,0.153807161624392,0.22021054694521,0.25273041513424,0.0851857985310728,0.200180574990737
"94",0.0650275220058158,0.277259516421818,0.0906071492835069,0.0768339441060434,0.317909081227549,0.172362786955267
"95",0.0581270362411064,0.15991935767291,0.249090481753192,0.150350881264609,0.250762692687667,0.131749550380516
"96",0.176904446530895,0.0377964762912431,0.209153288803238,0.0532889724581186,0.218673183626309,0.304183632290197
"97",0.164330445351774,0.113596420483423,0.168292891698927,0.273823251813361,0.19576246339331,0.0841945272592046
"98",0.132773274024463,0.218658799924919,0.190626385303856,0.0955477905595292,0.0377482102788236,0.324645539908409
"99",0.244629555344284,0.0679745838447713,0.199881409153871,0.131613083607908,0.124524126683456,0.231377241365709
"100",0.0820131655509115,0.159768209779373,0.208353888042467,0.227451506867783,0.13457605897727,0.187837170782195
"101",0.053493927138214,0.242946414474067,0.212196938991798,0.229743951273237,0.202538522647132,0.0590802454755512
"102",0.0221572753536069,0.206088565669102,0.341233631077453,0.165448129480705,0.236123193877066,0.028949204542067
"103",0.114730307984057,0.124835591563605,0.105211061099142,0.196362446531684,0.269771360218125,0.189089232603386
"104",0.0589177260230535,0.224379424668131,0.212731878138968,0.239874369887534,0.199115621548799,0.0649809797335132
"105",0.0969356666248456,0.139631645536718,0.230141489183863,0.191205096836834,0.0607391483574744,0.281346953460264
"106",0.164682476797876,0.0968019230757838,0.327279766340172,0.185639270048808,0.0783671208735274,0.147229442863833
"107",0.117519153702357,0.275458191274536,0.152492899897661,0.238637001049141,0.0351246094364627,0.180768144639842
"108",0.0828468432854307,0.169096746521213,0.527344621701772,0.0772784391605149,0.0825051415770012,0.0609282077540685
"109",0.112841664023182,0.0965128440452507,0.127535977950934,0.257204666900409,0.171323218362396,0.234581628717828
"110",0.110869704819504,0.153020652433177,0.233493429774187,0.144782826004892,0.162661869065905,0.195171517902334
"111",0.111382403060855,0.120616050942307,0.256866766472779,0.237189778853515,0.0649179666107142,0.20902703405983
"112",0.0521795696556243,0.14427687161208,0.134143853932233,0.140408341376005,0.28028990050678,0.248701462917278
"113",0.144814523681999,0.194905594848126,0.308585486830407,0.0657600843559767,0.0962264934859264,0.189707816797564
"114",0.0937844828880895,0.184704407820514,0.187881343556373,0.30293484767585,0.0589453937312682,0.171749524327906
"115",0.213358604156064,0.423140936022071,0.113314224150319,0.0449652026601365,0.14986321238918,0.0553578206222299
"116",0.14560096480687,0.293820171074671,0.255269805293608,0.127113897572466,0.0569046472660385,0.121290513986345
"117",0.0894288531575591,0.214447027046047,0.053983491605921,0.150271832865283,0.221736091361077,0.270132703964112
"118",0.171865033805083,0.294030217558125,0.164095548014629,0.185017070912117,0.0146971289040164,0.170295000806029
"119",0.0618286651583506,0.132325642375668,0.147136933881866,0.307562656354899,0.290333594394725,0.0608125078344904
"120",0.150055009427236,0.228462676216721,0.224365901414149,0.30106743985252,0.0201919689518405,0.0758570041375324
"121",0.147660015390992,0.172554017599902,0.307450022307241,0.0959244027605451,0.225370533690736,0.0510410082505837
"122",0.0688809757720727,0.218930966858929,0.174572494605382,0.228928008206999,0.0390017065784206,0.269685847978197
"123",0.0967981484041219,0.0587862524275815,0.345195112043318,0.172363209637921,0.0172367351676612,0.309620542319396
"124",0.209254692725877,0.224939879755927,0.395342276086001,0.0667464542729871,0.0322169579852548,0.071499739173953
"125",0.191208078036657,0.0204100866980454,0.293038626422433,0.238153427474683,0.128095141136925,0.129094640231257
"126",0.0917544802306735,0.0806134217025856,0.15899683659736,0.389907905361834,0.149617347624854,0.129110008482692
"127",0.0593315682077391,0.0842068439654743,0.102069840047066,0.214756863930626,0.51962179730379,0.0200130865453058
"128",0.181885766074688,0.299466780464357,0.101205892583047,0.0882735524405929,0.0310650449058224,0.298102963531493
"129",0.0672920012919292,0.192164369313957,0.206744186522714,0.34254029167644,0.136474703153608,0.0547844480413521
"130",0.0975471074949119,0.217754032390096,0.205395222597792,0.123101121161148,0.0979827913919056,0.258219724964147
"131",0.141162723192028,0.137191790497116,0.0825808322281493,0.366156484208197,0.208616866512918,0.0642913033615915
"132",0.0243707986309074,0.0729944815399884,0.260073698023785,0.023220974183935,0.239100372149178,0.380239675472207
"133",0.0314619622317135,0.132801961860956,0.299874915625185,0.0771218426231607,0.210353597403944,0.248385720255041
"134",0.168136159108163,0.232929251032658,0.173516474131908,0.203493686434928,0.164668841629966,0.0572555876623769
"135",0.0890516413470899,0.0751748969436531,0.311449997445618,0.161657631706609,0.309627149092594,0.0530386834644369
"136",0.0430697532215983,0.0386177329354353,0.1442750770046,0.384183521988078,0.10871024054746,0.281143674302829
"137",0.107670484245213,0.0947368450535719,0.272663962946413,0.407004116155791,0.022004904956395,0.0959196866426158
"138",0.00564032433599527,0.461925858825299,0.107163278207292,0.0411086524533221,0.184790962468535,0.199370923709558
"139",0.0909094588433561,0.154507947856098,0.0514098322081891,0.173911459100832,0.310500469101388,0.218760832890137
"140",0.203469840511532,0.132256047613539,0.126490741940515,0.152241927103854,0.123030794635112,0.262510648195448
"141",0.0863442690965619,0.262967741387824,0.45025501893329,0.0566067020827388,0.143826268499585,0
"142",0.136272341871661,0.189027724238395,0.268524678215891,0.0321773893553408,0.011624778067871,0.362373088250842
"143",0.101745506674117,0.320328996869382,0.0263286407225135,0.0599557154674932,0.033098961024715,0.458542179241779
"144",0.0277603202695856,0.0913638461691324,0.182672672280827,0.142309947250449,0.254913089121801,0.300980124908205
"145",0.155084290721159,0.149998654104268,0.080936930758878,0.143176589242648,0.133399476884177,0.33740405828887
"146",0.119687477151552,0.107766481479526,0.0936245783412254,0.133854028832552,0.236085891894741,0.308981542300404
"147",0.13433597091114,0.0376085039989815,0.428182466841507,0.0693281733701141,0.222572451552216,0.107972433326042
"148",0.0694622311037708,0.0309221542970252,0.0660626565502902,0.167195306989638,0.146768391776967,0.519589259282309
"149",0.157419305112722,0.182918499866261,0.256249191087549,0.0823470649928691,0.0920305067674146,0.229035432173185
"150",0.0213412157173554,0.212537687631728,0.237204184039521,0.220393753007657,0.129927501167353,0.178595658436386
"151",0.00315381446449925,0.384268254914323,0.365697166609732,0.0562405924293124,0.0440524500654842,0.146587721516649
"152",0.207131549431534,0.163417922205994,0.330969254203723,0.15453957602569,0.0388871822873811,0.105054515845677
"153",0.185396790897889,0.305939773855886,0.1401694529468,0.2395875583352,0.0524120513498029,0.0764943726144223
"154",0.177854409094186,0.175645533522406,0.22853294331842,0.0881025959175801,0.0853430220051778,0.244521496142229
"155",0.141674927583512,0.117961142881985,0.217346451495799,0.104128222101304,0.182790222836548,0.236099033100851
"156",0.0853644579527178,0.189924959525548,0.34412156269421,0.0825965853520753,0.246857902568739,0.0511345319067097
"157",0.117836607718963,0.0819742846072847,0.278592780237788,0.172236387604854,0.222714762164106,0.126645177667005
"158",0.154722063920845,0.118845126746738,0.309485326525218,0.257492755298406,0.0804081020283506,0.0790466254804436
"159",0.034046924281541,0.0230318613020922,0.376430557253093,0.187352879396362,0.272322646786126,0.106815130980786
"160",0.0529904600623672,0.186477223704852,0.0964974351095626,0.287064881531993,0.0784172726988905,0.298552726892334
"161",0.0624506396490767,0.0864523225757201,0.289639336909949,0.0816223999478354,0.216934154482311,0.262901146435108
"162",0.149007341110663,0.0843568412910447,0.053570061210833,0.292116249561801,0.035764529680427,0.385184977145231
"163",0.0955698720851415,0.259555255460295,0.187065905031612,0.158289147559584,0.294633991476297,0.00488582838707017
"164",0.160508281109511,0.121611341055427,0.0954176113265456,0.234782048325795,0.338194750630733,0.0494859675519887
"165",0.144268526664845,0.135853920579211,0.188526606889434,0.161981845105994,0.271554907779733,0.0978141929807826
"166",0.0142402663271921,0.0592967610369697,0.308008072855564,0.143971239692799,0.249577666922969,0.224905993164506
"167",0.122193472287039,0.213215766344063,0.266285441892516,0.235585172819071,0.0161958708842949,0.146524275773016
"168",0.200088621853813,0.27879974045585,0.323400811095798,0.0575885631004483,0.00512389707035907,0.134998366423732
"169",0.0263055265203981,0.27285659505035,0.156215846816834,0.100060614738735,0.192290697140388,0.252270719733295
"170",0.121768881128949,0.246604976858884,0.314027358809518,0.0597363060363463,0.172738649202708,0.0851238279635946
"171",0.0491333871186048,0.253596306829213,0.178641729890893,0.123662102942308,0.0760259651593574,0.318940508059624
"172",0.216380454267568,0.111313868592201,0.209466202988944,0.196708560142235,0.139249050405813,0.126881863603239
"173",0.232549581186241,0.232703609912592,0.231633030166217,0.0515046551866754,0.198567951104242,0.0530411724440325
"174",0.0603552462202756,0.0934757933016856,0.0519923525367129,0.226097811864918,0.240742724925026,0.327336071151381
"175",0.104624408173688,0.236388260784035,0.0629749646618142,0.20604667358577,0.0627821070447616,0.327183585749931
"176",0.0858543121078772,0.0597936386459991,0.157395721335418,0.203677748295316,0.301559720985793,0.191718858629596
"177",0.155667979740702,0.0250799939343219,0.361634214633525,0.130813398868121,0.248400169533396,0.0784042432899335
"178",0.165398762068249,0.0684260498619774,0.290175974496206,0.112078589477387,0.0943667175718882,0.269553906524292
"179",0.0946008175592049,0.176910278678332,0.192200235353445,0.109941841187932,0.250716486185234,0.175630341035853
"180",0.133826243023443,0.0573025343230219,0.312490256324456,0.187407277783044,0.117641421316798,0.191332267229238
"181",0.101127114998302,0.176509845767625,0.114680139168698,0.155787523088334,0.280701139149111,0.171194237827931
"182",0.0754096851170828,0.247670963294396,0.144679950207797,0.236929433701722,0.0981347576826763,0.197175209996326
"183",0.03958819949254,0.279822952942987,0.340107059764606,0.00765460545569737,0.0861482420704725,0.246678940273697
"184",0.120327610124797,0.116920184873314,0.0946832534067702,0.182362006731544,0.20975500407846,0.275951940785114
"185",0.266766184555099,0.0230672584919113,0.449177491810174,0.1887127322074,0.0631872046217744,0.00908912831364065
"186",0.109915586032118,0.0574647616630565,0.326502453738452,0.179165803030464,0.0758852351097463,0.251066160426163
"187",0.109204551077776,0.224801191134397,0.106953525795257,0.232130899246219,0.229449833527622,0.0974599992187282
"188",0.0114184250577096,0.0594023129089468,0.13967521580424,0.149770282496531,0.320785185752133,0.31894857798044
"189",0.109706085163133,0.0549271270511327,0.326550651928339,0.0935873067332832,0.170057555515534,0.245171273608579
"190",0.07145345111649,0.190905178697874,0.438364685329686,0.226960494857423,0.0273194668641274,0.0449967231343991
"191",0.103926771715142,0.209678791093352,0.271127138679068,0.150290161839305,0.0812560574431028,0.183721079230031
"192",0.134402585493845,0.0770423536366142,0.265532288537985,0.0519649636186858,0.226334336232461,0.244723472480409
"193",0.0818338409246294,0.297741663979862,0.386741801718704,0.143490214317083,0.0450082230757764,0.0451842559839451
"194",0.202501707560059,0.0502523084275793,0.360480880086582,0.251302182324263,0.0655483706574124,0.0699145509441045
"195",0.160316456392112,0.21521815473563,0.174482744247964,0.106022395331029,0.202122061711462,0.141838187581802
"196",0.0428958643684351,0.303106678601993,0.222542055279186,0.265218840939217,0.0218340357773524,0.144402525033816
"197",0.219504717487136,0.160682640099771,0.256403660838527,0.160286087726463,0.0624092246730493,0.140713669175053
"198",0.0124004398683763,0.234994771753517,0.274553772410742,0.180132042055228,0.0855092754909081,0.212409698421228
"199",0.110342210490985,0.155890825564995,0.260286880508462,0.116138451112503,0.111881114416345,0.24546051790671
"200",0.0736190151586791,0.265244076986972,0.197261393881041,0.126649926640729,0.0877898744007342,0.249435712931844
"201",0.0589100823997547,0.258049038539386,0.0743165978367531,0.223474751442282,0.214284342454163,0.17096518732766
"202",0.133810226523837,0.253945285309316,0.180008782628566,0.0194709220812039,0.139215686414701,0.273549097042376
"203",0.122982457261436,0.145448023103987,0.247140176392089,0.0847599032077933,0.181289018322987,0.218380421711707
"204",0.118284604685894,0.171574419622545,0.189188182635738,0.200887870639641,0.182378403603962,0.137686518812221
"205",0.00993079906226022,0.131773146562142,0.174029562698761,0.228897369551189,0.145691652280793,0.309677469844855
"206",0.097591536530584,0.136709328374455,0.233765094510786,0.12571449780382,0.118992258448849,0.287227284331506
"207",0.0699019382526759,0.175576426171456,0.199281789129165,0.238551581740162,0.128369532816157,0.188318731890382
"208",0.105622244833526,0.339242162426328,0.111267494619788,0.00659756401975478,0.0184285429045687,0.418841991196034
"209",0.125453387395254,0.0640733754585056,0.290769260447671,0.157702339817262,0.291143849833219,0.0708577870480881
"210",0.106782871469572,0.0772701922069381,0.297876918935926,0.158197115400428,0.214042395978914,0.145830506008223
"211",0.191195021808488,0.120350482148419,0.282946450846149,0.197356815775792,0.114806896317751,0.0933443331034012
"212",0.0851499620853845,0.0918034586207879,0.543779462569346,0.104643135260167,0.147134168128043,0.027489813336272
"213",0.13725886921387,0.0530547189097504,0.251152545008296,0.220841303922632,0.192593573746676,0.145098989198776
"214",0.130788664037375,0.126419871781989,0.299001164113091,0.150213927505554,0.184288699013698,0.109287673548292
"215",0.19684314220328,0.208891128767401,0.241078756539213,0.140704094805516,0.0966480805872608,0.115834797097329
"216",0.018083733861573,0.186952741863549,0.10574516078289,0.181218370069288,0.0174542989356952,0.490545694487005
"217",0.0806666601550221,0.145606443318906,0.139257066287863,0.266610388971925,0.100449292485698,0.267410148780586
"218",0.168523672984524,0.0834842728479518,0.12787708821186,0.159027325252302,0.240123325139573,0.22096431556379
"219",0.0561216160021231,0.0734606854993798,0.23153477056308,0.118592740646758,0.225176496626054,0.295113690662605
"220",0.00907583465499024,0.301731261436064,0.248656544396373,0.33592869304005,0.0486053654145817,0.0560023010579409
"221",0.0676476410342131,0.0904595749120064,0.36073266381572,0.215169299021697,0.108191892038343,0.157798929178022
"222",0.143039256353642,0.196393181860391,0.130232441776705,0.17247310755589,0.192927180903075,0.164934831550297
"223",0.0563196801989057,0.27684878045589,0.220653411996021,0.205401445111018,0.104773904384343,0.136002777853823
"224",0.139435907929849,0.211773970946037,0.221729244165553,0.0226034648539071,0.135466612423928,0.268990799680726
"225",0.159820580547539,0.202132091989664,0.118475814319722,0.105906119148305,0.160588554623627,0.253076839371144
"226",0.00608765363265973,0.315234823093925,0.268122678300795,0.0674895016285086,0.19475022922155,0.148315114122562
"227",0.0852317071712575,0.115962113284027,0.455533272006109,0.287650045839018,0.021859939387754,0.0337629223118342
"228",0.0331659370218478,0.225168238006125,0.247863210288281,0.0727803586344557,0.304932420978348,0.116089835070943
"229",0.00430373347181255,0.167951374931312,0.350482087966834,0.124740072291475,0.0212047855875625,0.331317945751004
"230",0.0795958146875484,0.23279065587999,0.17371699571955,0.121798454583373,0.163746369821563,0.228351709307976
"231",0.131091083976334,0.105351122183802,0.196708006200638,0.174247304579158,0.187602187882166,0.205000295177902
"232",0.195932043241377,0.312340758980288,0.0699536500279479,0.0841338852447601,0.0507696851237435,0.286869977381884
"233",0.0842975990252208,0.239519884259603,0.345397136307663,0.112853662035382,0.136308486013824,0.0816232323583072
"234",0.109111471171641,0.270444985497793,0.124662346535705,0.213114315427183,0.23033124925218,0.0523356321154981
"235",0.10850783487048,0.0681110676689925,0.271149046381471,0.119282259849358,0.0483153877517551,0.384634403477944
"236",0.0732398741972187,0.126411821998807,0.303160424953978,0.0884318803129211,0.207527914063968,0.201228084473108
"237",0.0228634931285015,0.0250028628996664,0.392187453806979,0.299412662305453,0.207188231403435,0.0533452964559644
"238",0.103152770348066,0.104389325049382,0.299075438075336,0.0319519454664709,0.18268673846653,0.278743782594216
"239",0.278739763998882,0.0936162698908546,0.204231838345063,0.0232048268121236,0.0446374695487454,0.355569831404332
"240",0.149824243208319,0.0345544777550143,0.296735777290551,0.0861204478593748,0.045272591687271,0.387492462199469
"241",0.149227160822652,0.229858161957237,0.184831370238674,0.215037824507998,0.101409179278231,0.119636303195209
"242",0.101952166272008,0.160711072023601,0.0359264975479036,0.154862118062985,0.221198038982625,0.325350107110877
"243",0.156271010249311,0.0985534763702798,0.225256532569034,0.333184830037653,0.0964125097480218,0.0903216410257002
"244",0.170104649233637,0.12621242425662,0.209892495705652,0.286177085201038,0.0750473958392236,0.132565949763828
"245",0.121752777816232,0.136895529109484,0.202292309939927,0.203422638197326,0.0331216936716951,0.302515051265336
"246",0.222862787821747,0.130638648408468,0.227459954287624,0.291498083054188,0.0692752752826098,0.0582652511453632
"247",0.0101396745827161,0.18783816324799,0.172007465838051,0.225325340515562,0.160060194264288,0.244629161551393
"248",0.0345252839156202,0.277763502683099,0,0.151465480581372,0.26125302076805,0.274992712051858
"249",0.0579664463464723,0.264416629032315,0.0832952497412899,0.195617803979746,0.0961618596034535,0.302542011296723
"250",0.0859587971482738,0.177919612037826,0.28895103298844,0.234334623142673,0.0441452591205974,0.16869067556219
"251",0.188417402903834,0.202428982249818,0.113180937532287,0.225635585742171,0.175419782315181,0.094917309256709
"252",0.0834252911764902,0.312813869519259,0.0747650663704461,0.324903075862174,0.113713531455773,0.0903791656158579
"253",0.216396360789181,0.0676691041695488,0.245898540836063,0.277933849939276,0.117481826014483,0.0746203182514492
"254",0.128536714531683,0.211498371141508,0.130985353837016,0.263810017827958,0.218725926137961,0.0464436165238743
"255",0.0361286007195276,0.116854502173099,0.371387745383907,0.108419854431831,0.0963254167645946,0.270883880527041
"256",0.164287349400599,0.0789126711095437,0.351088932981088,0.121087227016202,0.0866652111253617,0.197958608367206
"257",0.0994502379918407,0.181549373324605,0.301987719357994,0.23976868316998,0.117823679497667,0.059420306657914
"258",0.076282082585929,0.16193802117887,0.0626512643222126,0.175149638888468,0.22288660312142,0.3010923899031
"259",0.144387232873886,0.1439228607775,0.301260457819542,0.114754269994998,0.040566169398719,0.255109009135355
"260",0.0362412289802299,0.132329710691438,0.250654152409701,0.283006298905198,0.284936893308493,0.0128317157049403
"261",0.0518140744154718,0.216391244237629,0.239752145746782,0.273054884011878,0.105506016208493,0.113481635379746
"262",0.027468924948245,0.220634846820243,0.0888299938308564,0.244357752241824,0.115228577221599,0.303479904937233
"263",0.11663598434227,0.0438121975947508,0.0437911833035335,0.305308962698894,0.224032801130189,0.266418870930362
"264",0.106345343983554,0.152370423319869,0.477683366766388,0.163312157540366,0.0467340172046607,0.0535546911851621
"265",0.0248375881969976,0.270167089579566,0.24506290678433,0.29725673899316,0.0201248211005417,0.142550855345405
"266",0.0734189886685797,0.097583880186052,0.0329664299992872,0.164108811107775,0.0923895296279494,0.539532360410357
"267",0.0489569097717841,0.166439026442756,0.378475470338302,0.00604429899653905,0.00368918648065898,0.39639510796996
"268",0.0733115259827707,0.0764590406506308,0.35686626000683,0.196709039908153,0.0868053248000084,0.209848808651607
"269",0.0841092893102682,0.106266907494168,0.274487474400481,0.350758690660588,0.15391890243283,0.0304587357016656
"270",0.152823154617166,0.26336941991623,0.237991307113273,0.165489387283284,0.0577893598019848,0.122537371268063
"271",0.0806896618884652,0.233225884515862,0.297747943326128,0.210531364723696,0.093453247253354,0.0843518982924947
"272",0.13184806216221,0.127242220774318,0.267454436047961,0.286790763701553,0.121602438474978,0.0650620788389806
"273",0.161280357361743,0.109179929510674,0.166633656593607,0.0734918982571079,0.256848416335008,0.23256574194186
"274",0.119584228474595,0.227381299860529,0.21329298953376,0.212703362907464,0.216296190022395,0.0107419292012571
"275",0.148641493717196,0.106396385413014,0.287001721695149,0.249111967468179,0.0772574199924342,0.131591011714027
"276",0.0358214241790584,0.102264438526374,0.120441756830013,0.301633199173116,0.21146973756685,0.228369443724589
"277",0.00914991888421876,0.21890805135829,0.200359900591733,0.179426877845711,0.150417070081572,0.241738181238475
"278",0.164554658314944,0.0300374725788426,0.115104476486201,0.243697719973545,0.28452435404386,0.162081318602607
"279",0.14367470382677,0.0906750523664442,0.170122729450157,0.116425470564494,0.238406746262836,0.240695297529299
"280",0.0382064220966426,0.103988712123805,0.612771342060701,0.0465269491388009,0.107755054927413,0.0907515196526378
"281",0.152606622781483,0.173523755595937,0.227056601782062,0.10903905957403,0.0926303309756411,0.245143629290847
"282",0.0828407902625675,0.190439333656013,0.0229391470297273,0.182678848363773,0.178193769240821,0.342908111447098
"283",0.0638819145724726,0.0870902054557835,0.403625379437218,0.24352965187136,0.169611834226549,0.0322610144366173
"284",0.0788740106986295,0.104732331701477,0.0395781092717043,0.249458624017655,0.242743361844584,0.28461356246595
"285",0.0785312783845699,0.181238921059007,0.251821585546543,0.117471701492715,0.099742317699973,0.271194195817192
"286",0.0398697695216416,0.0404473472087285,0.354339348660682,0.163442736470119,0.267470775334503,0.134430022804327
"287",0.143949559365323,0.205815958157311,0.0674235666120008,0.0359325777345445,0.332745484627758,0.214132853503063
"288",0.134672867126042,0.174057927595505,0.121942289531966,0.133279506855915,0.153712081456742,0.282335327433829
"289",0.0987246969311968,0.100789306022082,0.121334279717255,0.450477215244593,0.141851576906579,0.0868229251782938
"290",0.157468226585598,0.0288845905569677,0.310567844990628,0.0543518442624332,0.194424558697421,0.254302934906953
"291",0.0344989192739637,0.277772194348478,0.151434402607442,0.257984585672229,0.208397479370466,0.0699124187274207
"292",0.123876413929847,0.0762070630701227,0.139646360231874,0.13223883064469,0.22073257785394,0.307298754269526
"293",0.144845388388343,0.13927062741426,0.317429083176519,0.0452081326617814,0.158707461519372,0.194539306839725
"294",0.0809259599264368,0.218059853400429,0.299339877147275,0.0367716061810128,0.0125938136164792,0.352308889728367
"295",0.141564920903969,0.222538730473221,0.429529967210253,0.0602584534003401,0.065381626937115,0.0807263010751021
"296",0.0578067845552728,0.351976044321215,0.35389015454545,0.0201760747384523,0.0793154613742482,0.136835480465362
"297",0.137063866828199,0.123093771194004,0.234573780258682,0.0932881054476975,0.288575884201566,0.123404592069851
"298",0.132492678654723,0.199369307954879,0.23776814164062,0.292319984286654,0.117796295866319,0.0202535915968054
"299",0.148559661427057,0.0431461568757915,0.263727056149519,0.0759931279537295,0.246902988125049,0.221671009468854
"300",0.145408907771063,0.211736933555146,0.342778614532812,0.0250985116361218,0.190708910840344,0.0842681216645124
"301",0.0706362376319307,0.121923723001095,0.321093825385422,0.0588106885585404,0.0581478369694452,0.369387688453567
"302",0.158851530822099,0.132484721440307,0.278016774576404,0.123080432097261,0.124904296151756,0.182662244912173
"303",0.0659764681654289,0.239763138735092,0.265994346036414,0.121690106701001,0.0496012246781757,0.256974715683889
"304",0.119060137028044,0.350402279612042,0.0659201990560425,0.271019048388663,0.0762343893379463,0.117363946577261
"305",0.0597648531386491,0.0697635855164733,0.221559115605862,0.265800717631332,0.210334953229723,0.17277677487796
"306",0.091235155776384,0.0464207219063874,0.0312262420732329,0.114919562575217,0.383254769650566,0.332943548018212
"307",0.11110888861972,0.257477345483986,0.145302501395775,0.122429120278061,0.166947713815088,0.19673443040737
"308",0.149922187237106,0.0819310467134908,0.397388858049512,0.0183752403783035,0.116192715084071,0.236189952537517
"309",0.154709352222457,0.0621649556378466,0.16331412663846,0.032300407798813,0.283343131444356,0.304168026258067
"310",0.213840676181091,0.0270835998507055,0.209059015423362,0.0947900717873146,0.121692164376524,0.333534472381003
"311",0.0809161733587265,0.238070016902422,0.123947003261274,0.145537972488911,0.169290084217627,0.24223874977104
"312",0.0762357915153487,0.162717046991984,0.180055118481016,0.115521355247156,0.299379307428229,0.166091380336266
"313",0.0487757164374297,0.196391828097183,0.223685929841407,0.0579801541489504,0.228515116030642,0.244651255444388
"314",0.122145427786815,0.230857017724688,0.212303012765297,0.1292270964805,0.108314708914373,0.197152736328327
"315",0.0270733322046478,0.183612891031719,0.132211407057556,0.228606577169947,0.155217758363984,0.273278034172146
"316",0.0307636003307209,0.0996309474960827,0.058467662420581,0.272591055748464,0.242754920686096,0.295791813318054
"317",0.035738016340441,0.323313739755327,0.00957898898385285,0.191288888173902,0.328763072354011,0.111317294392467
"318",0.0905270907004584,0.292434802675939,0.197110579701498,0.0356297653502962,0.164034696897062,0.220263064674747
"319",0.0677212872159082,0.0454891134110667,0.251882014348971,0.0304256188408332,0.26225377177064,0.342228194412581
"320",0.0834467379624934,0.216426561862829,0.105911843974118,0.248163499774804,0.202760873307134,0.143290483118622
"321",0.00115337435475154,0.206626842095725,0.370724014972684,0.266344010430916,0.0637763782893908,0.0913753798565329
"322",0.169942412158808,0.136242209879978,0.287501914902836,0.042449262163159,0.119123060328842,0.244741140566377
"323",0.108175168586794,0.0691306031440597,0.171632496520807,0.325459116087741,0.146066873334388,0.17953574232621
"324",0.179541587125461,0.188211371812457,0.0750193375296405,0.0860529724459512,0.203679541833985,0.267495189252505
"325",0.25476251543726,0.0662531349374099,0.352392228981078,0.0207015320225277,0.177849588336189,0.128041000285535
"326",0.105914490421316,0.147293904415113,0.0884432197036099,0.187468039628676,0.120408101159467,0.350472244671819
"327",0.153899373088413,0.122726450303421,0.35593527150906,0.141176759978429,0.188953892525057,0.0373082525956205
"328",0.094896551936173,0.195776498287777,0.0807378495706192,0.24722212711507,0.129985448776884,0.251381524313476
"329",0.0319080987100798,0.17985875110822,0.191382411177043,0.0901294498994437,0.242039632177174,0.264681656928039
"330",0.213238274184186,0.056247786741803,0.436211074266947,0.115869458001321,0.178433406805743,0
"331",0.0638981227664862,0.238136561063735,0.120825022044708,0.120388970945161,0.213866060511282,0.242885262668627
"332",0.0944854940462927,0.180405468721916,0.146455559970599,0.0703251198400504,0.291090918591878,0.217237438829264
"333",0,0.240723196709918,0.589855247448638,0.0280340867262523,0.116578427044531,0.0248090420706611
"334",0.0154334265766568,0.276231767292684,0.115648367174654,0.194842852062097,0.205405958485801,0.192437628408108
"335",0.079319338857488,0.297062178310394,0.0840157536627122,0.146990255415671,0.0655546294857387,0.327057844267996
"336",0.145048176893954,0.303794926491469,0.311832078395961,0.0858275797515321,0.0971470049110544,0.0563502335560293
"337",0.0507870043975494,0.0393158535018239,0.321739589970359,0.159421822500475,0.224795727257783,0.203940002372009
"338",0.157002443075786,0.0241841957986099,0.550849905631129,0.176037334303509,0.0803602950575844,0.0115658261333811
"339",0.0985375997006435,0.0164639662606079,0.432308779100862,0.232501043437966,0.0317821823756528,0.188406429124268
"340",0.000424324177844693,0.0567457813528768,0.638268016298485,0.00676717981785231,0.0572504878443792,0.240544210508562
"341",0.0412021448459917,0.287578181443068,0.00869967349622464,0.120069043498102,0.278142412725807,0.264308543990808
"342",0.048380672560293,0.253664166589648,0.0389478516827426,0.191475965282354,0.273831399747183,0.193699944137779
"343",0.103699969763895,0.0599965641513072,0.258455371945515,0.27565150865213,0.257695877225283,0.04450070826187
"344",0.165057142605307,0.115968802781933,0.0910919625067954,0.0516097547803785,0.127098392462561,0.449173944863025
"345",0.271689809506937,0.123024841386528,0.0663978389161522,0.256953162070376,0.0362539190851884,0.245680429034819
"346",0.0438541042499142,0.178988002706588,0.300717773516703,0.162288041182369,0.143129176218481,0.171022902125944
"347",0.169685335205304,0.222728005783675,0.194328634280262,0.124837490748145,0.0657072573096049,0.222713276673009
