"","neu","NK","CD4","CD8","B","mono"
"0",0.082105675746227,0.0434428902799452,0.298303961645616,0.177444853867453,0.201255483262755,0.197447135198004
"1",0.190969720652811,0.0644644059666342,0.132146262513086,0.109831635876138,0.148073721374477,0.354514253616853
"2",0.0165018373497726,0.136166757476617,0.36816543112287,0.0169197194011871,0.116120308199446,0.346125946450107
"3",0.105046319719598,0.191477543766314,0.279257933032294,0.180121500073211,0.117481974416643,0.12661472899194
"4",0.119913447395147,0.275162642499166,0.287975934157921,0.0293666590618831,0.0803109560137609,0.207270360872122
"5",0.06539978425056,0.143078980699999,0.0374299472563777,0.150881345974243,0.287680524652817,0.315529417166003
"6",0.157609913119398,0.299609495680682,0.315394109926493,0.0626643356330892,0.102257026306565,0.0624651193337731
"7",0.121643880661908,0.281956522029924,0.23601046523518,0.0616713733165752,0.14408241119374,0.154635347562673
"8",0.0478472087215261,0.194597269479703,0.287047343540881,0.136601302713028,0.0265617411129891,0.307345134431872
"9",0.0890187048689721,0.261693014613587,0.0401880807166818,0.275067935761833,0.0057452898151005,0.328286974223826
"10",0.0278735964181219,0.135496299747878,0.382103327878646,0.0753951158779453,0.053238498131245,0.325893161946164
"11",0.0367502075980193,0.277837899564409,0.329511403173529,0.176741817037942,0.179158672626101,0
"12",0.117821509030988,0.0780242475428833,0.196509579538426,0.0758626615399338,0.243000554805553,0.288781447542216
"13",0.0837158837836195,0.0565350999082039,0.366257547469928,0.136715621005866,0.31987761708986,0.0368982307425215
"14",0.0551804302762501,0.0163402999349034,0.0238326185941682,0.161018921636034,0.305062294242455,0.438565435316189
"15",0.172946029141553,0.118024052348742,0.247640546192824,0.227287101428918,0.0340959736561928,0.20000629723177
"16",0.235239299120166,0.237590972879407,0.0857412773104507,0.318094698335466,0.0341748720628376,0.0891588802916729
"17",0.181212336039637,0.148222719838893,0.292378486510973,0.031056513786398,0.197603273551521,0.149526670272577
"18",0.0874617774660744,0.190375868866519,0.156048018972937,0.155557460261427,0.188286748489429,0.222270125943613
"19",0.0458171818990449,0.239672934342974,0.184437657669722,0.178849713483697,0.228101712792735,0.123120799811827
"20",0.132242620243737,0.0139735448253767,0.408191841630667,0.0681380576761458,0.133886635670809,0.243567299953264
"21",0.0301272592724495,0.0631720842436846,0.163243445403365,0.222809827138276,0.30374761745177,0.216899766490454
"22",0.0245152409087598,0.146682307693739,0.0181247473968416,0.259498621030171,0.201934893475595,0.349244189494894
"23",0.136501337342222,0.195420233295736,0.246104683127852,0.245936215175737,0.0772198101547311,0.0988177209037219
"24",0.123891388349219,0.0367657860638012,0.215260078451502,0.201685874450362,0.212464201024941,0.209932671660174
"25",0.1240111189293,0.172394814996363,0.345988592351338,0.227377806446231,0.111995324636157,0.0182323426406106
"26",0.0466774805401488,0.216138411226625,0.100159663867595,0.187490804005245,0.194941579745521,0.254592060614865
"27",0.216449950113456,0.0792712150337022,0.213085782878268,0.166901498992576,0.184161595377582,0.140129957604416
"28",0.00376378418892307,0.159248089758259,0.279845818250739,0.187046429532757,0.242169437622284,0.127926440647038
"29",0.0799932410404188,0.237940002531598,0.203938422444306,0.134587409303984,0.160081180032284,0.183459744647409
"30",0.0970198919919414,0.175274569585508,0.186326385313192,0.184903420136418,0.350721489621243,0.00575424335169808
"31",0.0237476194728405,0.394875239253049,0.140202216590585,0.159911873802922,0.0954578127017512,0.185805238178853
"32",0.0490662486920982,0.0546391242229547,0.311434414611283,0.0525235175092681,0.205123244292068,0.327213450672327
"33",0.00215454685892805,0.054877825045815,0.260203052132299,0.241182006279021,0.0897520344267829,0.351830535257154
"34",0.188341747892924,0.245447665853482,0.164423631918022,0.150220955198983,0.0180181887381508,0.233547810398438
"35",0.0466592205390253,0.17979672169896,0.112310631126836,0.226773591521151,0.203230930898818,0.23122890421521
"36",0.222108999595569,0.0862967020687895,0.381303944489321,0.0806915199561855,0.0240617180522274,0.205537115837908
"37",0.0903977782834215,0.050771427660582,0.250725225501193,0.271544280868083,0.122731780335953,0.213829507350768
"38",0.0130201985765314,0.260448555963368,0.285266588840583,0.126943964028036,0.163109158001057,0.151211534590426
"39",0.080232610385698,0.229201766502647,0.21528540873644,0.0749354498044546,0.205733004067828,0.194611760502931
"40",0.106248264476193,0.233806829576201,0.251902708571448,0.154946101862626,0.218570666425791,0.0345254290877406
"41",0.0918382975438117,0.0495856255390395,0.211877023342778,0.237966916974017,0.359641641407143,0.0490904951932106
"42",0.229862825833257,0.281679770191727,0.0391175766651045,0.202544157564441,0.128641711473109,0.118153958272361
"43",0.102530947756438,0.265292195516214,0.121900177522441,0.19659906866858,0.304418126586978,0.00925948394934999
"44",0.134574593515826,0.183720690367503,0.16441212229074,0.0670869357934758,0.136089018993898,0.314116639038557
"45",0.0977712911687559,0.179662767226175,0.270252807400482,0.107193424159495,0.160978193280342,0.184141516764749
"46",0.148866414088486,0.0551945218757938,0.0901060937517904,0.319610152603356,0.342243054797309,0.0439797628832656
"47",0.189726506959715,0.138467221790746,0.171529349169952,0.205707300390775,0.0190438683537697,0.275525753335041
"48",0.141042589452173,0.156277347219693,0.275654399055202,0.0791471589336899,0.181964448101095,0.165914057238148
"49",0.0979032230902852,0.238702104178658,0.341040638921706,0.148174247109619,0.130417461096479,0.0437623256032528
"50",0.154937026908068,0.0636978564484445,0.222126364097084,0.128489428629159,0.247511928759507,0.183237395157737
"51",0.225853979975459,0.0711351205936997,0.0713938204386077,0.0585605472721601,0.118691062982321,0.454365468737752
"52",0.154264744063568,0.15676703444089,0.20005605810297,0.0650221548738796,0.229326043465294,0.194563965053398
"53",0.00779402834041846,0.211360914646604,0.203538535658694,0.106514993448702,0.190141616558881,0.280649911346701
"54",0.135723546857632,0.124248209417239,0.13923785235571,0.254987323073538,0.0745642501112442,0.271238818184637
"55",0.0805490078636683,0.226428920560558,0.198899893180974,0.144767723173591,0.142273131555486,0.207081323665722
"56",0.0717437440998786,0.269719634253439,0.097965648652295,0.244916016629912,0.234791136098239,0.0808638202662366
"57",0.0262444322946441,0.232034195444537,0.302519297640089,0.166401486729388,0.174354906599443,0.0984456812918985
"58",0.0174503300762353,0.303764739337983,0.0996746665632103,0.0172645093736564,0.138836371870697,0.423009382778218
"59",0.177544802955309,0.285118768525327,0.234407017096839,0.0524268568890546,0.221884746452137,0.028617808081334
"60",0.123244438699192,0.127381726145443,0.132426384805055,0.0231004718258735,0.280433743461904,0.313413235062533
"61",0.0405420990730083,0.187897682847567,0.190649339029773,0.356502519954463,0.0776256809267121,0.146782678168477
"62",0.0460326089875208,0.0810810840652429,0.255278162547137,0.156136891321561,0.266678274401531,0.194792978677007
"63",0.116988200139723,0.330163968083279,0.119805333338834,0.232463774660555,0.0292578337155876,0.171320890062021
"64",0.113749728090491,0.136356161675386,0.218398274986483,0.222134490680206,0.219777959262203,0.0895833853052311
"65",0.0934194611845597,0.353754448878643,0.283166652721086,0.00999516056774674,0.0415931269087141,0.218071149739251
"66",0.16779259229022,0.23510946847335,0.0585630445307228,0.109657163212709,0.263758097574894,0.165119633918104
"67",0.0653127845326086,0.256312701842332,0.171380172898636,0.210262722163625,0.201992204310015,0.0947394142527843
"68",0.0183988828449159,0.0845575180583063,0.218810111385744,0.0914201305170026,0.134108572354318,0.452704784839713
"69",0.070040114211131,0.134568432472804,0.322741125247031,0.0832664562559372,0.376845389381731,0.0125384824313657
"70",0.0897402215438469,0.251097008002821,0.157800076352535,0.164543764104185,0.245564180453581,0.0912547495430317
"71",0.0196584399238859,0.185159547281482,0.245840171419896,0.095619505691875,0.200155206337484,0.253567129345378
"72",0.025722548906246,0.0734502376678304,0.135872626724292,0.352199359157459,0.212296221834212,0.20045900570996
"73",0.0426251300256298,0.233481680396557,0.327772306309884,0.184780059834922,0.211340823433008,0
"74",0.0699765734328003,0.226530358941191,0.113889278138992,0.119516110307099,0.261196734937048,0.208890944242869
"75",0.0589043278953764,0.308383007836994,0.159095053999029,0.256467271586699,0.151777461309614,0.0653728773722874
"76",0.201017296378066,0.293417871317408,0.11385797591138,0.0325170323069834,0.103527276993913,0.25566254709225
"77",0.0902931270447287,0.0219648300844627,0.0808148525535586,0.132899468569577,0.28527972217776,0.388747999569913
"78",0.166068599584649,0.069812418200527,0.242576178877056,0.190468215035663,0.0860788896260188,0.244995698676086
"79",0.128955385479828,0.115065239010159,0.314955723739546,0.0950240771664246,0.172908861479765,0.173090713124276
"80",0.0813597511836721,0.229089501306172,0.192272701269987,0.214507502608103,0.0763582907605148,0.206412252871551
"81",0.198564868543628,0.0653635106648124,0.221175463482599,0.171225373664637,0.201217204478908,0.142453579165416
"82",0.0667210419318835,0.214143781967129,0.229695340007181,0.130027862831352,0.0771000867057641,0.28231188655669
"83",0.147431061288492,0.248645629584954,0.179477676160188,0.150350543458779,0.170251068606007,0.103844020901581
"84",0.130418892798049,0.142106882656917,0.174546275789925,0.270434887461494,0.0484598057170403,0.234033255576574
"85",0.0618208784271626,0.129607466777853,0.236874590737228,0.0350096330347454,0.257519272719006,0.279168158304005
"86",0.121014074841069,0.17078717262686,0.262207377515945,0.137702621805214,0.0896637100751614,0.218625043135751
"87",0.108154143655755,0.268808041344004,0.361253004293459,0.132102814512264,0.129681996194518,0
"88",0.0357802096996391,0.267251573685246,0.211025357528232,0.0611758535891403,0.15927193305669,0.265495072441052
"89",0.125794643330651,0.3181009586118,0.147070876927946,0.0405227939746732,0.0444401932771548,0.324070533877775
"90",0.112824181629587,0.242844439436317,0.0783716778560554,0.183722540836581,0.163659966987574,0.218577193253886
"91",0.162430351074863,0.424154417629057,0.0799486022793947,0.0584706415893381,0.0373626771167809,0.237633310310566
"92",0.156534967478093,0.0970513848809071,0.050489093874384,0.183108531172169,0.21494684272229,0.297869179872158
"93",0.0284717909240071,0.10117118305985,0.276651060630356,0.182827382077422,0.189426416027552,0.221452167280814
"94",0.043789757235237,0.149079810236061,0.267235695144327,0.156666185181849,0.152455406395916,0.230773145806611
"95",0,0.349056561751537,0.377982470993568,0.0490839954456498,0.118564653536783,0.105312318272462
"96",0.0262863467648046,0.0768300997388569,0.153628740054063,0.0706543009743993,0.254338627714516,0.41826188475336
"97",0.167565601104933,0.100895424142521,0.123968014453558,0.0655277437368336,0.266264278505923,0.275778938056232
"98",0.145695886791828,0.194561487256631,0.0688212039661025,0.156542032845993,0.22662782070344,0.207751568436006
"99",0.15019557894873,0.222265539558808,0.0243381754962651,0.240478576607732,0.134900909617411,0.227821219771054
"100",0.0414984020815462,0.253440813345285,0.0364524325520093,0.162832861141706,0.253401449292981,0.252374041586473
"101",0.0675489682716368,0.160513636010031,0.22990195211447,0.180633924926109,0.0640064830667512,0.297395035611002
"102",0.16384507488067,0.0740255737583939,0.261803460089658,0.441071064122885,0.0451908192273583,0.0140640079210346
"103",0.0995179647281417,0.202085108504269,0.254696738336779,0.139760029484343,0.162895633516549,0.141044525429919
"104",0.135102257617561,0.200793675128317,0.249952256509539,0.0996605115994245,0.146764451917542,0.167726847227617
"105",0.13613699473203,0.041079466801556,0.0669342431202864,0.0488305747200494,0.252733131955879,0.454285588670198
"106",0.150846018186192,0.130118215246004,0.207559504487551,0.248223307080806,0.212904155281479,0.0503487997179672
"107",0.0859678125581016,0.24193436430988,0.247519481037647,0.221763571809762,0.0302520721733475,0.172562698111261
"108",0.0948968761266684,0.221167937192722,0.13612241511462,0.0573679063595819,0.0323252269424646,0.458119638263943
"109",0.209887830277887,0.139225627571081,0.168010502969085,0.224633846000335,0.0411955682356359,0.217046624945976
"110",0.154469983263795,0.264761686751131,0.262030908358436,0.0843246320325695,0.230274020202329,0.00413876939173986
"111",0.153347075678665,0.0873502637925891,0.282340388394133,0.190956996874913,0.0667978011346334,0.219207474125066
"112",0.103980361201978,0.118258139535756,0.193564285670993,0.216100848896257,0.285973554453789,0.0821228102412272
"113",0.134643525773786,0.0572484473629207,0.224759193525402,0.0630364569913019,0.248555836054706,0.271756540291884
"114",0.0325531675113948,0.161198756243578,0.2914824187457,0.14417742910154,0.179470934905012,0.191117293492775
"115",0.019411694121266,0.0862326532941642,0.394871019279794,0.174915049878988,0.159299024362711,0.165270559063077
"116",0.105492267407933,0.162446521293191,0.170498389032353,0.0785781202786881,0.225512262515196,0.257472439472638
"117",0.0873999767889242,0.232700795356688,0.151551052482675,0.261054421781847,0.0586841919452954,0.20860956164457
"118",0.169260924852547,0.0826383017964455,0.10490903405295,0.176330038466706,0.208370801239681,0.25849089959167
"119",0.17369030626023,0.11018473110988,0.0694522558738304,0.0844651594417992,0.248649229001169,0.313558318313091
"120",0.127058863448086,0.320720944512349,0.239301108714185,0.0769138469325691,0.0822713188018642,0.153733917590947
"121",0.0594151949556515,0.102606500918567,0.374538262833649,0.029144801678814,0.127972088177241,0.306323151436078
"122",0.0776607933124447,0.21723824627836,0.370135669555278,0.0481559148501007,0.126881301065225,0.159928074938591
"123",0.00863169278523917,0.067362790087394,0.288192438066668,0.269006402130677,0.161930080802542,0.204876596127479
"124",0.154810087592605,0.146285600173793,0.151703135066684,0.237713923196459,0.0934950202529895,0.215992233717469
"125",0.0606053006019677,0.106380890690286,0.305319261594026,0.0409855172408933,0.174749924397542,0.311959105475285
"126",0.163413156872272,0.251705006892253,0.301494056514464,0.149597448064576,0.047871946779248,0.085918384877186
"127",0.101623216143129,0.0383560896580943,0.474903994945831,0.0147058366151678,0.222125841343986,0.148285021293792
"128",0.0343944475276094,0.142137262081119,0.290290530786022,0.261690464741905,0.162553307679594,0.10893398718375
"129",0.135468237682374,0.10546017919835,0.294784886721026,0.275377255041617,0.0492708427413365,0.139638598615296
"130",0.106622345698527,0.183875868945789,0.109051892445998,0.131258537727951,0.19961648964817,0.269574865533565
"131",0.122299473474827,0.185506838910335,0.420733076160935,0.112280775551305,0.146236353063616,0.0129434828389816
"132",0.082901928842287,0.219629405367037,0.229773586042454,0.152277699041254,0.227065890939893,0.0883514897670746
"133",0.0297128776634222,0.163390245362415,0.30325668334267,0.123708270417143,0.0861347998049196,0.29379712340943
"134",0.0429212549294384,0.304304291663928,0.275222942887364,0.0340442489908709,0.219971829697532,0.123535431830867
"135",0.20215468271671,0.319017614926807,0.0866527405771357,0.118026915693207,0.0479556501097153,0.226192395976425
"136",0.0292390246830572,0.0900671710582415,0.173174411072225,0.241304012517424,0.305618466094415,0.160596914574636
"137",0.0299351468012409,0.542140598389348,0.118310668341947,0.121076352432937,0.0962380721329432,0.092299161901584
"138",0.110203032327173,0.157912063748083,0.181913255472618,0.14922066183278,0.130461361749855,0.270289624869491
"139",0.0929207961900933,0.166336620460524,0.284159121865566,0.17032344699896,0.121415808130723,0.164844206354134
"140",0.120090771241327,0.186968499925754,0.128964172021182,0.190902705957567,0.201930873423223,0.171142977430948
"141",0.00740142996564665,0.361960480432933,0.130542686978599,0.14712208389762,0.136068067702275,0.216905251022927
"142",0.0728808411065088,0.0194235069856917,0.305972501395212,0.0175425320786184,0.224930791135093,0.359249827298876
"143",0.0758549994192804,0.198651373595855,0.118071511257657,0.0857536400705629,0.261349200796338,0.260319274860306
"144",0.0105145929635829,0.115244523394982,0.267802366883668,0.164274880269693,0.294052090806577,0.148111545681497
"145",0.108109341875222,0.28237817359258,0.13382020656818,0.216939388876553,0.229168557916322,0.0295843311711431
"146",0.0794584964020564,0.193351209351107,0.179666855572171,0.328313560688583,0.141812726104835,0.0773971518812478
"147",0.129394221878563,0.280314269114758,0.104779491491705,0.223104298725552,0.0479742059565452,0.214433512832878
"148",0.140410277683889,0.245493125464051,0.161066383011349,0.0813131322113062,0.176711304041573,0.195005777587832
"149",0.0965088949975548,0.0684609459321225,0.33734308380246,0.28618322162052,0.174113397921363,0.0373904557259805
"150",0.190010242578357,0.113468524548846,0.178819198317955,0.328104159208993,0.150605076785819,0.0389927985600307
"151",0.164517933857251,0.0864705891182983,0.359560613446737,0.090555222354538,0.145865955750955,0.153029685472221
"152",0.119343778993983,0.158412213661439,0.196624088594251,0.162050508654757,0.243187856950202,0.120381553145368
"153",0.159581363058814,0.134603140040356,0.398102720644469,0.0876093940671471,0.202366370593616,0.0177370115955977
"154",0.0312824246770725,0.233053363426439,0.148124388681734,0.168048353775882,0.0431198922327102,0.376371577206163
"155",0.0376792563082738,0.0566569629918489,0.321521250771422,0.187509327120794,0.163958796597315,0.232674406210347
"156",0.148314300896809,0.213057180328919,0.127513774923883,0.151081898110741,0.138621996203197,0.221410849536451
"157",0.165348778413566,0.254203994111942,0.243015873531893,0.209612362496117,0.05005980620134,0.0777591852451434
"158",0.09752947736906,0.154435381075627,0.231048910602333,0.0912684575849281,0.137144171421779,0.288573601946274
"159",0.119826496721649,0.0893941301318627,0.117814356013202,0.21648358204752,0.145309869668029,0.311171565417737
"160",0.133501483817902,0.093320727782569,0.332160022997738,0.120462592169322,0.0732800817856234,0.247275091446846
"161",0.030201560092015,0.239956458366798,0.282435853961287,0.113204561432439,0.0830196916703183,0.251181874477143
"162",0.0771624818037013,0.291845597932815,0.046775460982002,0.180650552836942,0.188103779854787,0.215462126589752
"163",0.0261598125782563,0.0874870039951478,0.4686158151509,0.0523504848342993,0.359824566495511,0.00556231694588566
"164",0.130757798854478,0.17078394918747,0.219340487730994,0.287529429072522,0.0543191934712081,0.137269141683327
"165",0.154590377895424,0.086776930222125,0.242188264586726,0.233882144927868,0.0996820783903883,0.182880203977469
"166",0.087496405659169,0.157339184698526,0.0979741957784415,0.120824365263665,0.218174436108015,0.318191412492183
"167",0.0558716142329438,0.201751242668598,0.246070903653763,0.185272090745069,0.0593944590400854,0.251639689659542
"168",0.0803203024999465,0.215160246328895,0.212508396968553,0.139300282029105,0.173520384532407,0.179190387641094
"169",0.0497906231200931,0.199027487709784,0.337374035465034,0.157221458291888,0.107588467364737,0.148997928048464
"170",0.0633001902427388,0.271593717183981,0.208633903339386,0.272425914914201,0.0394823420715078,0.144563932248186
"171",0.0778114750570315,0.261932632639425,0.196598068741446,0.0207878164190383,0.148819735707348,0.294050271435711
"172",0.122194821912976,0.286348581651025,0.118305435001818,0.0794893731738759,0.0906051997550744,0.30305658850523
"173",0.166813425968264,0.226159085069276,0.284183703756183,0.17113607019265,0.148757855031977,0.00294985998164987
"174",0.0171738065165267,0.222544854620881,0.0607421517129605,0.0828320666964436,0.350966605963195,0.265740514489993
"175",0.197685791598125,0.0831159824606283,0.114148219391105,0.192074278163677,0.135922581740587,0.277053146645877
"176",0.00130628871964954,0.0102066999853864,0.285030657691943,0.00295181573737695,0.32299559977591,0.377508938089734
"177",0.111330908904105,0.305332752547782,0.187275313570287,0.184319369846321,0.0881141179327216,0.123627537198783
"178",0.0940283279060522,0.212222310323464,0.20309763466751,0.231612218523651,0.077837218658891,0.181202289920431
"179",0.066983119139222,0.186903200960771,0.571143040683935,0,0.156867999959649,0.0181026392564234
"180",0.151380877221399,0.037769809331274,0.125332764384713,0.186586254365618,0.207240698186922,0.291689596510075
"181",0.101595326207892,0.210741164583385,0.156388192429591,0.257443185323744,0.191211400744717,0.08262073071067
"182",0.0398578270163879,0.120558653344564,0.0719058100336916,0.139473048699379,0.255286904094426,0.372917756811552
"183",0.158874972467485,0.259369148353737,0.0924314541557607,0.280282203625484,0.151767913634099,0.0572743077634346
"184",0.180517954045395,0.107003269352844,0.439519761140358,0.0533130890352464,0.101502667116066,0.118143259310091
"185",0.0355992850576958,0.227485034984156,0.0193059735080499,0.217447748180095,0.220928433597036,0.279233524672966
"186",0.0784649881719554,0.22256726097974,0.212662014740275,0.224615150842108,0.227946078120469,0.0337445071454527
"187",0.115901243402693,0.253301059785301,0.295222995195742,0.127743737321114,0.203735692083456,0.00409527221169404
"188",0.0625757823120884,0.173506939859898,0.101962370128202,0.164370988806961,0.152843299877016,0.344740619015835
"189",0.0769217290957361,0.0291509717349108,0.29100949290829,0.0065461998142335,0.0967266125187311,0.499644993928099
"190",0.122645776663656,0.107213517851042,0.183909824901859,0.490997979594265,0.0736779048158701,0.0215549961733077
"191",0.110678056607889,0.238026900924368,0.147992462178295,0.230395151745956,0.0284283465266508,0.244479082016842
"192",0.100317696327732,0.276581036097589,0.0590079240894153,0.305001837624694,0.0547191429109633,0.204372362949606
"193",0.052053378573536,0.710032956425185,0.034719962666165,0.0372187321688406,0.1340182729221,0.0319566972441734
"194",0.121058273508932,0.136754347636736,0.262477993410262,0.0543338665776682,0.137725552659848,0.287649966206553
"195",0.0373935013059738,0.308796278758285,0.19116864634091,0.0907491989000571,0.215575551516001,0.156316823178773
"196",0.0859076220672525,0.276391482160027,0.242415533637368,0.156948374714494,0.0627809740747483,0.17555601334611
"197",0.157003683812211,0.0456974143469079,0.0788868325851288,0.3023709087987,0.13333878327433,0.282702377182722
"198",0.154154080130366,0.235681248138632,0.230904837429717,0.0473402105020513,0.238618280963337,0.0933013428358959
"199",0.118109651623429,0.162112396676997,0.230821637342036,0.17551326112551,0.17752635712203,0.135916696109998
"200",0.114020006595581,0.0528890150490147,0.168538043409979,0.246210448316093,0.186335025965998,0.232007460663335
"201",0.0108905528588988,0.20674923708269,0.0925659653508785,0.162342998703951,0.252041603124713,0.275409642878868
"202",0.144367119073919,0.367739216205642,0.161632224101549,0.0689434982177352,0.0306757507816389,0.226642191619516
"203",0.0300021093549364,0.322355303203714,0.0894088730675688,0.240556502008017,0.254726653061767,0.0629505593039958
"204",0.0498391739031685,0.134903510924673,0.237206028320829,0.249640165985489,0.0401204010765769,0.288290719789264
"205",0.125896535817894,0.0434603493979392,0.25534236474119,0.103006485703741,0.365070840820193,0.107223423519043
"206",0.0620146082631427,0.15349152682772,0.154544800887754,0.201371180459063,0.0986467670576011,0.329931116504719
"207",0.129147518444551,0.108615796461714,0.208825871966862,0.08924734708072,0.212508200787435,0.251655265258718
"208",0.229136511315282,0.0309176636733599,0.157712691910236,0.361580099042847,0.109370310413981,0.111282723644295
"209",0.049037181234397,0.135781095717935,0.293827363920155,0.0694274209488838,0.173997701560331,0.277929236618299
"210",0.0646949299128005,0.194484866301996,0.475664561499676,0.0980676693864503,0.0676760355262272,0.0994119373728501
"211",0.152807168690517,0.0682676555085877,0.322225213909398,0.0690323947978951,0.191542680856622,0.19612488623698
"212",0.137209600759497,0.235328201432984,0.120516942764006,0.204902013281679,0.129642646264388,0.172400595497446
"213",0.0806415386722509,0.236602683691937,0.184023495198595,0.123908808319317,0.142114528238465,0.232708945879435
"214",0.203243488010015,0.272764957240237,0.38598082895765,0.0413306966943355,0.0199226754346051,0.0767573536631568
"215",0.1454312686667,0.170840579810327,0.187221755274715,0.0986128293206911,0.0554143207789973,0.34247924614857
"216",0.0388925988523828,0.0554730957405614,0.160920043441874,0.3112880224565,0.345297622313363,0.0881286171953185
"217",0.139630713544785,0.196113271081068,0.0675706897516807,0.283560685078929,0.1486836745289,0.164440966014637
"218",0.0306915659778998,0.062351733965537,0.0319039547502675,0.255965151024057,0.205283863788427,0.413803730493812
"219",0.00228215169105499,0.0840360785546129,0.311203837612245,0.250179075657082,0.139893997545314,0.212404858939691
"220",0.153135369326002,0.0479745133866444,0.364217820443476,0.196794016041187,0.0666680146068244,0.171210266195866
"221",0.120028139896594,0.112133440881384,0.311712358790017,0.051548841252203,0.160116562384977,0.244460656794825
"222",0.0155811032641051,0.249581720448337,0.325960727397684,0.183411852647214,0.18938508140917,0.036079514833489
"223",0.0969572747445061,0.142456027233805,0.334620379933217,0.107054326981795,0.101020389400207,0.217891601706469
"224",0.211469965201259,0.122135969709831,0.0693997530968807,0.290813841241834,0.0366187960597507,0.269561674690445
"225",0.156061588880388,0.109491238665241,0.289498685352471,0.0249744744658295,0.0868136737986251,0.333160338837445
"226",0.119715699932799,0.203431981628692,0.17180270466014,0.173535766946903,0.193363183887774,0.138150662943691
"227",0.0348344962673902,0.134376065262139,0.301896261793542,0.0751509999439363,0.0851756896273923,0.368566487105599
"228",0.0352970831399416,0.237761942173789,0.299701449005521,0.0417199385702535,0.11843278813497,0.267086798975525
"229",0.0246379429317655,0.309240050696242,0.335305782646248,0.193109102932877,0.0836353120255133,0.0540718087673539
"230",0.154602279705198,0.107817697039196,0.286110154653138,0.15801715724968,0.0945400329211085,0.198912678431678
"231",0.0685070951099408,0.0801871897021007,0.316881715020449,0.109672935276587,0.213255601807286,0.211495463083637
"232",0.0893818206040389,0.173347871876964,0.304804266832436,0.156075586534854,0.0417761744705903,0.234614279681116
"233",0.100087687509481,0.189888393054382,0.0635038861271589,0.105089255824711,0.265721243525445,0.275709533958823
"234",0.125701604268689,0.214682510252206,0.350974334511779,0.133584359316694,0.0101108183485385,0.164946373302094
"235",0.00516583842752022,0.250039314192862,0.448978534488387,0.240850643142061,0.0358737728966924,0.0190918968524774
"236",0.140110050020777,0.0577501515232829,0.0831966991916105,0.235800394179913,0.215415674251174,0.267727030833242
"237",0.132585962479435,0.130084937428043,0.391505974930099,0.0214405452031353,0.198017086771065,0.126365493188222
"238",0.0360294035269784,0.223871343817863,0.285691415512989,0.140637422811282,0.0423209688048278,0.271449445526059
"239",0.140718906116363,0.0220058029063496,0.295138186485642,0.0810156240138692,0.15838140660067,0.302740073877107
"240",0.0171860696257194,0.259892670288673,0.0482492103291451,0.12362229121093,0.31004423863143,0.241005519914103
"241",0.13408368990769,0.218127828644569,0.268588006707588,0.104817415663271,0.150409191171168,0.123973867905715
"242",0.0459503409936343,0.160922587889821,0.301435641345984,0.127766395442482,0.296606879929263,0.0673181543988148
"243",0.068082309693893,0.267597301957059,0.101869495605481,0.277424544628091,0.250732640404302,0.034293707711175
"244",0.0384765051549146,0.196057155620004,0.252374371543445,0.184761118960941,0.147933553814085,0.18039729490661
"245",0.159307192457714,0.16398726339093,0.2307342681409,0.168213341883532,0.0761411011940976,0.201616832932827
"246",0.162450050446661,0.283176270389602,0.259155325329316,0.0758559372868714,0.0645685443934054,0.154793872154144
"247",0.117895474896484,0.168146526669262,0.141476185104841,0.189203334657812,0.140999101009764,0.242279377661838
"248",0.15185608613676,0.280237612669224,0.172092005183154,0.127995546916017,0.0118191966591446,0.2559995524357
"249",0.0633326537517844,0.221423078373864,0.240791431762216,0.204639415808706,0.102426750395814,0.167386669907616
"250",0.110025203621218,0.164582653732176,0.263524599693453,0.180410431888806,0.0941838460542978,0.187273265010049
"251",0.133931553517983,0.257128460649724,0.268911040293508,0.0943188697416479,0.151068206549248,0.094641869247889
"252",0.208254691346478,0.297956551362418,0.165558653749866,0.117319224870888,0.13351742633939,0.0773934523309584
"253",0.0745404550259626,0.128271549985346,0.250738514023169,0.120132943593168,0.177533402980628,0.248783134391727
"254",0.142292902149204,0.0957587904638057,0.266548920803378,0.188198744197989,0.179248316131758,0.127952326253865
"255",0.102772524116105,0.33272336762498,0.198928200905711,0.133427330459732,0.0319535611014723,0.200195015791999
"256",0.0998338308942716,0.23347420119856,0.0986566169741683,0.266618400781307,0.0496144669527177,0.251802483198975
"257",0.0845437180021755,0.0374501068582366,0.312030220570705,0.384106052416186,0.109914982347748,0.0719549198049481
"258",0.161585039788497,0.338174402069271,0.313990315603808,0.0346309253040872,0.0459985992434898,0.105620717990847
"259",0.165254704770442,0.133404991261816,0.0891709406707509,0.222641552956883,0.267346301463887,0.122181508876221
"260",0.0893765612993525,0.4011875157448,0.0561911390765584,0.0166203645214247,0.0813055903424165,0.355318829015448
"261",0.026119614691098,0.0452617314272641,0.364369041802652,0.249346733292805,0.110211855994631,0.20469102279155
"262",0.064137720223542,0.140592779972852,0.170184699537274,0.157506539195769,0.204662824107586,0.262915436962977
"263",0.0377466329863343,0.182061338336409,0.323311638282593,0.0525552357967892,0.25750851003212,0.146816644565754
"264",0.0238662218032955,0.112772154410738,0.151661645736357,0.23337859967381,0.216561323842422,0.261760054533378
"265",0.15580593064988,0.0902989415159967,0.172216839803713,0.214579457094191,0.148458649774133,0.218640181162087
"266",0.107308022639081,0.012827742631746,0.10439793777808,0.164631077019963,0.197441918274009,0.413393301657122
"267",0.0491933133922734,0.238984532525413,0.301048393878066,0.218376223788196,0.0588715539259864,0.133525982490065
"268",0.145760861069338,0.0463973430172164,0.227703280606209,0.242453686760306,0.28744398346773,0.0502408450792007
"269",0.156154059828646,0.265709986699654,0.0801018124088544,0.115369459236605,0.249951957524173,0.132712724302068
"270",0.123734861639701,0.12617478229619,0.288540219712139,0.206371729680077,0.0962892485548718,0.158889158117022
"271",0.0741169872157636,0.252864711518863,0.0238110024045486,0.39192680073782,0.0827329018625872,0.174547596260418
"272",0.00715698282724313,0.240610056613019,0.159292474328977,0.0408135943048623,0.225696420395993,0.326430471529905
"273",0.136076676771682,0.123712483647983,0.187211163165845,0.127856175758821,0.186646031670323,0.238497468985347
"274",0.192779140216751,0.0256865155175246,0.0693717797007962,0.323886191113359,0.0327953639101416,0.355481009541428
"275",0.024501670607454,0.147924876873665,0.322469282603825,0.0821315001328069,0.177144906237636,0.245827763544613
"276",0.0698439026986138,0.0817876468988985,0.248409640320772,0.307305226939135,0.0700553238887093,0.222598259253871
"277",0.0543564139820948,0.232512289627448,0.30762121879458,0.0195011895704635,0.234259444845671,0.151749443179742
"278",0.176457261535696,0.119533849550493,0.248303957687938,0.0255056895286746,0.192427799455639,0.237771442241559
"279",0.153117901828727,0.0704952408687631,0.338393008875207,0.167062298276474,0.114890831608548,0.156040718542281
"280",0.185002434726813,0.185122722195094,0.230511199295723,0.0329460956951986,0.244430688277671,0.121986859809501
"281",0.203665411276592,0.11050427668501,0.460496845958206,0.0601103782773646,0.0851343298446754,0.0800887579581515
"282",0.0567114706862193,0.167557208185064,0.24841879370104,0.230700543737123,0.0867667999890046,0.209845183701549
"283",0.186325614188293,0.0344441492337808,0.188394724766194,0.20361652262854,0.119201427569043,0.268017561614149
"284",0.135265808362027,0.308196409549662,0.0762137589450392,0.135186756918462,0.0572623406180505,0.287874925606759
"285",0.0567063115252738,0.155794241742861,0.265708240409429,0.128245603047547,0.253935210524258,0.13961039275063
"286",0.0829487838152586,0.112583305931825,0.206508323069347,0.214914329216788,0.15184080511538,0.231204452851402
"287",0.10624047869281,0.186754801649886,0.199831396915555,0.101815618054349,0.22272128330563,0.18263642138177
"288",0.00821590635300807,0.165044698293237,0.209557727677301,0.0553760933665172,0.272097657117659,0.289707917192278
"289",0.0991161419571134,0.180199183305784,0.342934402651524,0.11477601499195,0.262974257093629,0
"290",0.17464875327275,0.0636143573042915,0.089439397826847,0.127377068574196,0.276366800110817,0.268553622911098
"291",0.137733946156701,0.0245750537717704,0.23990263379375,0.224139420505239,0.229054484054176,0.144594461718364
"292",0.143612875231789,0.309914147507941,0.119641623379752,0.275546502086997,0.125241540010994,0.0260433117825272
"293",0.0216642100734531,0.0477830818667745,0.341874872926258,0.319470796206446,0.0314096599310851,0.237797378995983
"294",0.0917817882707701,0.338174365233538,0.119767124570823,0.0402650588818066,0.160531609220639,0.249480053822424
"295",0.169648655431758,0.0450717686066569,0.310803485146628,0.337375350571527,0.124756689681879,0.0123440505615526
"296",0.138103052334927,0.0729261663935108,0.142737207210324,0.217917926871667,0.160343956865446,0.267971690324125
"297",0.0383717455746532,0.121226155875177,0.216313470678664,0.342521521046392,0.225435160678544,0.0561319461465705
"298",0.103727594175556,0.245864549426754,0.123006684334009,0.0438863960761629,0.18259192939776,0.300922846589758
"299",0.0943132032946112,0.0742977950836013,0.292346188831115,0.0310302836531219,0.412092788752229,0.0959197403853218
"300",0.0850813847632297,0.105877400424745,0.0958957075339503,0.248149491489947,0.171499042784994,0.293496973003134
"301",0.156086061693845,0.261899223434963,0.0845090310478506,0.202542869320367,0.135684368149709,0.159278446353266
"302",0.014719034522876,0.281404483048334,0.278218440485916,0.099237885371832,0.266656211551618,0.0597639450194241
"303",0.147968544572579,0.0479909509445875,0.363345771774958,0.351430522706708,0.0407634450853203,0.0485007649158466
"304",0.140016251623353,0.189666404893266,0.279139438502523,0.0203548138937649,0.241645889795617,0.129177201291476
"305",0.158069334400946,0.279846012850825,0.30011482148587,0.141844803529274,0.0573616654310102,0.0627633623020745
"306",0.201010667964734,0.0591702614852863,0.108644701964087,0.350455335293051,0.0938891207205031,0.186829912572338
"307",0.0960485887391174,0.165740816979403,0.27085340817937,0.10451822422022,0.0606546307755221,0.302184331106367
"308",0.0476266656241019,0.168250827390021,0.0636514803523604,0.20428833469356,0.277730072668058,0.238452619271898
"309",0.0958702885653967,0.238433421820168,0.294304091149312,0.0674175447457768,0.0657528852802694,0.238221768439077
"310",0.0459216533950121,0.0950179137950934,0.0695325425198225,0.0683072972755598,0.335198077484578,0.386022515529934
"311",0.0749593701784262,0.118604564034749,0.138932756127939,0.223082511596568,0.393289816685977,0.0511309813763414
"312",0.00291696374455514,0.261070605927139,0.10934642814927,0.117805702696072,0.226935012968532,0.281925286514432
"313",0.099816543657045,0.0660602592380139,0.45468049971508,0.106231091856089,0.0447891568103969,0.228422448723375
"314",0.119890851876016,0.0674432504583897,0.162599673220711,0.166060560225197,0.250461717681476,0.23354394653821
"315",0.122149465626831,0.212952392497843,0.281401344922817,0.196807303032542,0.060664769291597,0.126024724628369
"316",0.0607021227391555,0.197288078606916,0.263344965646493,0.224486304992389,0.0586127148366972,0.19556581317835
"317",0.0775790332876549,0.178262785106628,0.48318914017503,0.138577018545413,0.0958874314575193,0.0265045914277551
"318",0.00545938670580912,0.16739717156488,0.232289709307111,0.171197260228641,0.332478311334537,0.0911781608590224
"319",0.148201179623414,0.147150217825145,0.184779441565399,0.239208788537375,0.0533352867176665,0.227325085731
"320",0.176738435916118,0.193779106767768,0.0483660220800757,0.0456010907048641,0.0823573238033463,0.453158020727827
"321",0.0621672607865189,0.235088566211742,0.300859806686435,0.123845964965369,0.18603743753724,0.0920009638126952
"322",0.1492612492536,0.237801227210782,0.133161527983087,0.0424831554458436,0.301129853740102,0.136162986366585
"323",0.0544784161073819,0.258785344901359,0.16165718884285,0.303316826451559,0.198704051433385,0.0230581722634645
"324",0.244352228311971,0.121178851477602,0.0757347268393146,0.0415143447215619,0.0971214009505184,0.420098447699032
"325",0.0996414703982249,0.208299234409403,0.0173584768352483,0.0863615496756151,0.255681235791282,0.332658032890227
"326",0.0124691982598815,0.134192224354604,0.291483414133124,0.14191759692017,0.130233744379959,0.289703821952261
"327",0.0329937489137764,0.0647584902336973,0.325701834083154,0.08455427295024,0.342810723885533,0.149180929933598
"328",0.0836698630470347,0.0575853846449464,0.161806397372366,0.298309221580485,0.134578966415962,0.264050166939206
"329",0.0887890316860791,0.255029983989792,0.020561660854978,0.18663770897389,0.147577159999698,0.301404454495563
"330",0.117340962087674,0.174862280321572,0.0794781840940214,0.0955126701332968,0.170634943263895,0.362170960099541
"331",0.128062367467849,0.272124669759174,0.221564333532448,0.0320656837608385,0.203401166694793,0.142781778784898
"332",0.00933376578738959,0.164792074475081,0.244797185921397,0.101272637587405,0.255801323076245,0.224003013152483
"333",0.201510574066507,0.119544530323879,0.324477684710416,0.180767756219322,0.114924652981081,0.0587748016987956
"334",0.0192712334202514,0.186481441230541,0.292046028158643,0.179878713772461,0.131854026685062,0.190468556733042
"335",0.110486144859678,0.129252928690709,0.286767726717437,0.234547949073542,0.0420585054988038,0.19688674515983
"336",0.00380853514037062,0.164532351416172,0.104330523044122,0.237912209047005,0.15285439073883,0.336561990613501
"337",0.193334176800204,0.0242702320775464,0.301300576257027,0.0966606586759129,0.078498683979848,0.305935672209462
"338",0.0255369686844498,0.289790273806924,0.264451566512273,0.0837801400589828,0.23251730071393,0.103923750223441
"339",0.18066369269525,0.117588268939112,0.185844406951669,0.307764221371371,0.187246458467434,0.0208929515751641
"340",0.132122799254395,0.312910249007041,0.16876594518686,0.02625708223039,0.0481840472973521,0.311759877023962
"341",0.0805924614111651,0.196392228978813,0.188719075342381,0.190924060304931,0.110293747865024,0.233078426097686
"342",0.157063004193417,0.216615228153722,0.102382449173107,0.0478784955144003,0.0963768717123749,0.379683951252979
"343",0.202034569582003,0.112416954918105,0.143831575650242,0.203124683759733,0.315997707528539,0.0225945085613776
"344",0.0467399133146585,0.0698021965887899,0.36200705929042,0.325479982576189,0.195731123026164,0.000239725203778086
"345",0.0748475707017674,0.134729386685158,0.177779604019985,0.300983925504238,0.012268172272158,0.299391340816692
"346",0.16340089040649,0.238414303739176,0.197171712069852,0.184037813217824,0.187527357514283,0.0294479230523752
"347",0.123323482016479,0.16959763255948,0.230249324002697,0.0474547903624766,0.26806418480296,0.161310586255909
