"","neu","NK","CD4","CD8","B","mono"
"0",0.15586704758977,0.0621190924578089,0.155828561364012,0.233209933560057,0.152790331252192,0.24018503377616
"1",0.0373636025718367,0.150091682311388,0.180905766112859,0.412964770061568,0.132740138036713,0.0859340409056356
"2",0.155430039208915,0.100761375025659,0.397424429511432,0.246181937979255,0.0934748526049064,0.00672736566983271
"3",0.134381219353178,0.142535588436534,0.159859985504751,0.235094672098076,0.23672740118343,0.0914011334240307
"4",0.100017511355517,0.19563890664991,0.158700435309449,0.251465794594238,0.0681287475614743,0.226048604529412
"5",0.125189286744724,0.283011235850861,0.115914652734413,0.125824347784141,0.266377289107565,0.0836831877782959
"6",0.157394475841622,0.214561864610327,0.104831068787303,0.255928429891799,0.236676549270742,0.0306076115982069
"7",0.0296942905812226,0.186865546266074,0.0684377793793242,0.226185194752871,0.239180724001993,0.249636465018515
"8",0.125015236630251,0.234206079022658,0.397135201950449,0.0321951947545156,0.133937189233007,0.077511098409119
"9",0.128162966600187,0.227625850832464,0.161088598403893,0.0471217504768428,0.195103911042055,0.240896922644558
"10",0.123797313658922,0.0984886071777928,0.203488905723523,0.279739617944884,0.0157525440899803,0.278733011404897
"11",0.0885444661409795,0.268501646871885,0.180087150740744,0.182001365095485,0.185629746845681,0.0952356243052241
"12",0.0329864546715712,0.175644775819043,0.338014990323759,0.190619281447343,0.180675917765791,0.0820585799724923
"13",0.137640905665081,0.354610881108687,0.107608209807315,0.274873710259873,0.0949534546559711,0.0303128385030733
"14",0.0246776174982498,0.174906285370997,0.253869569726123,0.229347892914087,0.0691591022728617,0.248039532217682
"15",0.0791685000535698,0.162568644008251,0.0720049381983765,0.353215045747623,0.207155488436376,0.125887383555804
"16",0.0770476193400637,0.0589184598970956,0.272543906455271,0.210592221199006,0.0121059490662954,0.368791844042269
"17",0.058437346441787,0.0331082155631688,0.227544600607629,0.194127249960606,0.204254201921852,0.282528385504956
"18",0.13040975034135,0.194347307231562,0.162067793118208,0.111268474483186,0.218705582266788,0.183201092558905
"19",0.174748563744282,0.234986539991356,0.165595619974386,0.165438531304216,0.209192728083184,0.0500380169025755
"20",0.0918735760756792,0.0819397564373116,0.224115681414063,0.0304515090959458,0.2636021122186,0.3080173647584
"21",0.183338910133476,0.0542029986896338,0.162511812409861,0.261665322603023,0.265379155822966,0.0729018003410403
"22",0.0962187244681653,0.276477141260445,0.380778636640643,0.153761000071861,0.02261015640539,0.0701543411534959
"23",0.0715079380860373,0.230363307396672,0.0884125100366733,0.158044382207793,0.328174641228917,0.123497221043907
"24",0.212262705529077,0.0603169538046065,0.115008173468591,0.355547727177295,0.0690944515115923,0.187769988508838
"25",0.12342856006347,0.0087178957400761,0.382132839461588,0.0746126517562261,0.272045249944563,0.139062803034077
"26",0.127541323665634,0.0499740085150062,0.0522062428646025,0.25483241666458,0.232528382006332,0.282917626283846
"27",0.0701016500376171,0.0832066939160001,0.234499558700251,0.152984783727399,0.186925186304872,0.272282127313861
"28",0.01503440166008,0.329955902762099,0.0710538335006525,0.213679853437556,0.110207165226919,0.260068843412694
"29",0.00466887826222845,0.1978557461309,0.186340589855171,0.285124665447603,0.169201585358841,0.156808534945257
"30",0.128612596021668,0.172685191793034,0.211237636914114,0.01443001445705,0.244883782009912,0.228150778804221
"31",0.15238483657356,0.241490389541255,0.22353823042789,0.101180173490724,0.0743352184832104,0.20707115148336
"32",0.0663924087987593,0.114001075579574,0.246654362559115,0.222367240842402,0.253367705811675,0.0972172064084751
"33",0.164743279477,0.0572295489640885,0.161756546770453,0.288600054786114,0.196164253549524,0.131506316452821
"34",0.106754525617626,0.0319250981425553,0.402563118046729,0.0183842628313459,0.117222146733416,0.323150848628328
"35",0.145806940642662,0.220781441614979,0.250140748522688,0.0713932035602568,0.0920464031037584,0.219831262555656
"36",0.0466191703082465,0.289932579107171,0.0667220252159632,0.335560782558454,0.0648956546206449,0.19626978818952
"37",0.115817560180323,0.211154051690866,0.28401641606107,0.0504484958925745,0.180183598424034,0.158379877751133
"38",0.203945816152404,0.104716972376398,0.30358380834384,0.234326995039713,0.116091877290613,0.0373345307970324
"39",0.0327542589237313,0.0600487151877176,0.226564055565394,0.274632858032963,0.132070289603791,0.273929822686402
"40",0.1325578157229,0.3205805088673,0.307021734872227,0.131198113325549,0.108641827212024,0
"41",0.0596287671847144,0.0662432790770227,0.179530575659341,0.250184000397641,0.21384284794023,0.23057052974105
"42",0.0950019080687919,0.278938700248605,0.165961454075212,0.311962899967016,0.100587023620911,0.0475480140194637
"43",0.236995812065638,0.243156188083587,0.118382355216394,0.0437358319679697,0.0531355214712278,0.304594291195183
"44",0.0981754896741048,0.204399881552221,0.229491431170443,0.147200681358913,0.102667007165519,0.2180655090788
"45",0.0742684730152573,0.180701805655922,0.246833708667858,0.170713255717844,0.0833229383757003,0.24415981856742
"46",0.0440744215793998,0.0206299935092406,0.357007098631976,0.25143296377797,0.0666347061051636,0.26022081639625
"47",0.0831383186358369,0.142921816037628,0.0810339189897071,0.0592034556845,0.363693151138177,0.27000933951415
"48",0.144103499983091,0.0495715414930448,0.293420113423825,0.199487477594497,0.272376523292923,0.0410408442126191
"49",0.125844771106653,0.220003215562719,0.159280859010663,0.26271607186172,0.189061832922985,0.0430932495352593
"50",0.105553811529024,0.116452919231019,0.244986106824679,0.0978628552994062,0.185338133575978,0.249806173539894
"51",0.140295593597623,0.196073652461979,0.344662009746562,0.0973403996987912,0.0935750661470109,0.128053278348035
"52",0.05073430438685,0.200133195729094,0.141581031523043,0.0628330553075336,0.273132915812226,0.271585497241253
"53",0.138302654488027,0.130724146804194,0.220512669872888,0.0945064180994606,0.301397257557397,0.114556853178034
"54",0.0246779378124487,0.194889102368448,0.134667936073261,0.0283645660980495,0.550637344996782,0.066763112651011
"55",0.117424364001953,0.123776576151799,0.123501082999061,0.332683601210913,0.255019031671961,0.047595343964314
"56",0.00235168754947943,0.0396141362701938,0.494400890698702,0.310107898972774,0.153525386508851,0
"57",0.16595499921169,0.183234818900301,0.179459786111258,0.0977370036639408,0.160851396277288,0.212761995835522
"58",0.102289518847773,0.367715305782922,0.253505383827378,0.209550906163001,0.0124827997222893,0.0544560856566365
"59",0.0929863106961024,0.152084140358353,0.214535723978179,0.220320789197794,0.0499321505146177,0.270140885254954
"60",0.152037178802886,0.022935899480702,0.209486958214375,0.0123273356718855,0.216439377842593,0.386773249987558
"61",0.125042657601121,0.15556496943226,0.217811464333729,0.190501839342706,0.146895188395223,0.164183880894961
"62",0.107605231718396,0.37476567958027,0.0670255922485634,0.0300142548294573,0.0427421507277345,0.377847090895579
"63",0.0973163043250151,0.225715726423851,0.230274899532899,0.0346300311858091,0.210173262488362,0.201889776044064
"64",0.0183174877905208,0.168650308946782,0.391492387980896,0.0987647480502404,0.199404505053435,0.123370562178126
"65",0.0993895519715968,0.0561044143144744,0.353719171091682,0.12350353566595,0.287227859185415,0.0800554677708821
"66",0.102515810161237,0.107387162107689,0.0802539616173927,0.169553489573348,0.245490208234637,0.294799368305696
"67",0.0719385927797497,0.0388669418182586,0.286425186135511,0.218735629170041,0.234103881465648,0.149929768630791
"68",0.0321284741901758,0.143669334708697,0.221714526449491,0.166235566611692,0.146394704297355,0.28985739374259
"69",0.0317073691326519,0.216627710255754,0.280088998358766,0.0602871166117597,0.255725986953637,0.155562818687431
"70",0.0857154122271814,0.203079938146735,0.139731604197159,0.163523148563875,0.065222709030133,0.342727187834918
"71",0.0990393485217423,0.263708739532405,0.186232181146636,0.185228102130834,0.104404605424396,0.161387023243986
"72",0.088523082025193,0.164914959608914,0.247897827057875,0.220326777976963,0.131312349389131,0.147025003941924
"73",0.0843614368324825,0.163586302895376,0.378689747048718,0.118583667781729,0.0691956574064941,0.1855831880352
"74",0.110220034758488,0.252733869396864,0.23565024153265,0.253528085685168,0.0866493298868052,0.061218438740025
"75",0.106651490540632,0.0981656313764029,0.251487475755947,0.322105386743715,0.0777784906090588,0.143811524974244
"76",0.119170159364393,0.113194085232515,0.201879445582423,0.175729502501456,0.214714909766376,0.175311897552837
"77",0.0759938938516415,0.421798291165475,0.0489608971930767,0.224359054746972,0.103858551463927,0.125029311578908
"78",0.0544469747149742,0.252228353971682,0.286134073629934,0.0478082967811009,0.193201965829285,0.166180335073024
"79",0.098926963353006,0.192011099105212,0.252784947797474,0.123000385162554,0.170722924352643,0.162553680229111
"80",0.0698777961952346,0.13943019730545,0.179258660409856,0.199929299416126,0.168507241493072,0.242996805180261
"81",0.0845998147395716,0.175593336510094,0.459820137907704,0.17298675402543,0.093338639672613,0.0136613171445871
"82",0.13320218316083,0.140267459287164,0.395952148189891,0.112944228489954,0.0987023907394826,0.118931590132678
"83",0.195599782513657,0.0443202318552933,0.237666705010203,0.0631265624532399,0.147765539337643,0.311521178829963
"84",0.12765373478226,0.0572386790758269,0.303652363725247,0.268261041786152,0.235988630949005,0.00720554968150951
"85",0.0200046359667948,0.238826074375766,0.343427420157437,0.0714454928767323,0.294169779346943,0.032126597276327
"86",0.127764234059826,0.15354590050536,0.266162727114279,0.0502294287619324,0.180575794365406,0.221721915193197
"87",0.0226038703520023,0.0966932567215094,0.369960162096408,0.209166552948362,0.257654015696424,0.0439221421852935
"88",0.169455234623414,0.161245156616217,0.117142920504781,0.101656179187063,0.284614627031006,0.165885882037518
"89",0.196355389530504,0.202703062200465,0.0532408572183268,0.0247434160415212,0.161578956192099,0.361378318817084
"90",0.146442691577273,0.334409733773423,0.208837119773561,0.0455050851403216,0.172938434475133,0.0918669352602884
"91",0.18581632466098,0.189346275704874,0.256127075959718,0.13371787128036,0.186503611739235,0.048488840654834
"92",0.036523341922981,0.0866535171923544,0.407046429581454,0.00929423190723053,0.346212306961534,0.114270172434446
"93",0.0275934255878479,0.302696246890515,0.0488304984337384,0.20595913348217,0.138072309257272,0.276848386348458
"94",0.0923638444053137,0.115836471419519,0.30827511186908,0.124376895070833,0.24785060382169,0.111297073413565
"95",0.103581734540419,0.186808074413614,0.105016568153685,0.274654357226121,0.271148020806474,0.058791244859687
"96",0.0244217639954617,0.100868271513939,0.2267077822241,0.157545386831298,0.353272697278028,0.137184098157174
"97",0.175329360467878,0.150249911372288,0.168403318006804,0.369370370639829,0.0443149285503982,0.0923321109628028
"98",0.0193023805582757,0.0104243343141637,0.311183604812244,0.247171207196995,0.328036079949831,0.0838823931684906
"99",0.0729883840910539,0.185067536943702,0.244600217047619,0.235554211840434,0.0155342446069406,0.246255405470251
"100",0.0102037860492114,0.298739469264764,0.105817275507431,0.10099879560156,0.365956882909707,0.118283790667327
"101",0.081460098108307,0.15598954753774,0.185095802845207,0.0904194261115169,0.238593498668104,0.248441626729125
"102",0.107274392349367,0.185485669014091,0.0772080928591635,0.214052988966253,0.180554741695352,0.235424115115774
"103",0.00597156216649049,0.220997861593466,0.298010993506513,0.12599430446114,0.0673746522125871,0.281650626059804
"104",0.0281496025644564,0.21291149570825,0.275886524277419,0.0561290125995125,0.409024288075399,0.0178990767749628
"105",0.120118699353688,0.00726400759857373,0.382586265416602,0.110881062096945,0.065966911750126,0.313183053784065
"106",0.1091543195723,0.480436271721386,0.347192676309989,0.0207925986863129,0.0237464552872388,0.018677678422773
"107",0.0345936200229839,0.0823805308169088,0.179727146644599,0.275264271628975,0.1562758042963,0.271758626590234
"108",0.0186904862789175,0.100933293306675,0.378713586190171,0.106687983678298,0.18061965527983,0.21435499526611
"109",0.0786055076861756,0.129762596961514,0.307174056812458,0.0504425511631748,0.181376350365857,0.252638937010821
"110",0.0241616656053592,0.206635212853624,0.462654976758615,0.0735907284467177,0.232957416335684,0
"111",0.0374162993060538,0.344983712878563,0.19800329971595,0.119067976063835,0.138585826234184,0.161942885801414
"112",0.135882754242994,0.114780496157558,0.182760662497589,0.265964583068588,0.10607729375823,0.194534210275041
"113",0.148464600437224,0.0208359685593872,0.294997837880672,0.299490283111908,0.0762856285292512,0.159925681481558
"114",0.0636613012758406,0.223243826454494,0.15055019590154,0.21013563189241,0.190881360150855,0.16152768432486
"115",0.110654467061005,0.0850636023990506,0.261646285038581,0.11592274409096,0.207554640062168,0.219158261348235
"116",0.150580801394974,0.19736205737244,0.182802225112202,0.0935854896131937,0.325020488445789,0.0506489380614011
"117",0.169549835370952,0.0665703931604065,0.43363261782788,0.0520118419968674,0.21935265720945,0.058882654434444
"118",0.040529350393559,0.468222185463677,0.207217450249314,0.0476514516855954,0.145476149126599,0.0909034130812558
"119",0.128989793299182,0.204568535150092,0.264604493144476,0.122270840862892,0.128034606981829,0.151531730561529
"120",0.0318910268888336,0.328881105792422,0.119985578785652,0.271669320909389,0.0169703192269273,0.230602648396776
"121",0.0750928299723447,0.220184019678375,0.299643709407311,0.130341275008872,0.229695447675688,0.0450427182574088
"122",0.124381702700877,0.164694231963429,0.137361573966209,0.075421053612543,0.20437922289064,0.293762214866301
"123",0.0210094580351979,0.121602219350891,0.191764749541676,0.375614433916271,0.205818688149706,0.0841904510062587
"124",0.140744668331968,0.115246324358368,0.334953920020938,0.0497500291458853,0.20016766545937,0.159137392683471
"125",0.0280261180663381,0.294042672710381,0.0664783603136263,0.132184043353354,0.25755894503416,0.221709860522141
"126",0.15889113715482,0.111562363600285,0.392679717157892,0.162508871386502,0.152116036032099,0.0222418746684015
"127",0.1671696411036,0.0320781797721732,0.344082689518634,0.262431941450659,0.0429653417420535,0.15127220641288
"128",0.0878141460506254,0.16166559595274,0.313067805979352,0.140030272390907,0.216477735146713,0.080944444479662
"129",0.130051202613392,0.117772289544237,0.107839105462692,0.0412619324757951,0.253802819062764,0.349272650841121
"130",0.113136514508649,0.302227192825929,0.0868835919564383,0.215072849147467,0.111749731173709,0.170930120387808
"131",0.0971818562893581,0.133901648082578,0.0158628872761571,0.279003430844132,0.184628444908345,0.28942173259943
"132",0.0276896453451138,0.149417192184984,0.024790183295745,0.351710466834506,0.316291928101632,0.13010058423802
"133",0.135859938726392,0.0723315828137362,0.0762568886186738,0.0571993415615077,0.239025817983692,0.419326430295998
"134",0.0688202365589879,0.0952510794326571,0.149271890036275,0.352122719535357,0.258201343025788,0.0763327314109353
"135",0.066229766539425,0.173714229109526,0.262107010374694,0.165763300722817,0.0228587830216267,0.309326910231911
"136",0.1047056809653,0.268714094857403,0.314131521635181,0.0952979292212658,0.208260601398441,0.00889017192240925
"137",0.138523298999482,0.136779035823537,0.116100433582655,0.175978811143852,0.211392863738847,0.221225556711627
"138",0.0761380924465711,0.2164027067149,0.136738513429634,0.234909636326386,0.0800452861812538,0.255765764901255
"139",0.105714672697371,0.14311913769779,0.288659028267511,0.181180547178871,0.162683442208998,0.11864317194946
"140",0.136495762480417,0.196893652151985,0.248412168704103,0.108306234015174,0.21949808006462,0.0903941025837016
"141",0.0918702022318587,0.310380926087811,0.244908460459621,0.158133382732404,0.142589340937261,0.0521176875510438
"142",0.176099181295067,0.239030096234021,0.0981857523282548,0.146854105206388,0.0442619446580097,0.295568920278259
"143",0.0520117482823614,0.245768626580033,0.379373677421298,0.0805952926734276,0.0649032739040856,0.177347381138795
"144",0.0975034481812658,0.151174903433348,0.303718323122081,0.0550441792645413,0.187954904354561,0.204604241644204
"145",0.0950899027138316,0.125893536250282,0.13935379288916,0.23393520956742,0.139715399908775,0.266012158670532
"146",0.148688295443195,0.0963303854227739,0.0848875219236649,0.168255495664879,0.151092827203181,0.350745474342306
"147",0.0339566538337989,0.115573309294459,0.346611807897876,0.0148491626556102,0.475317328321509,0.0136917379967471
"148",0.12612408388936,0.207281008495273,0.193586476566432,0.294413802966258,0.0901343376993619,0.0884602903833156
"149",0.113684647321361,0.183698981152015,0.0946043436875689,0.258992043504257,0.0568844549841379,0.29213552935066
"150",0.157879571184865,0.183168579906035,0.233839291499809,0.062070391149357,0.0917492758593488,0.271292890400585
"151",0.0425126389859826,0.352689037792172,0.171123934808317,0.145361412929297,0.0397762243466954,0.248536751137536
"152",0.0331569290463249,0.24175249634169,0.147639976174187,0.151560361613076,0.215729611950315,0.210160624874407
"153",0.0697642673762395,0.0937615680939889,0.347204039035562,0.13525026879542,0.267600228165086,0.0864196285337042
"154",0.0376032684476706,0.128764678544088,0.161160182593668,0.285172273752147,0.227745480284164,0.159554116378262
"155",0.145650074503232,0.262681184165582,0.308907879595949,0.0818821133068866,0.172486351814807,0.0283923966135438
"156",0.148629187682862,0.105211178023195,0.217281932197587,0.27469924674772,0.0810941434817406,0.173084311866896
"157",0.174144030983206,0.208915726595798,0.0877431399257612,0.188426688009827,0.140656850969221,0.200113563516186
"158",0.210326808207994,0.127212800216484,0.27617396310014,0.270966548818482,0.0503732570989748,0.0649466225579262
"159",0.163228675369294,0.238108021862578,0.31146482753956,0.0342802879329039,0.101301866618986,0.151616320676678
"160",0.247888476597645,0.0432782627320026,0.20007890620422,0.176682209213603,0.209093185627166,0.122978959625363
"161",0,0.281200709438164,0.252320394946527,0.0376890709835444,0.127500056468348,0.301289768163416
"162",0.138887113826877,0.17083592528362,0.331329717730485,0.116780180097896,0.0827791018136965,0.159387961247424
"163",0.0825270791063937,0.426964412996588,0.256236207487843,0.0552043419766305,0.0324031442729084,0.146664814159637
"164",0.119266223368056,0.0308946165355011,0.314056452126555,0.255926847541457,0.183641295057476,0.0962145653709559
"165",0.0333133593693823,0.145820457712386,0.406742051639182,0.164562441289483,0.249561689989567,0
"166",0.0107569735119177,0.214318750285015,0.170736931950551,0.23254318927892,0.219791093479143,0.151853061494453
"167",0.019470711515501,0.247825931748969,0.234934511791474,0.138115989943362,0.155210764397924,0.20444209060277
"168",0.220034715998404,0.228001220581532,0.237696747953418,0.0398470807858956,0.123468087113038,0.150952147567713
"169",0.172641424117937,0.248023638929527,0.259623744594835,0.228795065391805,0.030486848778428,0.0604292781874685
"170",0.0274755196515644,0.221303982853008,0.164872025786532,0.224939919227522,0.151949405260622,0.209459147220752
"171",0.135839308824523,0.206681612950069,0.22559361291168,0.10489645151822,0.187253420416148,0.13973559337936
"172",0.114696699170623,0.242800757536459,0.258284801596944,0.0188113541535896,0.174339625424237,0.191066762118147
"173",0.1650503605341,0.166880474433359,0.298138850554932,0.0604908662333576,0.164497177275145,0.144942270969107
"174",0.162853233310875,0.182605229418137,0.313826312205842,0.0330331283937966,0.0910106039998014,0.216671492671548
"175",0.0545395067284721,0.321075572925639,0.11430876666454,0.178160667476902,0.0135498404132628,0.318365645791184
"176",0.0385234708733468,0.151301756649838,0.130117266008324,0.175983318890474,0.190486774678115,0.313587412899902
"177",0.118823428497857,0.160739610761914,0.380274920911154,0.0129858978378707,0.119139614102953,0.208036527888252
"178",0.0179532425795559,0.198688205330364,0.431853637501664,0.147823758641918,0.1319847547869,0.071696401159598
"179",0.132130693422042,0.147786209414445,0.180674904433522,0.215170631939403,0.188641804698883,0.135595756091706
"180",0.0162603365029978,0.264907956232668,0.162937888484369,0.168996335583126,0.285272601513664,0.101624881683176
"181",0.143110826937995,0.232709218884726,0.0829804640488037,0.235130788809392,0.0854627779773613,0.220605923341722
"182",0.0315560231743594,0.210246414545708,0.29436675075894,0.248119964698435,0.0402696489712383,0.175441197851319
"183",0.121570083375186,0.338220143926872,0.228152757430082,0.13115249049149,0.0765090253364627,0.104395499439907
"184",0.15509813811467,0.0588249988994194,0.357383851473931,0.159128065450422,0.253821422603556,0.0157435234580017
"185",0.165068057637109,0.106292514356893,0.146051664737193,0.0720893434750824,0.14196077533986,0.368537644453862
"186",0.0594901013974904,0.3443566406477,0.0590327195138428,0.317035717640853,0.111544282362343,0.108540538437771
"187",0.073812307112233,0.0400072024429905,0.270236849539739,0.257175324027769,0.0685100013577957,0.290258315519473
"188",0.168340712602239,0.195645319456238,0.0417575188435809,0.0968311122172007,0.244731256010286,0.252694080870456
"189",0.162663446849615,0.17694410773614,0.171272868273164,0.232222905907826,0.209310248981173,0.0475864222520821
"190",0.0282117800047376,0.0704139646262707,0.244064849009402,0.17578767189404,0.21086773237213,0.270654002093419
"191",0.0281846751749058,0.283207481508092,0.274948900219164,0.0273147579435882,0.0942040075756565,0.292140177578594
"192",0.0906308480217619,0.0222653052068971,0.345529896786438,0.114730067089718,0.0777759683884239,0.349067914506761
"193",0.123393917702892,0.174622843563712,0.264797014315201,0.0933961582868627,0.182336494402865,0.161453571728467
"194",0.174726421913696,0.135693203464431,0.192470016399111,0.0361483443372138,0.432789879165313,0.028172134720235
"195",0.221374052576874,0.113989313319698,0.182849670948737,0.173206233241773,0.0977171457657084,0.210863584147209
"196",0.127579888293225,0.170071221960122,0.345170232466056,0.232319523995335,0.0561473684925941,0.0687117647926689
"197",0.16701192804291,0.217754158800487,0.0869353389421101,0.0771808437776941,0.240327669679466,0.210790060757333
"198",0.0858447675957594,0.114402617977039,0.143539961883597,0.258725367967382,0.277353110297734,0.120134174278489
"199",0.141763597008326,0.0604734981126228,0.320187517556858,0.102774387322756,0.213906544290244,0.160894455709194
"200",0.0972012838360514,0.22824934696163,0.221026482503354,0.0877185222312379,0.12385932768393,0.241945036783797
"201",0.0879424487451528,0.225666195041052,0.0567479769239175,0.0824406314760828,0.238667858502955,0.30853488931084
"202",0.00654414341694427,0.271700323623511,0.267661341344015,0.111437891268131,0.121947431275011,0.220708869072387
"203",0.116505716447695,0.166977595887303,0.239581931553109,0.177108213296547,0.0960768196688163,0.203749723146531
"204",0.0403694164773868,0.101643488934985,0.249650072742405,0.175315449176621,0.200088823332161,0.23293274933644
"205",0.167696176430693,0.121450312391494,0.163474750651037,0.272885070832091,0.019447964230894,0.255045725463792
"206",0.0404993225853949,0.245846069363283,0.0602332482130398,0.0994787131627811,0.249232957952963,0.304709688722538
"207",0.219935579101444,0.234609693618678,0.0910553957948913,0.145748986728642,0.0172685852292752,0.29138175952707
"208",0.0744852656333271,0.0210085787757302,0.287923961697937,0.12554604702836,0.217074547659749,0.273961599204897
"209",0.0259564198149693,0.272667448771882,0.122164454194764,0.0355934065339729,0.255527211586252,0.288091059098161
"210",0.115520990093146,0.180646155490486,0.274205646466402,0.148679206631887,0.0548523049373307,0.226095696380748
"211",0.131954344080624,0.00818369503892095,0.346130642935025,0.21158943104123,0.253924479743747,0.0482174071604538
"212",0.0890280911669372,0.286678890343871,0.20256406879113,0.236227234957945,0.177357623445287,0.00814409129483004
"213",0.131981621805508,0.227362036446514,0.0998483515825836,0.193707971732142,0.193009574099924,0.154090444333328
"214",0.104402345183457,0.265021894875268,0.0490050318585006,0.1944505948712,0.0452284706693093,0.341891662542265
"215",0.0144953002280082,0.203223070457681,0.166034127612338,0.176276695867097,0.172281638318859,0.267689167516016
"216",0.159440643996731,0.181519119984007,0.0578440427626844,0.0286751815627361,0.176871684236316,0.395649327457526
"217",0.0755135245191308,0.121823096519735,0.317994735178263,0.0922180768350197,0.299158311121984,0.0932922558258674
"218",0.017157056498219,0.208027387473131,0.336308638012607,0.0498388342373341,0.161698368052352,0.226969715726357
"219",0.0775139244876346,0.154318774712987,0.323796867247658,0.145773288357503,0.0235247026770593,0.275072442517158
"220",0.119535627663654,0.0393092026921252,0.171527635247793,0.061069185438212,0.367948883135829,0.240609465822386
"221",0.131519489879402,0.291783905682771,0.126289917805887,0.162536928779843,0.197145602484549,0.0907241553675476
"222",0.0571329259624063,0.0977576936974408,0.334040018076632,0.185407962944164,0.158590300004676,0.167071099314682
"223",0.102347174733936,0.236961220675908,0.2142375043198,0.0386678765756339,0.11457516624937,0.293211057445352
"224",0.343847484970063,0.237794100297748,0.215001808568651,0.116176481517452,0.0648461055024737,0.0223340191436122
"225",0.267744299796605,0.286689522686577,0.138789186373325,0.0461809162398186,0.0457153910791528,0.214880683824522
"226",0.150958545038167,0.140088719074183,0.412527042887266,0.196282237996686,0.0599716606632287,0.0401717943404697
"227",0.103075782706425,0.273745858414089,0.137582450476712,0.0185313673253163,0.173418216087722,0.293646324989735
"228",0.0413541124632769,0.078547363475132,0.329505235628335,0.28918508941447,0.208987122891119,0.0524210761276673
"229",0.167024036900685,0.293830849327224,0.136360412816489,0.27561869146003,0.0337166523251034,0.0934493571704682
"230",0.146130396641676,0.0204991605558869,0.378159855516217,0.0515236573237554,0.20371415857716,0.199972771385305
"231",0.0164009715114138,0.27403896687044,0.310879958901248,0.132809706806186,0.000161242541098018,0.265709153369615
"232",0.175541870135993,0.184788185270026,0.352020339049458,0.0457486671297379,0.155904092843979,0.0859968455708053
"233",0.138562896927881,0.100733953282266,0.203094118837612,0.273262922146082,0.212180708246005,0.0721654005601531
"234",0.186806206749051,0.191006188870076,0.144861809455668,0.248435847312033,0.165932945366878,0.0629570022462932
"235",0.136322364940793,0.128655300750232,0.249676809359911,0.186246970919683,0.106194062970351,0.19290449105903
"236",0.144051367500715,0.0647388866352506,0.250884394285881,0.188986481210273,0.207399746297704,0.143939124070176
"237",0.119323318736113,0.135068187455355,0.200210192579384,0.195219123840891,0.201162153456077,0.14901702393218
"238",0.0791377146045424,0.255393375990213,0.253867906310667,0.149690616351368,0.060514089523469,0.201396297219741
"239",0.1780293729065,0.119513281858754,0.198432405681658,0.214944042530496,0.0594723128251687,0.229608584197423
"240",0.128406190380262,0.281889586184339,0.0203326596476851,0.057067346472681,0.140061764320862,0.37224245299417
"241",0.0550597011747335,0.3267800473295,0.17568024224617,0.0870790958346408,0.184705366647995,0.170695546766962
"242",0.0623444477455139,0.213509119643054,0.234010718845476,0.117772252571676,0.217908918245351,0.15445454294893
"243",0.161374067721605,0.149158035625905,0.262078238400367,0.0193195732916652,0.371339149942289,0.0367309350181686
"244",0.316990129514176,0.219704110137079,0.0918812065003833,0.26590825642536,0.0316354815609186,0.0738808158620835
"245",0.0103562107359098,0.146380570247524,0.237351775991482,0.301054747710527,0.115348896305776,0.189507799008781
"246",0.0954677947911221,0.0839973242627933,0.133413293781069,0.046585535558737,0.356636881872943,0.283899169733336
"247",0.0421732947665553,0.434647204372395,0.0906179905323563,0.0907374862423108,0.101585241671336,0.240238782415047
"248",0.0219683690466859,0.154197631956398,0.281374463247285,0.262998719776345,0.11185399411996,0.167606821853326
"249",0.11646124903957,0.147798963904299,0.147870138922379,0.222795875109107,0.333694754597694,0.0313790184269515
"250",0.145311589494592,0.199002589116432,0.226715849029029,0.146987031731896,0.0440620337374836,0.237920906890568
"251",0.114907907427338,0.125289466011503,0.245140658710138,0.250599216093365,0.244060908870326,0.0200018428873301
"252",0.222287933977098,0.0785359333192356,0.184704429805301,0.0750598873256103,0.276986153080824,0.162425662491931
"253",0.135530037743717,0.201601658854821,0.162795570965098,0.0826892044170793,0.186998873422573,0.230384654596712
"254",0.0376481930247684,0.180527608870822,0.0699255785165471,0.216728851495514,0.00238736810490264,0.492782399987446
"255",0.0234313938326612,0.119998565635926,0.103072974211768,0.0612641559930609,0.441953084739722,0.250279825586863
"256",0.152273649985843,0.239885614423362,0.176796153616187,0.0871086444979414,0.133012788705716,0.210923148770951
"257",0.180586726456861,0.0350183897666068,0.103268166176984,0.287198149948503,0.126252262398327,0.267676305252718
"258",0.18101776738139,0.0294840328064079,0.115593236628211,0.148150132287247,0.274457122982205,0.251297707914539
"259",0.127694653262758,0.0719660009159471,0.168909892232703,0.229954488102218,0.239018699100568,0.162456266385806
"260",0.141635832159325,0.0992650997104866,0.246302925447958,0.216641921449801,0.0704875593010858,0.225666661931344
"261",0.163501906623951,0.0351755872431105,0.130756967438823,0.247728111861066,0.154211390191936,0.268626036641114
"262",0.0208894548888701,0.317726957096909,0.0316919165825101,0.0769950342172024,0.233677150866833,0.319019486347676
"263",0.00843764914633835,0.0970169815033533,0.201137098262997,0.0187955190894566,3.51112830516047e-05,0.674577640714803
"264",0.0617402279410206,0.0825840157311184,0.398038897737661,0.270836429903653,0.0464658704919035,0.140334558194643
"265",0.102402095778265,0.213807746364718,0.0549443949456495,0.232735990763892,0.199894701615085,0.196215070532392
"266",0.0164816729751644,0.118014592500565,0.188413953341549,0.206339785651889,0.200671423607958,0.270078571922875
"267",0.232388388124889,0.094621789025565,0.0936010245727641,0.0947320019524283,0.373032265613265,0.111624530711088
"268",0.0166296806777244,0.0309458631270577,0.211620251508582,0.267066974614632,0.181580294313192,0.292156935758811
"269",0.142518581844432,0.224057321853536,0.131109436892013,0.206037806533484,0.0936057570913338,0.2026710957852
"270",0.100677371046505,0.331133668255332,0.0582305106552516,0.196328159511672,0.17266699554623,0.140963294985009
"271",0.173155664025702,0.113932014207071,0.507162366065193,0.158493611825593,0.0472563438764414,0
"272",0.172425923130425,0.217570373925692,0.232510300655903,0.220039921674184,0.0872858926679235,0.0701675879458715
"273",0.218982563894725,0.0882998425822557,0.312190443191813,0.203162205261519,0.0488983962477078,0.128466548821979
"274",0.0835388921271929,0.112647355520745,0.0491525982580862,0.144785512721551,0.269918537236006,0.339957104136419
"275",0.103192649903942,0.199776424049432,0.238312603622643,0.088702353290676,0.142526154235787,0.227489814897519
"276",0.0307098378751937,0.151996846768392,0.291445801606969,0.334508684380067,0.138111691596544,0.0532271377728337
"277",0.101889720113782,0.141031312385325,0.249727470216418,0.252015624511682,0.205599184883904,0.0497366878888892
"278",0.0417086733579201,0.0498590764574603,0.435253525673534,0.219352938963343,0.0205544482256391,0.233271337322103
"279",0.164258739718658,0.12344576480634,0.150856981109603,0.272980388018019,0.252812215580614,0.0356459107667663
"280",0.133183572970128,0.209864306093965,0.198650495172525,0.155699333575439,0.037830168235398,0.264772123952545
"281",0.117252592985072,0.0854337974377037,0.386672603055316,0.0761599377448613,0.00591549189762914,0.328565576879419
"282",0.110759131906198,0.357359667978711,0.0649189259742255,0.200649543238743,0.0727406713461578,0.193572059555965
"283",0.153024509153398,0.079868941659662,0.286238401853787,0.0493524971646232,0.213882234105399,0.217633416063132
"284",0.111821006852808,0.228406903318412,0.069008063726102,0.170022450799623,0.139744948981073,0.280996626321982
"285",0.104494345496531,0.20162493984118,0.211416306796781,0.0318957466464059,0.262195808821513,0.188372852397588
"286",0.0216817067378639,0.10325390465999,0.16181142865382,0.197723650286336,0.204320389327336,0.311208920334655
"287",0.0650351622644312,0.0642224370046956,0.16195126828609,0.261437956509103,0.149899578903858,0.297453597031822
"288",0.071064197813468,0.056203251115637,0.116193014572736,0.25126590671618,0.149472492203503,0.355801137578476
"289",0.14811484746817,0.25259146836335,0.245584315061311,0.191368669210568,0.059162038911866,0.103178660984735
"290",0.129343474479048,0.214673373188806,0.184811222561054,0.120808466388103,0.18167401603353,0.168689447349459
"291",0.133490009952536,0.0198617611515922,0.310335364965523,0.0609870002776293,0.225379646603878,0.249946217048842
"292",0.0963495292878702,0.286476365399872,0.250197588892402,0.0934273221883049,0.0610712786298188,0.212477915601733
"293",0.0726592822248504,0.183292582767923,0.209191603580772,0.250502358969237,0.208752086851454,0.0756020856057633
"294",0.0569284653646874,0.315328749676921,0.0336106448439733,0.12841308718856,0.140042493813594,0.325676559112264
"295",0.0108421998155707,0.206057501336284,0.163599118211816,0.195551474228149,0.275113311690682,0.148836394717498
"296",0.0101166030298424,9.36632022603599e-05,0.297431613507395,0.263351047045453,0.172499586421327,0.256507486793723
"297",0.0296222189744965,0.132083149184634,0.183516460086883,0.225094979215302,0.217891131510201,0.211792061028485
"298",0.139001943290983,0.1456796704064,0.308284113244366,0.00822913674696002,0.175190006646088,0.223615129665203
"299",0.0310614594899127,0.235723148136284,0.381796489621761,0.158836282083507,0.17024537604752,0.0223372446210148
"300",0.0904666612114391,0.0263635286134063,0.218728556757327,0.0959116994075331,0.408019564793462,0.160509989216832
"301",0.12942355168677,0.144283747156763,0.276357595671261,0.182399289157139,0.137602823244224,0.129932993083843
"302",0.181600701536596,0.238945249116466,0.233276305380854,0.116400752699015,0.0453068563344801,0.184470134932589
"303",0.0165595937124129,0.178006799656152,0.0882032763491449,0.22277742485289,0.208948901786984,0.285504003642417
"304",0.164380004779468,0.271791846447302,0.150896033374468,0.0869753959529675,0.101461212773333,0.224495506672461
"305",0.0859452036735049,0.257181298088859,0.0785451842707254,0.285470184814943,0.169314547933384,0.123543581218583
"306",0.0744660559437085,0.150255612894768,0.13696855951794,0.111582074863997,0.239833441375933,0.286894255403653
"307",0.13603809874646,0.195466972639301,0.29569025311546,0.184537358670052,0.147009009238471,0.041258307590256
"308",0.143827721176165,0.0563234736129323,0.138375884109028,0.120312762474693,0.287109102897955,0.254051055729227
"309",0.162021176710577,0.198762982164604,0.0579492080266977,0.120532320295772,0.203203792553313,0.257530520249036
"310",0.0924338047738707,0.275408498471097,0.106376300539127,0.272571401478308,0.221171058121662,0.0320389366159355
"311",0.110057814671588,0.0467808929870163,0.125377255964921,0.00919425729840325,0.240954165900463,0.467635613177609
"312",0.139081360358665,0.111160225026891,0.318860007983207,0.0660227218091374,0.17588954170937,0.188986143112729
"313",0.0279135469580124,0.192464572177584,0.232772061718163,0.209368717369687,0.216088338324774,0.121392763451779
"314",0.0641277549464876,0.170686980860969,0.107726293724265,0.266561375846033,0.118298368378759,0.272599226243487
"315",0.292466424705731,0.127605596258244,0.0943155203557303,0.147248163424415,0.184282953191812,0.154081342064067
"316",0.07247970779929,0.11793343051438,0.214802346605657,0.272237905848452,0.239452563297308,0.0830940459349129
"317",0.061550497124907,0.0131825704940683,0.330179657185026,0.124922284005914,0.174887088949529,0.295277902240555
"318",0.100511657098095,0.151589319718674,0.333555060793407,0.0320629572132168,0.0815551858004506,0.300725819376156
"319",0.197318113783408,0.367302675741607,0.0865824420907606,0.105494308686646,0.0867619802067566,0.156540479490823
"320",0.147550901109857,0.159070253322665,0.17844783045763,0.215794596618786,0.0454938198454381,0.253642598645623
"321",0.116063270911533,0.093198981341874,0.300676448611747,0.121057437282609,0.107850477502543,0.261153384349693
"322",0.0603720986158667,0.249757257686598,0.161719739758403,0.269608755293859,0.181271589388005,0.0772705592572686
"323",0.00824052135319188,0.243746365677202,0.296125436378152,0.160489276445662,0.182165158240669,0.109233241905122
"324",0.112614015017277,0.00909988387129402,0.176571686985978,0.0772436930048549,0.318028717218772,0.306442003901824
"325",0.0714884946670286,0.220781622288182,0.181418285931838,0.224406029932728,0.189876124156032,0.112029443024192
"326",0.115016094903504,0.280087958435119,0.0672952865219697,0.225689144288944,0.206986388559043,0.10492512729142
"327",0.140784219983789,0.132119153592129,0.310348667321322,0.11875428765733,0.150977930617016,0.147015740828414
"328",0.0618738605043165,0.385380801646647,0.15960197085458,0.155628459792514,0.0908182816976969,0.146696625504245
"329",0.150440899398492,0.149253215175374,0.230965270995205,0.239935336981926,0.149767738712795,0.0796375387362086
"330",0.0254473834829512,0.23160335340591,0.33386274816961,0.154827370811248,0.146507273673319,0.107751870456962
"331",0.165035945297465,0.113802779302228,0.119974409255585,0.289711788612097,0.178024710474635,0.133450367057989
"332",0.151658967731154,0.138553513368551,0.0988759552883182,0.326462892770112,0.0963201033149418,0.188128567526923
"333",0.0698625463961996,0.0405208238615029,0.0521955311747485,0.304209025758011,0.281476987832788,0.25173508497675
"334",0.100236076980708,0.231624226768901,0.0690908599403125,0.145340646109955,0.17079266135309,0.282915528847034
"335",0.0111497059748784,0.0650334416056624,0,0.226813326913208,0.133113934430244,0.563889591076008
"336",0.135968025257624,0.0867940417943746,0.29145962520246,0.199900564578872,0.120367619079139,0.165510124087529
"337",0.132908114967196,0.186001144191222,0.202493488971754,0.219357244991545,0.176928803366742,0.082311203511541
"338",0.0750119941503805,0.247105938003878,0.3429778120379,0.0154227951345528,0.0209247446841444,0.298556715989145
"339",0.0643055269653281,0.255611961822214,0.190679929242775,0.210381093478384,0.170066225739589,0.108955262751709
"340",0.038908890419095,0.185189642657647,0.263438919486178,0.217089094100129,0.0949024566218365,0.200470996715114
"341",0.0648337432622072,0.00649888430963493,0.320047354943312,0.273473610744715,0.195888058990914,0.139258347749217
"342",0.100619829348992,0.132574216961346,0.134175810379155,0.244704229663071,0.152510691955501,0.235415221691936
"343",0.0116767670788796,0.0700358763233938,0.22600537013535,0.46622130281157,0.0571066202517912,0.168954063399015
"344",0.111304007709564,0.0402835166632097,0.253536857385561,0.175606967101775,0.139442292662414,0.279826358477476
"345",0.0890879166959652,0.280556627643986,0.434843980185005,0.0628758767626439,0.114752919995978,0.017882678716422
"346",0.141530341949749,0.199833892169964,0.340809997721944,0.187507835303665,0.117075958748115,0.0132419741065629
"347",0.173338803606472,0.154372734930232,0.12988453962036,0.0634156480193694,0.272658180060051,0.206330093763515
"348",0.151121487037969,0.191019577968149,0.332772955022176,0.128657450961058,0.0569105581282722,0.139517970882376
