"","neu","NK","CD4","CD8","B","mono"
"0",0.124713218388137,0.202733210891418,0.161048097294094,0.169864124634317,0.192291437333118,0.149349911458916
"1",0.0945451391304208,0.0953712144787464,0.0734836242848916,0.290242002750483,0.114741686063463,0.331616333291996
"2",0.118773900267657,0.0774937338034723,0.254543420414924,0.214839622315377,0.137701824806927,0.196647498391643
"3",0.123522271262316,0.19290780991205,0.143818153269829,0.071294044932141,0.209017656596689,0.259440064026975
"4",0.0848770741125375,0.252603496488628,0.194870230004292,0.202165271415208,0.043876000901654,0.221607927077681
"5",0.0532797874724835,0.187007588326376,0.119740288719985,0.208295475218048,0.218157781264853,0.213519078998254
"6",0.0588431649530535,0.215869020582102,0.231782426268045,0.261867841552143,0.125170261366603,0.106467285278054
"7",0.181549575419926,0.398715194282649,0.147350865053765,0.0813206311486737,0.026865193252344,0.164198540842643
"8",0.107663041698213,0.172795206788437,0.104956254664901,0.191775065698423,0.172264108897342,0.250546322252683
"9",0.00429887392130732,0.0957149833669109,0.240413543392915,0.238796539075882,0.218169973720367,0.202606086522617
"10",0.181614043385629,0.0381748164900429,0.282372629582924,0.274783688874006,0.205910322490632,0.0171444991767664
"11",0.0766706796521386,0.268143417444388,0.181485477868442,0.313158795945817,0.0729719543876219,0.0875696747015927
"12",0.0729385132025382,0.0513307690187102,0.115968291410557,0.0640181846337236,0.159158381227898,0.536585860506573
"13",0.129640118185837,0.265686731729137,0.150459158629177,0.167633172142572,0.132022449352672,0.154558369960606
"14",0.0436619681636557,0.026643022624765,0.143101232590369,0.250001859965648,0.32518696380252,0.211404952853042
"15",0.0729907347271641,0.15426000351602,0.365229467647603,0.157347047884975,0.0955991373031484,0.15457360892109
"16",0.14538481212273,0.0233408382536963,0.236474530566855,0.266755883987457,0.262452842850262,0.065591092219
"17",0.0431032336681249,0.0269246844380875,0.118822549674336,0.220222498610754,0.314788584827021,0.276138448781677
"18",0.110648522834146,0.200669103496265,0.242894716001782,0.136322553264858,0.144569021689673,0.164896082713276
"19",0.0451897377344177,0.0950983699497915,0.316909196153891,0.375989864099144,0.0241038850227599,0.142708947039997
"20",0.204569013851753,0.0621813832761939,0.0546908664068607,0.0733125167058999,0.292696860209256,0.312549359550037
"21",0.144691408224704,0.0894409082160925,0.183665436039719,0.220948260602974,0.262179789304802,0.0990741976117093
"22",0.258639810019654,0.104733635924606,0.139185068163923,0.0396779917328171,0.268626073395784,0.189137420763216
"23",0.0638918062551891,0.226985469661924,0.191588879156202,0.0714896392857737,0.336325268584634,0.109718937056278
"24",0.158198917829296,0.252173132489496,0.329958370164126,0.037998720956242,0.210830973528748,0.0108398850320909
"25",0.100928870479943,0.158352626429354,0.166530483913937,0.244262615321597,0.149575648281179,0.18034975557399
"26",0.0282414987023258,0.137728706344886,0.208721626367092,0.240315822660092,0.170603637517528,0.214388708408077
"27",0.115775815930666,0.310626900022678,0.297786136232447,0.163301249317594,0.0824569350804891,0.0300529634161267
"28",0.0400197513656813,0.273801877552268,0.212191681692623,0.364034304882772,0.0503226680490906,0.0596297164575651
"29",0.146810398844855,0.155973574356837,0.311149845581039,0.131292808220924,0.0836809172778761,0.171092455718469
"30",0.118504833396454,0.134406120828176,0.255013759751436,0.0998844254137901,0.293165695680484,0.09902516492966
"31",0.169157514811413,0.129915181240348,0.156128069549487,0.171910811975197,0.236372750391394,0.136515672032161
"32",0.16257902142296,0.139248933032178,0.222899387901173,0.257210130403281,0.18727340948923,0.0307891177511773
"33",0.0626109667156124,0.0518512798947799,0.371456508497585,0.179659761678088,0.154062380665642,0.180359102548293
"34",0.0117510972273126,0.302401730395277,0.15297499255074,0.0656439257135499,0.147941335088865,0.319286919024256
"35",0.0741797360580747,0.0185744380085794,0.283935858329424,0.187010206284811,0.108303618815592,0.327996142503519
"36",0.135016058718177,0.30047351139796,0.199475447739258,0.0843112544983058,0.182562400530253,0.0981613271160462
"37",0.293629677819236,0,0.401699388543593,0.0207915584247817,0.216864900901292,0.067014474311097
"38",0.00581555501087715,0.290614207729592,0.316413056003068,0.0794107435444833,0.180058712782769,0.127687724929211
"39",0.0135670411233613,0.234631247766569,0.0688269691584547,0.117873335466698,0.175314129438698,0.389787277046219
"40",0.141979772932783,0.206757498963118,0.292808678928221,0.109767937210387,0.197200991772943,0.0514851201925479
"41",0.153556096455168,0.0438195409555001,0.279109339794757,0.242490169206465,0.0348889392152185,0.246135914372891
"42",0.0502846195294964,0.292494659429721,0.280893777154705,0,0.040268534685137,0.33605840920094
"43",0.0410745049454746,0.134769366213657,0.140685468861399,0.162712705795189,0.282448928301818,0.238309025882463
"44",0.0279410282505902,0.233753677994863,0.0825156313712591,0.171627703388498,0.229087089123906,0.255074869870885
"45",0.042270396273531,0.244242049810904,0.3038026871063,0.060394242674725,0.173596089884412,0.175694534250128
"46",0.103855872375103,0.102129579085389,0.235338007102287,0.118044762518441,0.169326413996715,0.271305364922064
"47",0.102762213500393,0.198664272590132,0.380965002490679,0.179190527743272,0.138417983675524,0
"48",0.156066569242105,0.215208253712876,0.181281136335484,0.276702470521745,0.14599934164252,0.0247422285452705
"49",0.069623498046619,0.349835850267987,0.124079843831662,0.166902022711219,0.197074002031006,0.0924847831115072
"50",0.0875086890487208,0.225176712957818,0.442508200086057,0.0186639559115308,0.226142441995874,0
"51",0.084606342226487,0.196858953360239,0.214951657483079,0.0590812329014196,0.15861040349633,0.285891410532446
"52",0.00925625449008223,0.0835744026618925,0.27680773014006,0.176967048481877,0.185996650774835,0.267397913451253
"53",0.135982209307889,0.309642132288165,0.246656546081026,0.1758186100252,0.124557865177494,0.00734263712022586
"54",0.0855240095510681,0.238706783705075,0.240009210013662,0.0390309919618998,0.223604194619924,0.173124810148371
"55",0.123923262472727,0.181807047648434,0.334975132720117,0.221023381041785,0.119734625278745,0.0185365508381915
"56",0.0418629446865693,0.0731527845083538,0.226274705015189,0.283194481025337,0.240425022096319,0.135090062668231
"57",0.113826966934766,0.240855297912636,0.310992234252251,0.129715038380723,0.0312223232422611,0.173388139277363
"58",0.0290980136111788,0.137436961636427,0.263804756016027,0.263143638830045,0.158271529013799,0.148245100892522
"59",0.129172189840569,0.0659437260070054,0.211343590682829,0.207245448692166,0.0745734133827835,0.311721631394648
"60",0.0352103200178542,0.177671015420789,0.0955415409024761,0.139721066077433,0.304711350825331,0.247144706756117
"61",0.0863224638864707,0.124356681873114,0.353830598400149,0.0496598199524671,0.277040612596326,0.108789823291473
"62",0.0674207956036541,0.150355173708182,0.143110510216976,0.273075134048611,0.313752418357376,0.052285968065202
"63",0.0219612788887753,0.142140341718033,0.182367351323924,0.236610264133085,0.13331766461444,0.283603099321742
"64",0.121845163662874,0.270954305770235,0.259198713375064,0.0431033455257864,0.171879178397478,0.133019293268562
"65",0.0973963054561006,0.213664632540837,0.260566398560257,0.0346085353604587,0.201546088690459,0.192218039391887
"66",0.102939305525045,0.159939826370621,0.214387195639642,0.383811317905242,0.0985854384334102,0.0403369161260395
"67",0.161763619095246,0.207275046127094,0.220607679150935,0.232187224059567,0.0872266400826428,0.0909397914845154
"68",0.0660459592449847,0.171299938873846,0.0141635971336527,0.196228118204957,0.214236821412403,0.338025565130157
"69",0.117863066542064,0.0231812336676621,0.296546617416002,0.221173841394498,0.204130450767293,0.137104790212481
"70",0.195688063866986,0.156401962911608,0.0752863914172039,0.0769167602087071,0.0939748609508044,0.401731960644691
"71",0.1348263633749,0.124827112270682,0.276301175258651,0.203511298586406,0.0254848955638479,0.235049154945513
"72",0.133451946705118,0.178206286764289,0.247958684543413,0.217383254161047,0.0149850011867775,0.208014826639356
"73",0.124178813208512,0.057864127110742,0.284522756794995,0.247340787175832,0.101261052402491,0.184832463307429
"74",0.0090532418130791,0.179592343919869,0.232141378088598,0.196788068264059,0.186690914277802,0.195734053636593
"75",0.08923989126898,0.269846668302619,0.0566437963598375,0.173572580652945,0.189868713565422,0.220828349850196
"76",0.0387109990116372,0.114471510757003,0.176580309530119,0.263170432262676,0.0219586781288207,0.385108070309744
"77",0.0273124151295727,0.223885606452838,0.170528252504734,0.222452816919287,0.12936496328734,0.226455945706229
"78",0.0999947352147263,0.192161428871985,0.257223196659458,0.0915885017547764,0.217588672724579,0.141443464774476
"79",0.0798644520886045,0.0120791077211764,0.275651933819663,0.182226515039462,0.386386114414597,0.0637918769164972
"80",0.0486352497322227,0.158356212265256,0.240840549902026,0.320625959626971,0.125633866462302,0.105908162011222
"81",0.0315693606630458,0.384500892589263,0.165759576026354,0.0849150441908434,0.211893216842087,0.121361909688406
"82",0.162141901079599,0.0527168698896953,0.100299801261033,0.262892187926095,0.1025316276845,0.319417612159078
"83",0.186257588076023,0.261579340404115,0.16133679368849,0.0659252816752661,0.275019023739879,0.049881972416227
"84",0.0598262329445705,0.174020967811561,0.135961206205734,0.207391276677901,0.270290363277498,0.152509953082736
"85",0.141441489137108,0.238974165316479,0.276728304508338,0.171554714851114,0.153231959187038,0.0180693669999233
"86",0.0995650595527194,0.132766960308276,0.180082472613611,0.154086001931605,0.201556762716069,0.231942742877719
"87",0.0737498550885233,0.147943305266305,0.309232544921923,0.0257375617674586,0.259175489127541,0.18416124382825
"88",0.00470665322579581,0.334730628112426,0.130091089726324,0.125677328340422,0.025813361575188,0.378980939019844
"89",0.188432579378755,0.0189673423483093,0.392007815717729,0.130606058007868,0.0223508851782742,0.247635319369065
"90",0.167551897591279,0.253304419645099,0.0689244335869611,0.0904065049157856,0.235683766093968,0.184128978166907
"91",0.153369085338618,0.202836079285422,0.171505035145146,0.169760157987948,0.0755690619251814,0.226960580317685
"92",0.0559926336304506,0.0211913136860884,0.40138765560295,0.0720000703987678,0.375449774863855,0.0739785518178874
"93",0.0197728137361117,0.0244179327525061,0.407273608962203,0.067261929816739,0.30999985118003,0.17127386355241
"94",0.0382489509959627,0.271143570352517,0.279655321645186,0.264448740275237,0.0767069079689867,0.0697965087621111
"95",0.110173303355355,0.0356317204242145,0.191345572589125,0.23567998330009,0.337448693831825,0.0897207264993899
"96",0.185582173291128,0.0968737766894165,0.322330295372537,0.167642558696676,0.119864074627816,0.107707121322426
"97",0.0580468316774141,0.202699331080974,0.257963759795749,0.246036066824637,0.138201955196099,0.0970520554251261
"98",0.0528537392198597,0.238010471731648,0.303602931250317,0.10027313230084,0.0391553957779042,0.266104329719432
"99",0.0922261290364009,0.0125296356184437,0.193134172069772,0.387407344069974,0.245124795701114,0.0695779235042954
"100",0.116142933587282,0.19508064555702,0.1134804713446,0.276106240680648,0.277037046174712,0.0221526626557364
"101",0.0249073132511886,0.169448428537679,0.100053721566525,0.296354603004609,0.285640672563188,0.12359526107681
"102",0.11892010072126,0.126186415344449,0.226068143160864,0.195531841375641,0.190937703767545,0.14235579563024
"103",0.0205975384990493,0.248596350499226,0.0148584467954065,0.26903220980363,0.297753362966231,0.149162091436458
"104",0.0338718558665574,0.00691091980916634,0.276463962954348,0.118781893609535,0.281330131415813,0.282641236344581
"105",0.00130387543847796,0.289922648594458,0.320587097825767,0.130013149695018,0.226388533731157,0.0317846947151228
"106",0.143931258226307,0.129318255502526,0.343139935661449,0.0388930518291685,0.0727935752011165,0.271923923579433
"107",0.154191155090637,0.234827117648176,0.257209772688078,0.0938015309005079,0.202324703600609,0.057645720071992
"108",0.133916111818268,0.0278744160913288,0.354770686663042,0.182373480985743,0.0905902045392435,0.210475099902374
"109",0.0954166885023254,0.0162770009621342,0.367210020107047,0.200799925635711,0.277042801046684,0.0432535637460987
"110",0.0332786995957023,0.218856714707016,0.0644987039647139,0.165784169940504,0.187080606036158,0.330501105755906
"111",0.0922423746479862,0.16670970533834,0.228647749498386,0.148157547089644,0.164909569491121,0.199333053934522
"112",0.10585305842607,0.231149593804891,0.273820808293524,0.176811392680947,0.191032940005356,0.0213322067892124
"113",0.172350824276681,0.234962346250119,0.119777482363031,0.0333408818959469,0.261668412105263,0.17790005310896
"114",0.126201404903344,0.12690021731723,0.11918529090764,0.166555016500387,0.274792766052423,0.186365304318975
"115",0.225386077559956,0.183425152061938,0.108846929261937,0.40348236230329,0.0400266187452502,0.0388328600676282
"116",0.059969817332044,0.185108784774653,0.30801149372544,0.200952211680152,8.59359348513546e-05,0.245871756552859
"117",0,0.414305798736333,0.0742072233982989,0.0578948286509085,0.119354355033422,0.334237794181038
"118",0.0968190959846688,0.0562638972677868,0.134708095211827,0.0312078674914939,0.508475808552316,0.172525235491907
"119",0.21626950452557,0.151748302989708,0.180953853937912,0.132944753160574,0.142959355502739,0.175124229883497
"120",0.0130454451459616,0.240285951130617,0.215780083954132,0.243534437555309,0.0639784499159032,0.223375632298076
"121",0.0338905447247033,0.167852684861668,0.256352270489038,0.153695474412757,0.240010691565179,0.148198333946655
"122",0.130354864863479,0.348345507858847,0.168363313468817,0.0124362526356575,0.0165907148889177,0.323909346284282
"123",0.135177679125307,0.231114696473961,0.143169108850648,0.140730199249025,0.119437659096737,0.230370657204322
"124",0.0149209052769701,0.307475794710276,0.423029701141263,0.0323323635304017,0.0757388466085169,0.146502388732572
"125",0.220012779045085,0.0651881332406158,0.195282424542248,0.0534199700947196,0.113798736241004,0.352297956836326
"126",0.213381328651201,0.411295652698009,0.0994272785726876,0.0991050572695568,0.0873511919148274,0.0894394908937187
"127",0.121199050519676,0.194189063933183,0.159935637217338,0.316119471093455,0.122197846795661,0.0863589304406864
"128",0.0622660112198273,0.131789476185009,0.133285677894067,0.286681255778903,0.212006291198044,0.17397128772415
"129",0.00925130611217677,0.260877922562105,0.171363561229547,0.147919665825107,0.214268882854009,0.196318661417054
"130",0.0999489275299559,0.0929501454025669,0.264251029480569,0.194311138197239,0.149368638233329,0.19917012115634
"131",0.145922698828466,0.0271893340981487,0.266096279886952,0.16093399648206,0.123045754320399,0.276811936383974
"132",0.256252468431198,0.0415052476931555,0.105852123525548,0.0927719638300036,0.361420246957456,0.142197949562639
"133",0.219714470166324,0.00784963302447449,0.2628675850698,0.150501069761817,0.0722446709028786,0.286822571074706
"134",0.119935464059575,0.161197531805639,0.209944111323409,0.179077413836465,0.252442856806538,0.0774026221683736
"135",0.184036398198718,0.116937876630786,0.293802106071004,0.193361839498145,0.0425160705014058,0.169345709099941
"136",0.0368321972403519,0.256426696271323,0.12078479944206,0.238863521482617,0.289308470551627,0.0577843150120214
"137",0.0701578696366447,0.256766808427492,0.211873075250195,0.0896475431906538,0.216425468969191,0.155129234525824
"138",0.0565813515191294,0.179175537532229,0.352373838629925,0.27412157041843,0.0556160413765271,0.0821316605237592
"139",0.0929524596782479,0.187917780471031,0.234650116450975,0.225230550378251,0.0637260916762838,0.195523001345211
"140",0.155916854538836,0.0542656902029116,0.146905237979956,0.146096746208524,0.214605119303808,0.282210351765964
"141",0.0432412967220559,0.209648889540234,0.193608811744883,0.0744086303956148,0.169326966089454,0.309765405507758
"142",0.0492232735037201,0.268636637245728,0.236771176846301,0.129580977938871,0.0721288233731967,0.243659111092183
"143",0.144834174536108,0.0516712967211776,0.0706574465915347,0.276838103422171,0.111535964541253,0.344463014187756
"144",0.0707000654616108,0.224174526717985,0.214934642607264,0.253906102764897,0.166319621434856,0.0699650410133881
"145",0.0808508329964711,0.231098258000358,0.200213308280501,0.0337669923159421,0.257358846705825,0.196711761700903
"146",0.0513761229238763,0.126741601687208,0.134142270602976,0.0734221514580129,0.256457167121354,0.357860686206573
"147",0.135138349112014,0.195215753317768,0.275390506544362,0.226839838884702,0.0530405861503359,0.114374965990819
"148",0.150623474223366,0.162075822952483,0.29170936220322,0.0300364090624145,0.0905790820710102,0.274975849487507
"149",0.0221332578820593,0.183792871946303,0.214288753139383,0.271289181104633,0.147550777721818,0.160945158205805
"150",0.17356990370114,0.293952770650251,0.109237929349468,0.298590215871119,0.0253218821001633,0.0993272983278594
"151",0.0516948931333172,0.255292105708157,0.0558095260532577,0.111031576251422,0.203767967799349,0.322403931054497
"152",0.149151947645058,0.0996122107745246,0.209301038180014,0.0377941438962852,0.0178468399003572,0.486293819603761
"153",0.00919849414015921,0.219088455037239,0.0953753832957603,0.187974401219297,0.184718445868868,0.303644820438676
"154",0.0613709697157661,0.120179584787407,0.172831270380133,0.259919936699237,0.220870174196384,0.164828064221072
"155",0.0393519895588086,0.15589884889401,0.167514092987719,0.211790706923475,0.129755607232366,0.295688754403621
"156",0.162471782116231,0.287853746202363,0.318097123451364,0.100704120088726,0.0216725121221587,0.109200716019158
"157",0.305512471320632,0.0745089267686402,0.407886839645741,0.0827213923128935,0.107925799485815,0.0214445704662789
"158",0.00830146798133066,0.24200772994516,0.258078621410118,0.276842371336693,0.0827222772615148,0.132047532065183
"159",0.0635872953565901,0.166556311836266,0.16705593416322,0.304955532492746,0.0693387399371334,0.228506186214045
"160",0.0179868312089154,0.206431510839396,0.17839274869724,0.283934428427029,0.2582675993849,0.0549868814425195
"161",0.0239183313770267,0.395163693525001,0.339235715156208,0.186877258842231,0.0521619621732416,0.00264303892629153
"162",0.0994294909879019,0.0835364969504818,0.255116263728454,0.24218120566693,0.0725483044478276,0.247188238218405
"163",0.0303924721183959,0.305247461428052,0.193883643928614,0.204136100704097,0.0246991313572877,0.241641190463553
"164",0.140033996057244,0.0719427806932922,0.0995732881823789,0.28464159086915,0.224966345903942,0.178841998293993
"165",0.0878336802454439,0.0432327460707236,0.440189919024574,0.185180494106365,0.243563160552893,0
"166",0.12629772586663,0.0890201790670653,0.182861280127249,0.254678515056674,0.211141601526342,0.136000698356039
"167",0.0596548803454311,0.319881785763368,0.107017619513768,0.220574391056566,0.243854861099115,0.0490164622217508
"168",0.244052750196388,0.0975929332857677,0.101373326383822,0.373353373589186,0.0819339806015245,0.101693635943312
"169",0.055206612281549,0.0731957596318124,0.183725427148054,0.292772402428536,0.265590762508786,0.129509036001262
"170",0.110672429556399,0.362577112737046,0.0655626748777582,0.0211500961313127,0.239614488420489,0.200423198276995
"171",0.0629005258383667,0.186866602607786,0.200521261818204,0.147303004530364,0.159162786624285,0.243245818580995
"172",0.129966213085119,0.128179246608181,0.169722090761508,0.206069405211142,0.0814659844903798,0.284597059843671
"173",0.0627069480289031,0.0612880111641078,0.02063646177929,0.0149915554270264,0.273871569893553,0.566505453707119
"174",0.0960487020927752,0.285600101012383,0.340604507548529,0.100923538329874,0.151483551166982,0.0253395998494565
"175",0.0374765829490959,0.270122675876785,0.343807222796563,0.138815586378554,0.156793613562692,0.05298431843631
"176",0.117498742104696,0.228098172466978,0.168334528316523,0.224957380227812,0.0786845101401285,0.182426666743862
"177",0.119410860312446,0.282560971026563,0.059835810643052,0.28897245901676,0.0224366624990027,0.226783236502176
"178",0.00565935020832769,0.213158318407771,0.390793466277697,0.210626519487857,0.0537482931752281,0.126014052443119
"179",0.00328582378305405,0.722614592456899,0.00435750058046775,0.0275673840374326,0.188393200258252,0.0537814988838941
"180",0.0934126991134304,0.171961354864074,0.271063910197493,0.207552240215406,0.112225673628827,0.14378412198077
"181",0.140886554620746,0.309041693702821,0.331182825611953,0.0164755730896075,0.0199042675991328,0.182509085375739
"182",0.0748432227640907,0.0881908255086482,0.350050015957405,0.114868181909553,0.179237609681406,0.192810144178898
"183",0.0540134659358289,0.0639281921574273,0.368750246928152,0.149032147643946,0.0926549664346907,0.271620980899955
"184",0.130457396276044,0.224972815454358,0.200558883223002,0.197196503427559,0.151256988851469,0.0955574127675675
"185",0.0405081442357634,0.206169834396925,0.260313859760883,0.16089340141506,0.214453274442378,0.117661485748991
"186",0.109307585083199,0.210255613056011,0.369748470067003,0.176210289328116,0.0593595632517432,0.0751184792139275
"187",0.0370816395146597,0.195650092602815,0.0606978285830977,0.308702168892597,0.235829866754779,0.162038403652052
"188",0.127136079126454,0.0506280324022978,0.169442673476671,0.203103552348896,0.261416664064953,0.188272998580728
"189",0.116310842072143,0.203789621422396,0.305209598295763,0.141040993650389,0.140526431058488,0.0931225135008224
"190",0.164806338198017,0.0473628868329723,0.244632978922898,0.155944542509611,0.0807459631062748,0.306507290430228
"191",0.104472492850822,0.0981406488071837,0.339204218981189,0.0692482349523984,0.248567340777583,0.140367063630825
"192",0.0558723498172078,0.0868994879419545,0.307010086002755,0.0840322155620228,0.229728347595748,0.236457513080312
"193",0.120502869587399,0.110068333313561,0.325765192841784,0.0286638984213905,0.13357365251742,0.281426053318445
"194",0.014647195418632,0.353123543743932,0.0160235901243743,0.144743744769212,0.167847812848241,0.30361411309561
"195",0.0497962442314018,0.0741051645918785,0.129855189439409,0.366622482536108,0.177766413185275,0.201854506015928
"196",0.205007051737529,0.132360337022478,0.087453680390481,0.111805457722945,0.260844129426874,0.202529343699693
"197",0.0237940170215836,0.171465012306913,0.287269787488286,0.0314895073780833,0.189725080653931,0.296256595151203
"198",0.0207988762249048,0.193792674139327,0.213727832818789,0.241155626438087,0.119537913710703,0.210987076668189
"199",0.109777742996952,0.0141908077528909,0.351570630246156,0.0988654749214892,0.220173297735541,0.205422046346971
"200",0.0287098278423158,0.225697930959994,0.335921296694978,0.0931600462850353,0.099347904932811,0.217162993284866
"201",0.138964573619724,0.147169109772215,0.102697627556754,0.233223114736466,0.179859937212011,0.19808563710283
"202",0.118321131060223,0.0806514081197257,0.250875897120916,0.166381576860161,0.167675921526962,0.216094065312013
"203",0.0493248316247912,0.200563590581117,0.233019026605336,0.151275744389566,0.125038392243198,0.240778414555991
"204",0.02427840470097,0.198161711760764,0.301434384570959,0.180173573695487,0.100058924224625,0.195893001047195
"205",0.104623819108679,0.341093499546146,0.136785053248151,0.0924846759528077,0.189679840641534,0.135333111502683
"206",0.0281058521107294,0.00820641049645717,0.30795580777021,0.297778164689941,0.0754122000403749,0.282541564892287
"207",0.165417780472828,0.315468693927624,0.419373311396721,0.040687851220697,0.0274030155692177,0.0316493474129123
"208",0.103544662237172,0.186907657680917,0.347272645280394,0.247193343548211,0.0895907488997104,0.0254909423535964
"209",0.0334529031703026,0.122586465222061,0.135018999197765,0.23517953614507,0.114411456454226,0.359350639810576
"210",0.0848102496634003,0.186954574000585,0.283445954272135,0.00914492969586263,0.186045109440041,0.249599182927976
"211",0.0281934165775955,0.0189061686301467,0.338866061769722,0.299505323618043,0.0942015064208689,0.220327522983624
"212",0.124073986011866,0.256670543033527,0.143805522467739,0.0509724198685746,0.277717934386963,0.14675959423133
"213",0.122677937997279,0.260704156486969,0.293245495867538,0.0346094312207421,0.256127238974534,0.0326357394529386
"214",0.139650355312625,0.227904387625248,0.0811299399162329,0.262136869951375,0.176697877479644,0.112480569714875
"215",0.0406110059935671,0.280785134900419,0.0152402079097753,0.135762854101047,0.252984288780342,0.27461650831485
"216",0.131820528815454,0.159566141665942,0.219670176204412,0.212130629960108,0.125598235759509,0.151214287594575
"217",0.0141919042980968,0.11490242104333,0,0.200431692787692,0.137128448283334,0.533345533587548
"218",0.123919608082615,0.191932912635228,0.262625848825325,0.186098388891527,0.137782655174157,0.0976405863911488
"219",0.0515564471133416,0.100569132700621,0.336602531950157,0.304241617838999,0.0736237777980461,0.133406492598836
"220",0.0194842122938778,0.201586000384889,0.257149343494258,0.391211328472519,0.119689554427366,0.0108795609270897
"221",0.130068585701985,0.107587413742396,0.23545016888212,0.151665322095721,0.164016458524281,0.211212051053497
"222",0.15940699950826,0.0716900955879459,0.253473367567599,0.0107267420576592,0.251632325922095,0.253070469356442
"223",0.126505088491598,0.151574600933836,0.220590595999608,0.243216713437527,0.180359241448415,0.0777537596890154
"224",0.0822310290221508,0.163037485784168,0.213129249701174,0.15677734808822,0.20721345328164,0.177611434122647
"225",0.0520105479213319,0.243590942810187,0.281989145806756,0.197486009815149,0.206301650136768,0.018621703509809
"226",0.19447596581863,0.130783051090206,0.0809203912099315,0.187403320972223,0.244133436189306,0.162283834719703
"227",0.00743345884745104,0.0458762232313133,0.0834850506897512,0.30181807508453,0.269307054351333,0.292080137795621
"228",0.074979022522705,0.0269409928867717,0.433518075455299,0.0686971707464363,0.024957444818003,0.370907293570785
"229",0.0934030478829259,0.125960706020626,0.127390040620458,0.308296451750259,0.288444900814212,0.0565048529115195
"230",0.0966651865525287,0.13999419115118,0.297529721035612,0.0620322899555842,0.123516516797304,0.280262094507791
"231",0.0864787918052343,0.121624243590767,0.307755615991728,0.0478414663636719,0.280001023826888,0.156298858421712
"232",0.116282392796328,0.0355866221527421,0.186177117613146,0.244106184447903,0.00915430640080356,0.408693376589078
"233",0.0703377875650132,0.130980533545057,0.110022975002507,0.202535253747707,0.217254019670636,0.26886943046908
"234",0.15613665972591,0.27967682595821,0.16267997579942,0.12615293066249,0.22663625915615,0.0487173486978201
"235",0.0972930607632162,0.324552753560206,0.375435932519095,0.0129682821984379,0.0439698319986666,0.145780138960378
"236",0.126017927259461,0.212856758747124,0.152127547109671,0.289479894331916,0.0949570044923193,0.124560868059508
"237",0.124087513195299,0.173329316820895,0.235046750080477,0.212640295812537,0.119783082322411,0.135113041768381
"238",0.0455923527762593,0.0732013497552187,0.347065621225366,0.207382589881313,0.189639058631169,0.137119027730675
"239",0.259453616402889,0.112210096712061,0.315172867109937,0.0879584754098261,0.0438794342912053,0.181325510074082
"240",0.105925427931535,0.190308802722124,0.209141100687064,0.104734101516262,0.276301574207795,0.11358899293522
"241",0.278248691671591,0.0602538069483318,0.402014718649008,0.132751854988933,0.0267912962771933,0.0999396314649418
"242",0.115458757592598,0.21869806259444,0.225375659624848,0.116562584206648,0.081222015125813,0.242682920855654
"243",0.181007347725481,0.0311032783068186,0.287167334484649,0.0819954899574907,0.0917705929845238,0.326955956541037
"244",0.0304940580105583,0.293015343478586,0.281651704465825,0.0317856779009201,0.218587183771291,0.144466032372819
"245",0.0332887360355045,0.107997719649952,0.261309432983275,0.142998201192679,0.22055524397125,0.23385066616734
"246",0.130260384108051,0.114149268833873,0.241959956516465,0.180685599558107,0.111033733702073,0.221911057281431
"247",0.125409344813033,0.152166129279917,0.163792951901825,0.238759103042305,0.187722226824147,0.132150244138773
"248",0.130475428051168,0.124712130580546,0.0967574840260062,0.287388254711948,0.0112861028857992,0.349380599744533
"249",0.0447090196562007,0.29539369904177,0.148737570222595,0.242121037978164,0.0771071027768966,0.191931570324375
"250",0.110398061486667,0.062942259176598,0.24024779064949,0.20204984698015,0.0937438369289943,0.290618204778101
"251",0.185636467563899,0.0671625954477577,0.325716216103116,0.247340791105509,0.155176641031444,0.0189672887482748
"252",0.220361237008315,0.0823073244770289,0.150292652419331,0.0245140191846729,0.189887519074838,0.332637247835814
"253",0.143032663499815,0.0327581054328967,0.109805613227616,0.0927341655599155,0.282780498644558,0.338888953635198
"254",0.100435098985041,0.0844682824038072,0.147589196049816,0.296909098721029,0.0804895981378914,0.290108725702415
"255",0.0631415660196353,0.0262879844280198,0.283737054103376,0.167303095851995,0.226908817911094,0.232621481685879
"256",0.0893110821873842,0.17488762430054,0.256901472025502,0.242876629952254,0.162678375148359,0.0733448163859611
"257",0.0275447931487997,0.231616796724331,0.192029219711527,0.149445071005101,0.234292887688443,0.165071231721797
"258",0.153171062105822,0.0143655582432025,0.210568318806624,0.184854099239345,0.127109815819821,0.309931145785186
"259",0.0362702418758008,0.212007774172668,0.0475910711585908,0.272639340094482,0.135482704601643,0.296008868096815
"260",0.191038809525603,0.131690117730505,0.154272616451256,0.0731821970384447,0.185918617564063,0.263897641690128
"261",0.0380472432826515,0.0172151681320523,0.119510986718192,0.319808595618457,0.204149640737205,0.301268365511442
"262",0.0635925541024421,0.0967513121974112,0.0737207564955719,0.0981255073042413,0.253394301051932,0.414415568848401
"263",0.185622139274889,0.0245379095729673,0.455698039286134,0.0754101395927168,0.0481213895591853,0.210610382714108
"264",0.167482194484327,0.234928545011819,0.209110929735988,0.133804298755291,0.208519392158881,0.0461546398536943
"265",0.144739736947736,0.285076978062519,0.212587289875193,0.152896873977143,0.0252276945903922,0.179471426547017
"266",0.0903568512533542,0.017785229584267,0.393388572093783,0.09647096930449,0.135479097510236,0.26651928025387
"267",0.0857940800481926,0.045700504935745,0.4233511891411,0.193963251804853,0.0835764175957604,0.167614556474348
"268",0.162079088400684,0.233979568560973,0.0385082238052659,0.173450980364746,0.19009554429742,0.201886594570912
"269",0.161543165518597,0.282788579031275,0.101471144395355,0.15914168517967,0.213821447445728,0.0812339784293749
"270",0.127881616953229,0.133003990647924,0.340200958321505,0.207726158514504,0.068587859640486,0.122599415922353
"271",0.0843865431145994,0.153632515735217,0.0611177750477561,0.254460366380787,0.243528113636587,0.202874686085054
"272",0.143392984600903,0.167154233015984,0.254433087438061,0.246412956939972,0.0813977468917343,0.107208991113346
"273",0.083371254295738,0.142632138605164,0.229966178956198,0.198776704004247,0.23549663239862,0.109757091740033
"274",0.0944324282297369,0.17808184245908,0.156579935982368,0.101831402084965,0.296843520171261,0.17223087107259
"275",0.00356217662785438,0.0808996419559971,0.179757858052953,0.159554905777479,0.258272899891463,0.317952517694253
"276",0.125929658919413,0.197534836660792,0.312895696309735,0.0495646739247553,0.0895250061304912,0.224550128054814
"277",0.0611279687534356,0.0218633170262329,0.264148507412771,0.17923748899404,0.0572825417906321,0.416340176022888
"278",0.0917948318865527,0.199344560314007,0.289133177392794,0.13028007696322,0.120324756681663,0.169122596761763
"279",0.135607515544981,0.204380187468782,0.155846616868431,0.0252023100727905,0.274014644682251,0.204948725362764
"280",0.174895032752487,0.101218189635569,0.335886161104789,0.110030578293518,0.026465544084394,0.251504494129243
"281",0.104628963455719,0.249913308510237,0.154944154533914,0.152089117527188,0.161648144882285,0.176776311090658
"282",0.16457271523097,0.268144323896762,0.162341507783737,0.164788128043718,0.0448983987542188,0.195254926290594
"283",0.0432757374675894,0.116231953815179,0.254734063606092,0.161597839436867,0.102148181452541,0.322012224221732
"284",0.163070588829805,0.0696741714255876,0.103845846210243,0.438234988110653,0.200063493505064,0.0251109119186476
"285",0.00746579824339938,0.18000152449271,0.28987949712367,0.00306490990927954,0.329016810792034,0.190571459438907
"286",0.162337141476664,0.0567369769430323,0.0952669269662262,0.155802582804833,0.196500866702832,0.333355505106413
"287",0.163273044117649,0.123215861327198,0.103266172760377,0.223732658398241,0.181105831631024,0.20540643176551
"288",0.194390245171601,0.0839676473625427,0.13534426048554,0.362334008434014,0.0857684093664789,0.138195429179824
"289",0.119794152754698,0.146465857884595,0.186158446995386,0.152289811958385,0.229342743234878,0.165948987172058
"290",0.0135412339005498,0.122480392861659,0.0645182612230536,0.245776595943254,0.303618270984538,0.250065245086945
"291",0.0906640679502259,0.13023691380716,0.0703520760495741,0.292636437008541,0.113485100615937,0.302625404568562
"292",0.131013696198304,0.181425422707667,0.0822395023125778,0.255916147337246,0.106187028360726,0.24321820308348
"293",0.118921433394372,0.143381292719377,0.149161434922776,0.195352192276331,0.163903969637137,0.229279677050007
"294",0.117722592409622,0.160485188939315,0.109073034380934,0.229920906707593,0.0734069003060233,0.309391377256513
"295",0.105356810192384,0.20966993704258,0.102312600527052,0.169455168674755,0.152537495330358,0.260667988232871
"296",0.131180177569634,0.126647321961703,0.319306937802582,0.239471403446821,0.0809736953498165,0.102420463869443
"297",0.0704232570828917,0.274710235351794,0.299045989167758,0.0227996734601485,0.107266062978462,0.225754781958946
"298",0.206142271557959,0.151941345425945,0.148650344922833,0.246419967367382,0.0994838922704722,0.147362178455409
"299",0.0927586888673791,0.272998789095177,0.082174641872608,0.143201992830113,0.0934343039505303,0.315431583384192
"300",0.0372453276813062,0.0266609642507667,0.22412061589294,0.295160555384652,0.288252275218043,0.128560261572292
"301",0.123827987143388,0.131316909218429,0.154876079941604,0.111844839958147,0.194362791325928,0.283771392412503
"302",0.129119848005793,0.193091955967022,0.334100040508185,0.189489739963869,0.141177414842142,0.0130210007129889
"303",0.154586894388919,0.0305271133122421,0.175346196753356,0.293851637840707,0.0712934260602613,0.274394731644514
"304",0.0737383188789963,0.0253162703909986,0.33401198859633,0.0186198729365801,0.284750691365917,0.263562857831177
"305",0.0705554223503872,0.189805804036742,0.103516299762775,0.149641086392381,0.20586419567582,0.280617191781895
"306",0.080232483911356,0.25950809849056,0.17636245861,0.248369039650377,0.0133213587437698,0.222206560593936
"307",0.0211430659723737,0.197008879743127,0,0.112572107185837,0.285262191653433,0.384013755445229
"308",0.21644040019592,0.0298629144057248,0.185627884308162,0.180623852085042,0.0987274879672978,0.288717461037853
"309",0.0995611505394451,0.132874645878565,0.226412585030124,0.175680732876418,0.126271812217619,0.23919907345783
"310",0.0851378124687545,0.148689995468827,0.0682962290264406,0.0537413833447217,0.453355007073424,0.190779572617832
"311",0.110257359211901,0.109956051813972,0.0851886413573468,0.237026614242204,0.271564683235715,0.186006650138861
"312",0.160062243703649,0.0606918272183251,0.21180250323814,0.12367193532179,0.224240616583972,0.219530873934124
"313",0.0862302703382786,0.181331105470733,0.106379455461883,0.0691772356141177,0.222894534005176,0.333987399109812
"314",0.0380895185668445,0.261981020468707,0.196832886808834,0.149007748218667,0.147743224134605,0.206345601802342
"315",0.0493078681556256,0.157734444846197,0.261809996353278,0.32366480715348,0.194267405694671,0.013215477796748
"316",0.141464385297247,0.167342730736563,0.290030260019647,0.163859725455466,0.0701199253664182,0.167182973124659
"317",0.0565135906290394,0.155644554621419,0.408270664979297,0.00195058879673406,0.0726659331418582,0.304954667831652
"318",0.138587288925531,0.0442338946863736,0.300844812244491,0.187656503461904,0.045801838328916,0.282875662352784
"319",0.0706031367479561,0.177146056812037,0.264195022003997,0.19273283934855,0.238536231074353,0.0567867140131063
"320",0.0719809120235579,0.204927829831115,0.213847857146576,0.0543107193673816,0.121287867733889,0.333644813897479
"321",0,0.324590185549136,0.313382497070015,0.123846625768725,0.0429966058973985,0.195184085714726
"322",0.186698224549219,0.283541780329662,0.272248355430575,0.0541418014566628,0.0394548087342077,0.163915029499673
"323",0.119806829641684,0.165905738477268,0.153622910789524,0.274837050598025,0.192363993460801,0.0934634770326972
"324",0.120498918067508,0.143719598469166,0.0124041181771109,0.187964236668194,0.24073784965901,0.294675278959011
"325",0.170490522036907,0.10519243306391,0.191994892067324,0.189814322536504,0.0212289167953654,0.32127891349999
"326",0.146115290464032,0.275290666482502,0.189283416231055,0.0602049851316079,0.130872709154911,0.198232932535893
"327",0.0549852313738579,0.0308438679143944,0.248622922618813,0.0287872939353015,0.20113160298041,0.435629081177224
"328",0.0873363061604666,0.169955041907161,0.12539601609866,0.131368152055116,0.246025559715677,0.239918924062921
"329",0.0980323151200459,0.188085723295811,0.121556815834935,0.0439775197356238,0.209383097911702,0.338964528101882
"330",0.0986438805963439,0.199943884340083,0.235360353974126,0.114196854325205,0.143268990698122,0.20858603606612
"331",0.110949389951548,0.0320231150330238,0.307379352004151,0.140296677379972,0.211221742738048,0.198129722893256
"332",0.0286065914042966,0.20715846798359,0.178258745818935,0.280910999564812,0.0815029557562415,0.223562239472125
"333",0.121203671096182,0.103549445295589,0.285893367486234,0.166857873352371,0.0321682587247779,0.290327384044847
"334",0.0590672429179989,0.371830412101594,0.329537538202851,0.170488453527311,0.0630604273301019,0.00601592592014191
"335",0.0385545193033261,0.326146386749145,0.0178365636012935,0.301293880833737,0.239011976290233,0.0771566732222654
"336",0.0431687168359758,0.259880206418416,0.114364382673895,0.0580638308394486,0.177803097084824,0.346719766147441
"337",0.128140819050422,0.15869794845686,0.386944587620544,0.0715784829982697,0.254638161873903,0
"338",0.156834798848823,0.217834378084193,0.217424148673594,0.172034246649523,0.205941128841168,0.029931298902699
"339",0.180499885439143,0.101115941078255,0.0651930139110403,0.299866272948347,0.076512204584132,0.276812682039082
"340",0.155177153745327,0.225999779193252,0.202103893834344,0.141461281017347,0.122177649121644,0.153080243088086
"341",0.00859750781799413,0.024520181590335,0.120075750364439,0.258772653240047,0.412814414935119,0.175219492052066
"342",0.260340571316776,0.163347955476451,0.0941848549786983,0.318469130690498,0.0237478851909684,0.139909602346609
"343",0.0631971418496262,0.14035033048183,0.236347458249471,0.126040668417808,0.195783100259946,0.238281300741319
"344",0.0583931150142433,0.217298951722065,0.225045868374616,0.263234739624071,0.205495305983555,0.03053201928145
"345",0.151164742879653,0.195133718721768,0.0443814071998462,0.321837442136919,0.171631422523706,0.115851266538108
"346",0.0626379004617424,0.185556881818201,0.280428468322036,0.165075079402823,0.123116889218169,0.183184780777029
"347",0.0870235251265307,0.289777506733642,0.28340713577242,0.121526682148819,0.198739491426938,0.0195256587916496
"348",0.189054321296096,0.140935512151953,0.159229331472864,0.211929635455217,0.258265448510882,0.0405857511129886
