"","neu","NK","CD4","CD8","B","mono"
"0",0.133947519895929,0.191172056089484,0.171482921080716,0.316946855192283,0.172388507745288,0.0140621399963004
"1",0.232694239603201,0.155049766693743,0.260361270551335,0.175634957424484,0.0615488890633965,0.11471087666384
"2",0.0267093865182564,0.0850745593322234,0.221095971873846,0.209218493343128,0.0568650719944644,0.401036516938081
"3",0.0399076216345265,0.15772500293155,0.235092926503363,0.184576571854838,0.212461324027492,0.170236553048231
"4",0.151602245005053,0.119576812751323,0.127960553133428,0.155624428144741,0.277980928241131,0.167255032724324
"5",0.0788806573052487,0.203182316631178,0.0471492992687876,0.239417368477832,0.225914200121048,0.205456158195906
"6",0.147075183877037,0.0384626504250595,0.364481977672104,0.232603623468696,0.101770150422623,0.11560641413448
"7",0.115539512529386,0.0969427741364888,0.064229642191827,0.280142509086892,0.186477931396258,0.256667630659148
"8",0.135152414398377,0.22621183441818,0.222142636418592,0.0949954205767527,0.145387787150073,0.176109907038026
"9",0.0289320279320058,0.195943330303516,0,0.0520691383295752,0.181358991515343,0.54169651191956
"10",0.139293421863317,0.180246093705229,0.25389353239574,0.173460097784091,0.0873392260918348,0.165767628159788
"11",0.0128412185374938,0.114414979389772,0.524839680928533,0.320268930552694,0.015556503461505,0.0120786871300027
"12",0.119273072510871,0.230912502079588,0.0293579435136676,0.144901031773191,0.231470048833,0.244085401289682
"13",0.128652675223329,0.291552629193791,0.123386308122032,0.0923353860410583,0.135843937046209,0.22822906437358
"14",0.0430805283301573,0.342411551754814,0.118637474404877,0.0151151256556876,0.244007697634549,0.236747622219915
"15",0.115620996249374,0.185610652778809,0.265415315220428,0.0436439648706956,0.156895372683508,0.232813698197185
"16",0.0691814175611868,0.29003059978692,0.0718922669163928,0.278543278846509,0.0299427621628819,0.26040967472611
"17",0.0673490378662276,0.0678706440719961,0.211076076225086,0.302018214304608,0.252525206698284,0.099160820833798
"18",0.161138313530099,0.0439589072154684,0.206505231276499,0.169292334145672,0.211404720318972,0.20770049351329
"19",0.117237230912811,0.173775427284929,0.255239001188951,0.142612777700554,0.145030800165973,0.166104762746783
"20",0.110732279519462,0.0641473064233726,0.276659289949933,0.15333349684875,0.162900272514887,0.232227354743595
"21",0.122922104301857,0.138951997102559,0.124609701359375,0.26774392685371,0.249499595968796,0.0962726744137028
"22",0.16738236114633,0.0353956135113694,0.230940756272212,0.290549847649239,0.076574002283395,0.199157419137456
"23",0.12193342916945,0.0429405270581368,0.142297594017305,0.28397566209863,0.20141232008523,0.207440467571248
"24",0.158668807631353,0.0610983973676164,0.261869491625112,0.07037057570115,0.186623364305614,0.261369363369155
"25",0.133153899343169,0.0890749652195357,0.262252661071768,0.243187264507214,0.15900045961326,0.113330750245053
"26",0.0392027295443482,0.312639231124196,0.0759437845321779,0.318956651327028,0.0671126697903996,0.186144933681851
"27",0.12278105401077,0.0667000929893961,0.260529800379546,0.125208611797835,0.17104709448792,0.253733346334534
"28",0.13307222841989,0.296258241546504,0.0895119160434702,0.0946258606336921,0.0725960731010243,0.31393568025542
"29",0.187575803882286,0.130770290385096,0.226141478496935,0.283637390444522,0.0982984984514016,0.0735765383397608
"30",0.118938871673887,0.214812799638573,0.302483970517707,0.0393211319736541,0.0625349886916248,0.261908237504554
"31",0.18704683832323,0.308903165738205,0.332331988305417,0.0661170047744375,0.0239330654867685,0.0816679373719419
"32",0.00536772146922919,0.242910950623571,0.285332073724269,0,0.229498282872841,0.23689097131009
"33",0.157884862554598,0.136911106554042,0.311412227823322,0.116025020951493,0.0963402223417893,0.181426559774756
"34",0.0709791778944767,0.168018376842701,0.182015756228012,0.145434286382747,0.265997884954564,0.167554517697499
"35",0.0521894314991712,0.15165447100894,0.233576753243536,0.0694542185452684,0.0642790009923275,0.428846124710757
"36",0.151940143067817,0.139060357949116,0.0756241802500567,0.2832067030663,0.158226421567304,0.191942194099407
"37",0,0.275804807649027,0.305891364406199,0.0111182688488874,0.187343748007152,0.219841811088735
"38",0.236663649581656,0.108433634725657,0.426607511538142,0.184732369975436,0.0435628341791088,0
"39",0.0380292270606806,0.0360508164463462,0.720888743521297,0.0702108257271374,0.098458780845799,0.0363616063987398
"40",0.120794378582425,0.299901500629365,0.223008590136681,0.22202651577764,0.027492268635229,0.106776746238659
"41",0.0557589199109605,0.191036893205786,0.2916631732338,0.0952563054121634,0.171048941445318,0.195235766791971
"42",0.173074406174669,0.302704735602506,0.133508569761911,0.0368838899684933,0.282099668151247,0.0717287303411737
"43",0.181714925291578,0.331656486876554,0.0503346067059016,0.134027523874316,0.266495655511039,0.0357708017406105
"44",0.0424930144790238,0.297616103347461,0.216769989289733,0.241070715981855,0.00822492686487873,0.193825250037049
"45",0.108241004373923,0.284648290973411,0.244559932275912,0.0942164285934167,0.0267944670313766,0.241539876751961
"46",0.0378989192216799,0.0878745802748004,0.196315999031151,0.0516547028669597,0.255337559052916,0.370918239552492
"47",0.111174941288062,0.199157253147407,0.201029242931684,0.209398782809959,0.0647106208656328,0.214529158957254
"48",0.00611556920857201,0.249498216750051,0.287079815328021,0.082327497452051,0.198148544170356,0.176830357090949
"49",0.0458932347996917,0.293309786722098,0.0390627048930314,0.236079180257241,0.0949073622503301,0.290747731077608
"50",0.12390283685985,0.20161264606804,0.116954950714723,0.159357596125959,0.158731150537371,0.239440819694058
"51",0.0171178803335052,0.236337565781838,0.275753659125363,0.370145582869028,0.0823650516553814,0.018280260234884
"52",0.166734032282334,0.175294905574881,0.228108427821638,0.140717478558641,0.23447104357325,0.054674112189256
"53",0.160255254488369,0.185411101415939,0.162424195356542,0.206141812595148,0.067745769474699,0.218021866669303
"54",0.166116455388801,0.184547461940978,0.299605446430484,0.279066922091606,0.0158497961219452,0.0548139180261857
"55",0.126852747034916,0.146554645752373,0.238823766609211,0.156946987734725,0.0324681961127761,0.298353656755999
"56",0.119396282454058,0.0447184332462354,0.203574036402152,0.237608953968252,0.123460774021236,0.271241519908066
"57",0.111566362069222,0.0842135033341687,0.441927970710495,0.286167953429415,0.0606915925576745,0.0154326178990253
"58",0.151383719269784,0.138577186082605,0.1749541476242,0.212210423795218,0.0162871198524248,0.306587403375768
"59",0.0887143985471718,0.0447652756262262,0.379987780421703,0.194816124535879,0.244579006245598,0.0471374146234227
"60",0.165608611660462,0.223126559672395,0.283971712649241,0.128579420069314,0.189346659444557,0.00936703650402977
"61",0.0174987373093789,0.156120830399992,0.708252687823145,0.0143098910458176,0.059843404341673,0.0439744490799936
"62",0.0349392305305958,0.0706541252014504,0.155681477282649,0.185821863223818,0.265511411905837,0.287391891855649
"63",0.117129674110526,0.273357568088572,0.179829006258273,0.201271111701085,0.18133244982092,0.0470801900206243
"64",0.0470183132998087,0.205795049054565,0.212068501479667,0.2790454847445,0.200213674552454,0.0558589768690047
"65",0.0516044562556578,0.139549193730266,0.246554344260462,0.0552616074793526,0.00111112660209859,0.505919271672164
"66",0.00255636309311027,0.372051031704622,0.207914362215063,0.25563766110575,0.146218698104508,0.015621883776946
"67",0.0268480704501916,0.103527919976238,0.262737031791718,0.224132764251613,0.0840916828131147,0.298662530717125
"68",0.148707154095407,0.174337256377718,0.402023197418836,0.0486860855221051,0.0454103499229921,0.180835956662943
"69",0.169564841902703,0.147979274306165,0.396009052214969,0.0195476553126537,0.178228092487535,0.088671083775974
"70",0.016938197336454,0.0989854208838222,0.0907554931734234,0.231527763092836,0.217729487614568,0.344063637898897
"71",0.139646770844088,0.218803648935097,0.145824842908276,0.230516728568646,0.0205086700667932,0.244699338677099
"72",0.0789165167756884,0.109369441791704,0.09063460031621,0.206213803766029,0.295862685489416,0.219002951860952
"73",0.0303463802191249,0.209304297478264,0.136491499725255,0.241426398349886,0.265926620258668,0.116504803968802
"74",0.148960043898409,0.0561233954771911,0.220328825996,0.0932940074041388,0.25229170035559,0.229002026868671
"75",0.13317680007967,0.148291574649218,0.0503590954195218,0.220671540073376,0.192516700786733,0.254984288991481
"76",0.18739947327933,0.115531023418218,0.215379994758342,0.145908327645124,0.258342736102263,0.0774384447967226
"77",0.0581253727742697,0.180540837750414,0.395891988551238,0.0129237177231328,0.12781020424674,0.224707878954206
"78",0.0832910252510612,0.106243703447981,0.411316377986201,0.065592302651668,0.11770225877904,0.215854331884049
"79",0.11808019400115,0.193461752959904,0.268566770287638,0.164299128533496,0.181743784727444,0.0738483694903687
"80",0.130239887230685,0.155258831425837,0.326204014359212,0.183530557976328,0.175295852364058,0.0294708566438798
"81",0.151799473852965,0.162360376938234,0.359399541800156,0.188792074879301,0.0223780079226889,0.115270524606656
"82",0.172323027766582,0.251417509999809,0.0522818475037412,0.131742969429969,0.0581469091047322,0.334087736195166
"83",0.0984114521038798,0.253489259904923,0.254025447918257,0.0925068965237748,0.175745243205185,0.12582170034398
"84",0.128422392723759,0.0929208934395069,0.284044988408524,0.164169286296427,0.100668110312298,0.229774328819485
"85",0.0698265871514772,0.133885839024755,0.134933608263645,0.122984507444705,0.26837276260224,0.269996695513177
"86",0.03715870276388,0.0558443447692375,0.397148144027625,0.0505079062806713,0.264450039727085,0.194890862431501
"87",0.0839167823552736,0.0581809450164889,0.0633379343073643,0.315079060185311,0.444704388617637,0.0347808895179249
"88",0.198926956476954,0.141539571255959,0.197473900646945,0.24078091518937,0.134216554343945,0.0870621020868276
"89",0.0931313059721602,0.105387078072538,0.435036212370621,0.230415862701954,0.0820574463478646,0.0539720945348624
"90",0.0973060098200614,0.152247933411591,0.0608804812409671,0.025541643313939,0.509767826799996,0.154256105413445
"91",0.121899661112328,0.102560198743191,0.375388443461854,0.031630788845663,0.244271352906502,0.124249554930462
"92",0.151617393513611,0.0157444385832572,0.527103406909596,0.208910843397449,0.0434980116343164,0.05312590596177
"93",0.10723556691379,0.0811818901600336,0.236330733118125,0.0993370174078451,0.326284031779639,0.149630760620567
"94",0.131404409315754,0.0782001697025703,0.286090675387876,0.229918147003345,0.170300450981936,0.104086147608519
"95",0.0877909336044427,0.0644977121174844,0.201458435182382,0.304154567569742,0.310893052649036,0.0312052988769131
"96",0.134574146402082,0.157462633101967,0.197672150535521,0.0312093450293347,0.245034917015935,0.234046807915161
"97",0.158623430846376,0.0939065409408489,0.0925553074471982,0.269926085208726,0.185807318692892,0.199181316863958
"98",0.158854472573182,0.169466967273412,0.315926121834538,0.214684936285883,0.0195365661000507,0.121530935932934
"99",0.134181796443435,0.215551989000624,0.176326664318184,0.150779659316483,0.0600496389716091,0.263110251949664
"100",0.154854343801808,0.252277793438685,0.101095075293751,0.245707776445118,0.0501497904744648,0.195915220546174
"101",0.091136358005153,0.228766038080016,0.226543653383764,0.0987046066429443,0.074486995140521,0.280362348747601
"102",0.185381591571009,0.399559663049691,0.0605641956671367,0.0297153990847737,0.237166544640033,0.0876126059873567
"103",0.171823006468235,0.349982884024945,0.0661449658502259,0.0892591088842949,0.10734567640643,0.215444358365869
"104",0.13804742374826,0.0897585074248357,0.144372723690759,0.237594541140668,0.129703513195608,0.260523290799869
"105",0.0233014718726156,0.171820913058382,0.488465560698901,0.0235249551329521,0.246055427653015,0.0468316715841343
"106",0.100763791179983,0.0717992335980113,0.358450281321331,0.267750509450514,0.149753731783987,0.0514824526661747
"107",0.0841276300478907,0.114270306198647,0.334887485231708,0.176064539534846,0.27355587362602,0.0170941653608887
"108",0.0903986130222934,0.187988679008226,0.289102625912917,0.0195040775747488,0.17680282504171,0.236203179440105
"109",0.124353422673765,0.286975197870828,0.22056097449987,0.274852735690494,0.0437633024930077,0.0494943667720352
"110",0.0939262555446938,0.17975396955435,0.0796711624595887,0.159425923348496,0.201398044369803,0.285824644723069
"111",0.147695404374779,0.342206808074316,0.0250589791971576,0.159204868978246,0.0890550160101343,0.236778923365367
"112",0.13783727752791,0.0913106105611732,0.198616642754111,0.150303272015349,0.211196593474942,0.210735603666515
"113",0.175283618760351,0.151176340060173,0.198705662793223,0.171725706728178,0.270416135553979,0.0326925361040968
"114",0.0672215486394173,0.311864674582164,0.381668568783672,0.0376711250828756,0.0147319068703058,0.186842176041566
"115",0.0464672413086952,0.128299742911485,0.299100608342704,0.231992980287552,0.287939237010777,0.00620019013878604
"116",0.186348790755957,0.246435071507678,0.0966143838269568,0.0904020505945562,0.233531464187182,0.146668239127669
"117",0.107925135611495,0.120886452529457,0.200654195626159,0.159171252155706,0.299334522087012,0.112028441990171
"118",0.0443808943460669,0.16343902801731,0.334387265983195,0.294476164305072,0.0324152854485559,0.1309013618998
"119",0.0669169054481157,0.227576343730846,0.313968354200708,0.190601443259724,0.0641155065405092,0.136821446820097
"120",0.178879912819637,0.140291009064186,0.308752152697961,0.169394650543608,0.177254775570325,0.0254274993042831
"121",0.123588138391309,0.180524495890536,0.256434476670116,0.0940289457870708,0.250901710971179,0.0945222322897891
"122",0.10414933875974,0.182387398929579,0.301179813273117,0.0642949484399949,0.212231440648155,0.135757059949414
"123",0.108353157025221,0.102018979509003,0.239333586417784,0.0181368571713126,0.168601752926511,0.363555666950169
"124",0.169565168834912,0.0920049952273828,0.331332022336916,0.180937069021757,0.0353676957680429,0.19079304881099
"125",0.111235579455863,0.173755999726926,0.0493473791047896,0.256109866156165,0.317519920723329,0.0920312548329279
"126",0.104878730241621,0.156513642007261,0.109313095296285,0.371095203676047,0.247951859181897,0.0102474695968894
"127",0.034431401602002,0.14090783687146,0.226800846753493,0.208791918395525,0.18984702397076,0.19922097240676
"128",0.132579341177385,0.136822356895414,0.163495736061356,0.077383174227489,0.426182793845211,0.0635365977931455
"129",0.0143362672524455,0.215741462079554,0.220257971374281,0.106577084419508,0.232639436300344,0.210447778573868
"130",0.0961070019137234,0.171802490088786,0.370478849484322,0.213732560723505,0.0255861933366177,0.122292904453046
"131",0.128633777329111,0.0754254838856506,0.245042931077938,0.149143140952495,0.167007195134377,0.234747471620429
"132",0.155536036381621,0.299136814010857,0.280859380828161,0.02437418551933,0.0639502386281151,0.176143344631915
"133",0.145613583940782,0.207457597242107,0.0588571099426085,0.25867036704958,0.131120741737047,0.198280600087875
"134",0.0503896274277525,0.259448873295815,0.0378783336420504,0.316561903821982,0.253058905937975,0.0826623558744259
"135",0.202828262926961,0.170043835935242,0.148664810016648,0.155067097573212,0.123757636802631,0.199638356745306
"136",0.205496299054941,0.0737160339120011,0.457092663637644,0.148504202866506,0.0779830184771454,0.0372077820517625
"137",0.0348456331681051,0.392268703787136,0.336515547507142,0.0345494862244275,0.191702658123769,0.0101179711894204
"138",0.159077803273793,0.0500712212438309,0.254964810744187,0.115250419494661,0.110205156934203,0.310430588309326
"139",0.129272894352813,0.055224393431342,0.272404055051767,0.20343507067376,0.0297910080717024,0.309872578418616
"140",0.216312873043202,0.178878520469529,0.0678780436440397,0.15063872605993,0.0619447346636677,0.324347102119632
"141",0.135897790225453,0.0211791319531858,0.349032063735564,0.228548258721303,0.128429998902319,0.136912756462174
"142",0.0484778663726298,0.0512286231689437,0.479333980712164,0.25338596536223,0.0264313391370948,0.141142225246938
"143",0.10164450830149,0.315618884817878,0.0565626007690144,0.288061983007733,0.114230543016747,0.123881480087138
"144",0.087676687808901,0.054220108331601,0.472686100286204,0.0431177394732802,0.0929807527545937,0.24931861134542
"145",0.104558859453868,0.111525045328605,0.394568466598384,0.267099325971826,0.0938298415084072,0.0284184611389102
"146",0.148826096604853,0.0895377386463726,0.275630105928477,0.143158717806037,0.174781595820756,0.168065745193504
"147",0.050683919810034,0.139519910936429,0.297695792209514,0.106229126126059,0.239622512217026,0.166248738700939
"148",0.124324816023835,0.33352672053058,0.135644174228988,0.146573366254416,0.156154037230339,0.103776885731843
"149",0.0527173356988449,0.197982266646475,0.0206883151697065,0.177305488186383,0.23925938434853,0.312047209950061
"150",0.107797006917401,0.243408957094797,0.319169960079647,0.0509766881978593,0.115552144783497,0.163095242926799
"151",0.0467830551491705,0.0496313723829157,0.0823389759255105,0.502078727547855,0.285995312093504,0.0331725569010446
"152",0.0416044829299991,0.157770462831891,0.187911464095162,0.233673631260336,0.223319556147867,0.155720402734744
"153",0.11114119947752,0.262498177935982,0.0551653077860147,0.246725264163867,0.023658565654999,0.300811484981617
"154",0.0487561479914229,0.123191663898519,0.076487562567013,0.261065553365989,0.222325245608201,0.268173826568855
"155",0.130054887627868,0.195773139614783,0.169248185680568,0.170058528041856,0.110557191229221,0.224308067805704
"156",0.104855835657026,0.158895439941964,0.114748924793461,0.257272457895621,0.0173204905488894,0.346906851163038
"157",0.0127222925428326,0.270349778934342,0.238248511249435,0.124291744006652,0.0695371112169536,0.284850562049785
"158",0.0861515247457542,0.175484493592809,0.106470492227654,0.179204086868358,0.1270276614436,0.325661741121825
"159",0.170340256120182,0.104605440354795,0.381363377818471,0.100724879422746,0.146878096739392,0.0960879495444142
"160",0.0853961283408931,0.20739242765766,0.126092453771249,0.0768222784819965,0.140382164897067,0.363914546851135
"161",0.0477847878497687,0.138413117499426,0.0931265568505344,0.233461732070966,0.185388521826287,0.301825283903018
"162",0.101063317336451,0.200518735601681,0.117237864534862,0.164051368519253,0.191138845283088,0.225989868724665
"163",0.168597574438051,0.295662840654013,0.102588748183879,0.152217294587326,0.168233650678098,0.112699891458633
"164",0.0704789683921981,0.280302179239937,0.34090958992372,0.111376995406957,0.0227505321133913,0.174181734923797
"165",0.0505933810013933,0.0513850494078484,0.355629688071782,0.0843048433175956,0.272315584543511,0.18577145365787
"166",0.28285773336072,0.0500632929026726,0.115772547789293,0.169898115132291,0.0649394708248834,0.316468839990139
"167",0.123878662810121,0.0459359133700956,0.380333652481883,0.335715492525323,0.0747507951041553,0.0393854837084225
"168",0.116883852592201,0.217856457313095,0.0952426004589094,0.0754823497347136,0.184307558133333,0.310227181767749
"169",0.0989939036889656,0.0398190515347837,0.0623208265129543,0.329561479562749,0.282463072916081,0.186841665784466
"170",0.0897111881008244,0.212562544099594,0.199313413835696,0.215230813673731,0.172327606643511,0.110854433646643
"171",0.148676087488556,0.033388482416835,0.190218865597794,0.129034700293432,0.237702187655595,0.260979676547788
"172",0.141165867577718,0.183440182231788,0.251094577842495,0.0557083452609466,0.199763840507533,0.168827186579519
"173",0.0162798904356162,0.107349987856132,0.323019991909708,0.311827464337776,0.0723874665753063,0.169135198885461
"174",0.0807042705944842,0.151906399919955,0.279621903028379,0.104068858897131,0.242363396853654,0.141335170706397
"175",0.0516617155647161,0.308613250321846,0.45668428435815,0.0765257811477491,0.106514968607538,0
"176",0.0717129358612211,0.244764585674634,0.345786617195178,0.0859667638706338,0.0901464914904555,0.161622605907878
"177",0.117811278101235,0.106441658402586,0.282830694395243,0.13580658322257,0.22702127364116,0.130088512237206
"178",0.138482861647262,0.216434768961213,0.181445813188989,0.29016007522921,0.131748058979626,0.0417284219937001
"179",0.0994643562456593,0.172222864205115,0.256561018840528,0.275949565114624,0.0593616772877192,0.136440518306355
"180",0.107578755236842,0.123451830913985,0.144299392475473,0.151513541020295,0.231783760475646,0.241372719877759
"181",0.0863313270157017,0.138893815012895,0.387875576361684,0.293661552243469,0.0221793489718044,0.0710583803944459
"182",0.151601585278478,0.174063761430141,0.288117122166657,0.0794582851009524,0.0506816364969225,0.256077609526849
"183",0.102697567743989,0.134833630300227,0.0778266396017221,0.22176522253447,0.231309704990131,0.231567234829461
"184",0.0239252667696465,0.244414160118662,0.0850392227347632,0.252768907892472,0.203214452624515,0.190637989859941
"185",0.105845107657795,0.212894081595409,0.108257811091242,0.096391422095776,0.216857592522377,0.259753985037401
"186",0.126513078177565,0.0979767054205426,0.106929144967521,0.204674160010143,0.210427982606181,0.253478928818048
"187",0.211345659916095,0.0366336515306851,0.283646714033972,0.0827678717784193,0.385606102740828,0
"188",0.118628137105228,0.0298499560048819,0.370292732763318,0.287759607012357,0.145743066527667,0.0477265005865478
"189",0.194335372850928,0.139187342815884,0.0607414417800824,0.109696262367949,0.319282518982244,0.176757061202913
"190",0.178699137249059,0.179343367633857,0.279642283068957,0.0662685343982983,0.24983209238574,0.0462145852640887
"191",0.0643968253614531,0.0500420392794912,0.394304579450391,0.347394570905699,0.0356860899666002,0.108175895036365
"192",0.14795661462026,0.260248336056807,0.065138528766317,0.218024123720272,0.0576030576599172,0.251029339176427
"193",0.146458128880629,0.272161562829826,0.0642759296929017,0.0666014160165121,0.0788681048602626,0.371634857719869
"194",0.128877155880125,0.173351617256801,0.314304479750229,0.100121741236937,0.227395195417515,0.0559498104583935
"195",0.12347058720001,0.275957797133439,0.326923415546181,0.0652271582866388,0.0199969473300018,0.188424094503729
"196",0.139091988454209,0.212032835513387,0.221830417984371,0.0338880600199353,0.125831378894498,0.2673253191336
"197",0.0281877523181479,0.174638015986498,0.158345255951647,0.175669985488299,0.285769472740085,0.177389517515323
"198",0.0900025657102029,0.347558646789676,0.284097156415566,0.141785803423934,0.034862666117231,0.10169316154339
"199",0.149343677379164,0.0992366319114699,0.230786418945932,0.268352995495572,0.095096803857052,0.157183472410809
"200",0.0326234328809123,0.175197538707053,0.216771547227954,0.0821875706530881,0.265190213274797,0.228029697256196
"201",0.044860961790964,0.258210076236926,0.269844436951524,0.209328944422042,0.117838958654543,0.099916621944
"202",0.110516241371685,0.10277473937106,0.323368356539564,0.102808675067451,0.179690376047786,0.180841611602454
"203",0.068669968091793,0.175070518361755,0.0664461337607249,0.27776856401345,0.319816927896505,0.0922278878757732
"204",0.140617823450952,0.238494804863975,0.327373343364856,0.0550841237898095,0.238429904530407,0
"205",0.0192218777704496,0.342118230835643,0.270199112129734,0.048702925622314,0.300158751572632,0.019599102069228
"206",0.142703266980837,0.2060493028101,0.263861116430319,0.132696273231316,0.166934816119472,0.0877552244279561
"207",0.192199966181021,0.0198798614432801,0.256039328021952,0.197955447839363,0.205538353265542,0.128387043248842
"208",0.00325607725846474,0.454107439765065,0.0289619049459299,0.119838345874276,0.247465515182416,0.146370716973848
"209",0.111055506565525,0.227885894513179,0.120451199456157,0.125111978260664,0.10888459644425,0.306610824760226
"210",0.0933042226067141,0.233833370195398,0.293049557212884,0.207586666121315,0.148130382202987,0.0240958016607015
"211",0.0791002437120754,0.215049897638355,0.237098449744098,0.0532832317096529,0.217621078618392,0.197847098577427
"212",0.112915416929809,0.194940454109149,0.189917265721286,0.0446849937964814,0.37711991582639,0.080421953616884
"213",0.0643076806972001,0.16768068193101,0.326050715282245,0.142092961087813,0.261774249144634,0.0380937118570986
"214",0.175641084625292,0.11241277194147,0.182051384751123,0.228881226646879,0.115171453875714,0.185842078159521
"215",0.0636691841451208,0.240492433143987,0.260491901755938,0.129132807552942,0.233540380288366,0.072673293113645
"216",0.0719800876646658,0.0574836517770939,0.194959148148016,0.244598803961992,0.232902448969986,0.198075859478247
"217",0.112487567900293,0.129907487131155,0.179960186879993,0.223326930751159,0.122689682824618,0.231628144512782
"218",0.0490817106889422,0.182069427393738,0.0885637209391842,0.323052331712266,0.297673921960287,0.0595588873055829
"219",9.88995104513855e-05,0.187285821883106,0.381989155054295,0.10242860226891,0.161262653386199,0.166934867897039
"220",0.0970986624146651,0.147396020017237,0.243829986737395,0.0222477758527704,0.191008349369004,0.298419205608928
"221",0.13008913133529,0.208137245461272,0.185281168113166,0.130954790123715,0.255734617488834,0.089803047477723
"222",0.0861371197715552,0.208020120851829,0.322626789128407,0.162983761018914,0.151401380609869,0.0688308286194255
"223",0.0750147801587797,0.153602918931768,0.212186854524228,0.205767720808175,0.118234144403733,0.235193581173316
"224",0.146418779146063,0.178717651265414,0.20335280131673,0.198440049381009,0.0534034106936295,0.219667308197154
"225",0.136859088056753,0.149402927295334,0.286476032891105,0.190727430318708,0.207847726367866,0.0286867950702323
"226",0.135162646468141,0.104672136828819,0.280076091117641,0.181183785372875,0.0831121270722995,0.215793213140225
"227",0.249008631796188,0.117884148195802,0.561597275527501,0.0539007729088669,0.0176091715716418,3.02142874048247e-18
"228",0.0242716623784374,0.277273088570897,0.16234997942415,0.0772312043435039,0.149448217302497,0.309425847980515
"229",0.0833070159937327,0.0722362792533882,0.140431351233544,0.123374820472126,0.283245733369351,0.297404799677858
"230",0.099701041620467,0.247907579732576,0.129835972445081,0.281794419938323,0.0546563588865389,0.186104627377014
"231",0.131210915925126,0.217696924885628,0.084749262194432,0.171545340267102,0.141508052366308,0.253289504361403
"232",0.16411704889575,0.133696153058217,0.0804594898765482,0.100653376542173,0.0461794403225383,0.474894491304774
"233",0.113860699123379,0.247092868195455,0.229544386161173,0.0600796690283966,0.0794812473467556,0.269941130144841
"234",0.107261689273625,0.228540365777877,0.282279342485298,0.0550205266332581,0.0733302622797084,0.253567813550234
"235",0.134561123776777,0.100654027929951,0.114378563341368,0.321839607706085,0.216740424721411,0.111826252524408
"236",0.0814875436234671,0.0843546573630569,0.304618917333828,0.248541452342197,0.102673829464642,0.178323599872809
"237",0.112279653429093,0.251349944100629,0.0596676803187778,0.106850532219995,0.171748676822917,0.298103513108588
"238",0.290741684539722,0.194741726140876,0.210354897872147,0.202060219247974,0.0474374085622636,0.0546640636370166
"239",0.148323079466021,0.252242134739976,0.209736984423721,0.235511207683345,0.0909735892310442,0.0632130044558925
"240",0.126684060698417,0.118668568358548,0.292645938520268,0.218694494354328,0.230439829644857,0.012867108423583
"241",0.0720474232755486,0.04119702585076,0.321867867065832,0.13245557476127,0.0624086330906726,0.370023475955917
"242",0.114369532431853,0.138568847332234,0.102955317762578,0.257082602284294,0.0971735292240454,0.289850170964997
"243",0.0377359178839417,0.197825884281187,0.120176139022934,0.202597435101338,0.0436977092651277,0.397966914445471
"244",0.168337795679026,0.242688632733508,0.191596516488198,0.230326972084472,0.163573632312302,0.00347645070249395
"245",0.150200640871903,0.264233596244669,0.309518989297898,0.0860152785179137,0.0476028394521067,0.14242865561551
"246",0.0594287640070627,0.0908966115644647,0.301108662729012,0.305977856063815,0.215468978172388,0.0271191274632571
"247",0.138722662895269,0.137994549828726,0.0647090798385399,0.246358795568554,0.192296063660785,0.219918848208125
"248",0.062837052005528,0.0886250367517906,0.104056399215044,0.365944637535327,0.211922253196793,0.166614621295518
"249",0.0509182623276367,0.141524495754376,0.340071199447543,0.160554258789357,0.191021171513028,0.115910612168059
"250",0.113392346532599,0.18029936890909,0.197764158809891,0.235088654281686,0.17843857830236,0.0950168931643739
"251",0.0986091570836831,0.215557821269894,0.184511851442219,0.162152663753888,0.157129810303451,0.182038696146865
"252",0.102772102281793,0.130007356182358,0.459514673016093,0.268406524814587,0.00932670417771628,0.0299726395274513
"253",0.0176111587705186,0.207361098834017,0.34721258071914,0.122227587546342,0.081061943759895,0.224525630370088
"254",0.222043193970441,0.160143145924032,0.193672612041717,0.124272404213023,0.279110993353711,0.0207576504970767
"255",0.172227015200231,0.223938274201432,0.0736260417005504,0.100670042632839,0.179563980109178,0.24997464615577
"256",0.148093444426775,0.0514623421111956,0.309283906542111,0.0613297299572877,0.33139161926606,0.0984389576965703
"257",0.187672513190293,0.230985630254185,0.116717864270077,0.288485313670786,0.101544753768162,0.0745939248464973
"258",0.158549117339429,0.0951952845338914,0.182674329703014,0.288795637456049,0.24266995309059,0.0321156778770269
"259",0.042377734010301,0.323350862874626,0.534618964149004,0.00274270553877933,0.0275860522865856,0.0693236811407048
"260",0.0200296717356454,0.10593158872309,0.253825707317156,0.331586507770871,0.00570076700636184,0.282925757446875
"261",0.132242226825948,0.0108525283670037,0.481362708822618,0.173197246011232,0.057566428372311,0.144778861600888
"262",0.200710308687846,0.245815813330667,0.0225056103238021,0.0429255789415658,0.03602594095073,0.45201674776539
"263",0.238380133240781,0.123546941440635,0.22883216076275,0.0980626486332512,0.106593631126137,0.204584484796445
"264",0.0542908944547089,0.200656555124941,0.317726689735922,0.117702753980744,0.0667322045670591,0.242890902136624
"265",0.0920370131464401,0.246248476454197,0.132604848478144,0.180830558571566,0.0616974376626431,0.286581665687009
"266",0.130416739748606,0.103015880591786,0.154005543012594,0.205808852179361,0.123936909764749,0.282816074702904
"267",0.211859863760754,0.076231429580468,0.223186209599268,0.0852094945848784,0.0189720480314131,0.384540954443219
"268",0.180381643279998,0.0628018269204725,0.225591580301886,0.153654202566375,0.184132789252416,0.193437957678853
"269",0.0595940102473614,0.251160626740265,0.046931826345905,0.148884149158225,0.257885672629515,0.235543714878729
"270",0.153580519771063,0.281125451074445,0.177817547988067,0.1663641800896,0.0406910669287671,0.180421234148057
"271",0.0587798406187163,0.173805973436993,0.482367070652207,0.115370642467102,0.0669819957639291,0.102694477061053
"272",0.125288680628628,0.238245171447958,0.300235982502031,0.0496054000168403,0.0713139988164681,0.215310766588075
"273",0.142966547265765,0.181686511981212,0.167454452028877,0.333275851827526,0.0457189000469526,0.128897736849667
"274",0.116104993215643,0.289275234947311,0.132454862843973,0.375302678633045,0.0735024478638325,0.013359782496195
"275",0.00337203209804536,0.225632968747661,0.117205981044241,0.167759837096236,0.24985738858788,0.236171792425937
"276",0.0268853571016341,0.00914447352049162,0.325042566836438,0.27925028164403,0.0660272638298555,0.293650057067551
"277",0.176218341750439,0.310586710490685,0.284203152420043,0.105888107306668,0.081901608613144,0.0412020794190213
"278",0.163317529735946,0.163086843988743,0.0948265540705169,0.193686179020842,0.190713204143704,0.194369689040248
"279",0.0952275133621321,0.203161801249448,0.030732079115984,0.151879965560675,0.198029585992794,0.320969054718967
"280",0.116404474352402,0.252821846567246,0.287370129462712,0.239242890188203,0.078723909404254,0.0254367500251826
"281",0.0554964248863733,0.250071080019856,0.283008849879605,0.0763500217585823,0.18092385979654,0.154149763659043
"282",0.0145126606857638,0.17795310633125,0.372764250403228,0.0993666044964768,0.299573464222662,0.0358299138606192
"283",0.147767436698589,0.205949263426755,0.273806970994086,0.143562441077844,0.193101681743564,0.0358122060591624
"284",0.0535141457241201,0.477189738184265,0.0870099921050378,0.0154742706381174,0.0974857704946416,0.269326082853818
"285",0.100597672698428,0.140206665326747,0.176843926947138,0.311883779517279,0.0191426494198975,0.251325306090511
"286",0.123738970747962,0.126664739967288,0.202424289490616,0.133637484045833,0.18186721282343,0.231667302924871
"287",0.0282166579836838,0.369128155564542,0.264336003649343,0.0705076411638048,0.0548013182848325,0.213010223353794
"288",0.124070624387258,0.0133327555954875,0.215417167266979,0.295484727365549,0.0250051297285509,0.326689595656175
"289",0.109091069173928,0.0792480921699293,0.383721113642951,0.169786689021478,0.0715231751778852,0.186629860813828
"290",0.0505408629031778,0.0811261229604669,0.0134986456660747,0.339253762554152,0.291167044272094,0.224413561644035
"291",0.014525866374706,0.271111769314376,0.0395346764675396,0.180611219637315,0.162378422472666,0.331838045733397
"292",0.0745523613461269,0.0202624154744203,0.29171092421407,0.132288622437679,0.158102083048385,0.323083593479319
"293",0.230995798251558,0.135095277077514,0.0945281860237921,0.297132534977564,0.111494416824584,0.130753786844988
"294",0.174846749487609,0.141043422085946,0.277267990493177,0.0685593823667493,0.0793737647745955,0.258908690791922
"295",0.0549656279022128,0.209930852625097,0.377642061730879,0.269912280179838,0.0232970035325837,0.0642521740293897
"296",0.104115161274298,0.188694452898655,0.283836444382767,0.236854479703967,0.0280426210022956,0.158456840738018
"297",0.101354812973332,0.163104431516924,0.246494172428019,0.21223130100955,0.209832914318999,0.0669823677531755
"298",0.0331750073076632,0.0783219712823333,0.332439146909695,0.290831890338952,0.0633446388400662,0.201887345321291
"299",0.109501109957424,0.217118519171907,0.165078966685345,0.128062141958,0.0802879040684292,0.299951358158895
"300",0.0145478165178933,0.0131244082180738,0.0030241308864251,0.381079598271745,0.283033219142119,0.305190826963744
"301",0.118316850992769,0.189766290829767,0.179239105452181,0.176519049434744,0.169291744685481,0.166866958605058
"302",0.0245011647295945,0.1676442990182,0.0941198715835968,0.250056609017818,0.314324218372203,0.149353837278588
"303",0.187114259124871,0.0631094018230492,0.178481786222193,0.258816528834119,0.146671656996117,0.165806366999651
"304",0.0718744576944136,0.228598062147023,0.146676364799094,0.303092786491356,0.117231391340003,0.132526937528111
"305",0.121292798515424,0.245687524433069,0.116402741539198,0.233641096631739,0.230453912559032,0.0525219263215372
"306",0.053853149346801,0.00550574529177401,0.159125088694808,0.242452802267558,0.212836646807071,0.326226567591988
"307",0.147123482800471,0.331142558054086,0.129397942172741,0.111401612825251,0.178251871693516,0.102682532453936
"308",0.0939729608015375,0.227212325940436,0.213043767209648,0.170782657780703,0.211972081278613,0.0830162069890622
"309",0.0102517533315922,0.0968901877704178,0.37385945527836,0.25096486884979,0.197237418250891,0.0707963165189483
"310",0.0972269594064547,0.10211794736165,0.0685190244868596,0.0811372046887062,0.416458749759518,0.234540114296811
"311",0.095261343527645,0.0394441939373764,0.191275049525333,0.213582280753041,0.261247179975465,0.19918995228114
"312",0.0991253069413532,0.188820480329141,0.239731146558752,0.175751926966568,0.162795038558932,0.133776100645254
"313",0.0950962689344474,0.0956441022490209,0.074070796748391,0.250388316460778,0.160279149215657,0.324521366391706
"314",0.07090386332304,0.0175637625751428,0.0260782449033092,0.101387136519599,0.294496896987156,0.489570095691754
"315",0.0863407166785594,0.223487188117417,0.236750603085482,0.192277640060239,0.0847657902034069,0.176378061854896
"316",0.0520996419362048,0.228402493537159,0.101685731248909,0.15281560421559,0.231010284198038,0.233986244864099
"317",0.0200000759292405,0.213398314725883,0.554612981769472,0.0473890016875591,0.0885861068232832,0.0760135190645618
"318",0.0988520796384702,0.225378630159988,0.107702656265399,0.220344461741146,0.0498242236841997,0.297897948510796
"319",0.106183732350485,0.234224735328766,0.244925391702696,0.180330113233272,0.195839110100606,0.0384969172841758
"320",0.19755082495677,0.0431310948664135,0.111032109806587,0.190693118572611,0.10889112175393,0.348701730043689
"321",0.114697982935421,0.107249078502527,0.0934092459023159,0.172287271668305,0.246581093335319,0.265775327656112
"322",0.129970353780909,0.0876894595902568,0.283414274646298,0.218073891071482,0.110617478311447,0.170234542599607
"323",0.0977927964098087,0.206805304172203,0.279359607776855,0.246205231649008,0.00965986229494802,0.160177197697177
"324",0.154365771026823,0.262718579600401,0.0701813625905875,0.116579157676065,0.165080021270404,0.23107510783572
"325",0.022002995408009,0.262348271906173,0.28512783513378,0.182701356269078,0.212959118569644,0.0348604227133156
"326",0.117163750272485,0.113587374167919,0.164615975455031,0.246442376715443,0.0276790585968851,0.330511464792237
"327",0.128524841161673,0.261908607419731,0.310887836177552,0.0606401889084451,0.232983213503453,0.00505531282914511
"328",0.114612842169044,0.144032025262367,0.0905926075465291,0.260145540668393,0.159732283714045,0.230884700639621
"329",0.149420030588365,0.281828808731819,0.0670229845414708,0.234603527701458,0.0681925203522865,0.1989321280846
"330",0.118477717151503,0.173625642020631,0.132904907455516,0.143025218422201,0.163824476912385,0.268142038037764
"331",0.0944215197613121,0.290888595502639,0.159172682423165,0.216597044934591,0.10916441216736,0.129755745210933
"332",0.0172761469934841,0.252660448628942,0.0885516022536566,0.190013303264584,0.185394424202411,0.266104074656922
"333",0.0904468741140494,0.166480404517677,0.269191825406565,0.075566628796932,0.123300224180519,0.275014042984257
"334",0.177052388296037,0.226978277588131,0.243312839942026,0.17796506380709,0.0704678760538194,0.104223554312896
"335",0.0952519604159971,0.183814019448064,0.0972213059202343,0.232190140015312,0.104359942309353,0.28716263189104
"336",0.158185207245986,0.0211065252092094,0.338861375770752,0.0465059606908831,0.163058460095041,0.272282470988128
"337",0.156546006426323,0.301031632722508,0.0496036788643539,0.195471808008682,0.1906280783799,0.106718795598232
"338",0.0573259364887873,0.173395805537519,0.240983707932588,0.1270704472297,0.24485116985187,0.156372932959536
"339",0.114374873779893,0.282599748753955,0.121477370601965,0.250150949162606,0.147927665085839,0.0834693926157419
"340",0.183544616267028,0.147564609925598,0.174976333883791,0.0652126962176076,0.12942282208736,0.299278921618615
"341",0.173466398364182,0.220062237528487,0.452744391574478,0.116736644537879,0.0369903279949742,0
"342",0.159465405934904,0.0708555868960654,0.302439081272313,0.116693055813619,0.187470412864477,0.163076457218622
"343",0.0472101708047213,0.0451296200104529,0.265409125455804,0.25982805977362,0.222157911384566,0.160265112570836
"344",0.0573754295526587,0.239155074485591,0.299118914103627,0.364500949563927,0.0296912115787526,0.0101584207154429
"345",0.159380942088295,0.04762565744361,0.376419303297032,0.205053175992988,0.0402482378892659,0.17127268328881
"346",0.133824764470763,0.0635291458813889,0,0.271116606041797,0.263780256764304,0.267749226841747
"347",0.212612420309741,0.0966934769464787,0.159971014495335,0.151619922532343,0.244126442927933,0.134976722788169
"348",0.0125967665291696,0.189059306240965,0.318553622229255,0.0683217802449136,0.237641215622105,0.173827309133591
