"","neu","NK","CD4","CD8","B","mono"
"0",0.147134813874474,0.204133733324209,0.337533356563604,0.0430477464512161,0.23743878674179,0.0307115630447075
"1",0.101535299754062,0.180993567098791,0.15705970490631,0.306980086852902,0.0918829530235924,0.161548388364342
"2",0.123086351372247,0.0560869558713193,0.305597707623179,0.228190367024898,0.0920026603664512,0.195035957741906
"3",0.0670590682731836,0.364229848618309,0.377121970636633,0.0566087129136009,0.0235173117713735,0.111463087786901
"4",0.0221841308028816,0.470659374338353,0.0816957035766879,0.231579191741836,0.158568160813761,0.0353134387264812
"5",0.23484121130298,0.0975221377614433,0.160437921370686,0.352816844546465,0.0212305758493044,0.133151309169122
"6",0,0.188864652264734,0.42002666534221,0.276043960441739,0.115064721951318,1.65511380478391e-18
"7",0.197519739635215,0.0709336080856858,0.0323305369108029,0.230630176499756,0.0819970084545463,0.386588930413994
"8",0.0692827209439646,0.209751952339704,0.178010711425108,0.220078486297813,0.150583183639753,0.172292945353657
"9",0.0907963460412439,0.217201150512462,0.123118733509553,0.25045518967408,0.261338587022588,0.0570899932400725
"10",0.149906792427801,0.127617767298937,0.181769729114767,0.0257184015546234,0.067723011343285,0.447264298260586
"11",0.164425443001091,0.111711079225742,0.183955299137868,0.191374590259437,0.0447308908195074,0.303802697556354
"12",0.166908527815784,0.16855600412439,0.121765711662553,0.209792708891223,0.102886096583732,0.230090950922319
"13",0.168075356101582,0.265242475211507,0.202376618876824,0.148599983989171,0.122336425491826,0.0933691403290901
"14",0.0788450438262591,0.0785047542809225,0.322765888081158,0.192519489555413,0.0325478036030322,0.294817020653215
"15",0.0252910871113588,0.174447503674476,0.31854511451053,0.107413720140894,0.209263712095154,0.165038862467588
"16",0.0601924473391827,0.0129351115646283,0.0813607376694795,0.22035278558413,0.271663745635123,0.353495172207457
"17",0.163671737790858,0.0940111085143278,0.0956858518931763,0.207158269369923,0.240576364066938,0.198896668364776
"18",0.0697843079159382,0.0983836629725523,0.145158107701834,0.194653939509401,0.199172850909593,0.292847130990681
"19",0.00826108893273483,0.394793694789707,0.289181254850612,0.0579160029028031,0,0.249847958524143
"20",0.0181350306406347,0.070013745810292,0.528019156853699,0.148675100716129,0.10946978542541,0.125687180553835
"21",0.0130299427848837,0.242799205159448,0.243593664293012,0.190751897818458,0.090506230250069,0.219319059694129
"22",0.0188828243644575,0.152861283763145,0.296980164572888,0.214921414101646,0.0463610701326003,0.269993243065263
"23",0.151074449302436,0.192478898055813,0.371260180221379,0.134293408506364,0.0529162627123059,0.0979768012017021
"24",0.145898521913186,0.137672956842961,0.221210065883396,0.0404764836665603,0.190341634100053,0.264400337593844
"25",0.00597263310034408,0.305331740791389,0.222902400763452,0.138279169026884,0.0673706180912355,0.260143438226695
"26",0.16227045419878,0.139491704586915,0.206902645617241,0.204625204019176,0.158649498664053,0.128060492913836
"27",0.0594535275656166,0.36949965283128,0.083249290412421,0.304949144247664,0.134703061571879,0.0481453233711401
"28",0.0274874698853206,0.0487899289144529,0.111856795319115,0.357202777733229,0.25616028038667,0.198502747761213
"29",0.0731711549321507,0.253074416147909,0.235187084242061,0.049019805680616,0.195653693667344,0.193893845329919
"30",0.0840929726407867,0.308298490229282,0.126617758074171,0.159670985641507,0.298940964227108,0.0223788291871451
"31",0.209747139169764,0.206076079301392,0.39955475982838,0.0775878705273882,0.0195978208600176,0.0874363303130585
"32",0.0961441235528062,0.0919922356308963,0.30805858568579,0.404250920660557,0.0438340423209318,0.0557200921490196
"33",0.00745111014176558,0.245291060785402,0.34729140706692,0.315705086408758,0.0113044399322354,0.0729568956649194
"34",0.204545605696207,0.0944019148331849,0.287221395424694,0.278615505119117,0.054515754942098,0.0806998239846986
"35",0.112507421552347,0.124874706187557,0.12570196286795,0.124758553657041,0.217302266469956,0.29485508926515
"36",0.0466335521311004,0.139670864160193,0.15936518306005,0.268758751878462,0.212154838034371,0.173416810735825
"37",0.193394801104321,0.0938780177854559,0.076022494535883,0.0274733378873226,0.0515843827794009,0.557646965907616
"38",0.0750698148158831,0.140395636060094,0.587071177979519,0.0320524981677506,0.15729177677171,0.00811909620504329
"39",0.0357707396848875,0.0174543773719709,0.138772026523892,0.26851043100508,0.234005226139473,0.305487199274697
"40",0.0999073294138653,0.247668716184246,0.112510737704472,0.235880351677254,0.0463605732369959,0.257672291783167
"41",0.155562855190532,0.324329939319028,0.129598743464123,0.268104417039568,0.0688713282818238,0.0535327167049244
"42",0.189493014685012,0.285567003001,0.130152846766237,0.0541745591660494,0.144929777944806,0.195682798436895
"43",0.110202077085996,0.0437555945521694,0.345621855464084,0.166530148972583,0.0990723967663874,0.234817927158781
"44",0.0114633102001306,0.0790297853914645,0.15316104471359,0.152110188826442,0.330739392059079,0.273496278809295
"45",0.0577816620918685,0.293755102804561,0.217699153067936,0.142117628804435,0.210506346353682,0.0781401068775174
"46",0.168162797194375,0.0569116075241762,0.239862153500286,0.262870233295492,0.162999663612004,0.109193544873667
"47",0.115784304155124,0.185739777883096,0.291505088117001,0.26818274644679,0.138788083397989,0
"48",0.118929047532475,0.0897535324679014,0.151757230057648,0.112925044387639,0.248843565521505,0.277791580032832
"49",0.141884058926522,0.00870791220641711,0.291033428662227,0.289297324652287,0.0587262901445523,0.210350985407994
"50",0.0102224511126624,0.232894934786861,0.133358207206835,0.369120447026381,0.0831321282481314,0.17127183161913
"51",0.118191015793178,0.191968180848294,0.198314813553543,0.169032036920965,0.186493248521022,0.136000704362998
"52",0.08640538126515,0.157455172842015,0.272116154927975,0.155250966215761,0.164520664192153,0.164251660556945
"53",0.161041318050908,0.0914325792769402,0.284230938374339,0.214245143974068,0.152845521762563,0.0962044985611816
"54",0.0346481430800695,0.531923578542745,0.168745047836126,0.0398164501884356,0.173068216044676,0.0517985643079487
"55",0.315341419024576,0.0852760527925132,0.306431286267645,0.0519025879934382,0.119799095738058,0.121249558183769
"56",0.0205234622011426,0.272789731279794,0.181028479656649,0.231596210842174,0.101300523612163,0.192761592408077
"57",0.143704287290442,0.145070237677703,0.194795410712468,0.192803677322198,0.224808058605211,0.0988183283919777
"58",0.207070627920803,0.0899078405346046,0.36209824353967,0.0193728940730339,0.222827818850638,0.0987225750812501
"59",0.0804085324325258,0.0285971671166577,0.0190401022006658,0.271047179670996,0.244073581865737,0.356833436713418
"60",0.0144810742942985,0.283820017320294,0.201742838468045,0.143682530225641,0.173943317182673,0.182330222509049
"61",0.112680937508927,0.0676241428312219,0.17881651113134,0.212422638861965,0.181074384941698,0.247381384724848
"62",0.092689153933292,0.241362809555363,0.288499657914061,0.223568105858765,0.0763679419536814,0.0775123307848373
"63",0.13966981192168,0.189350272634193,0.260920713625991,0.132587738733272,0.0390195180817104,0.238451945003154
"64",0.0899800679816713,0.0797048118339056,0.128674535075343,0.175245178912074,0.249235813058514,0.277159593138493
"65",0.151123190961499,0.227832202877664,0.087706380041252,0.23121703714157,0.241414678428693,0.060706510549322
"66",0.27808086215344,0.0479897897243832,0.073248446864382,0.0499840149070901,0.241863416238275,0.308833470112429
"67",0.229450716672531,0.226607593806322,0.130726403819945,0.0713284563210934,0.277577767947816,0.0643090614322918
"68",0.0941164258310669,0.1409915110016,0.455735357308983,0.0104183221232003,0.144414087242179,0.154324296492971
"69",0.177141863516548,0.0451843745213521,0.283654707982784,0.0571401249852975,0.217077446931973,0.219801482062045
"70",0.0622421541681525,0.0540073770698763,0.176282001951304,0.315539585220289,0.293232399068749,0.0986964825216289
"71",0.24047710072273,0.0404267205098512,0.172504467771598,0.209047786961417,0.023352690184907,0.314191233849497
"72",0.11019931614912,0.21966214582472,0.23470798454128,0.096283483527889,0.217130297700347,0.122016772256644
"73",0.126716496629623,0.220294151315303,0.263517983411978,0.117610509405913,0.0144057284182608,0.257455130818923
"74",0.100113479828137,0.271382840247559,0.415745942910118,0.154536397003619,0.0463492959194012,0.0118720440911655
"75",0.16390981759551,0.10825863413448,0.283037161055394,0.150417926316361,0.0246292856125617,0.269747175285694
"76",0.0236857434597213,0.211725908020047,0.267190042171531,0.11830860962532,0.0503053724841461,0.328784324239235
"77",0.0637239391972833,0.268413179973453,0.0432582220263678,0.177305115492572,0.13155192987823,0.315747613432094
"78",0.0397702951904969,0.256499164325043,0.249046117968382,0.246454399667406,0.167257291955419,0.0409727308932536
"79",0.050610473001881,0.120883726646647,0.139783566804655,0.0832066669167189,0.265301606326214,0.340213960303884
"80",0.00868841025509341,0.185806354474481,0.2548471562762,0.0310036620811585,0.0194320137994132,0.500222403113653
"81",0.0980396442190732,0.235629137033899,0.173210094289651,0.218121238166046,0.0093396378914569,0.265660248399874
"82",0.0271564353313198,0.122777818595527,0.157639553272632,0.0345972105448702,0.324865621849618,0.332963360406034
"83",0.103140156328916,0.152591839903953,0.12271954504769,0.368250571678104,0.133000497082706,0.120297389958632
"84",0.108872015626627,0.187719172121224,0.34984893266006,0.150234489226978,0.125097805432857,0.0782275849322526
"85",0.0388993343477789,0.253551785447138,0.1716226134842,0.236629234942402,0.04983749284035,0.249459538938131
"86",0.00174414541155388,0.228238159645649,0.0600776256641801,0.0558322941204248,0.188336086369143,0.46577168878905
"87",0.104742354712958,0.0924609389869422,0.241363646653679,0.128913890195886,0.201499838794676,0.231019330655859
"88",0.0103384299634895,0.112247931248745,0.349219538043644,0.03717184767949,0.159415783077361,0.331606469987271
"89",0.23697961294819,0.285438929482435,0.27839550464506,0.0753013755937686,0.0621479028164528,0.0617366745140939
"90",0.142249738644645,0.117424892820803,0.107865941933434,0.215769413682909,0.127482636843064,0.289207376075145
"91",0.122941688415623,0.158097662049139,0.136599917281191,0.0379017925645823,0.211476838373529,0.332982101315935
"92",0.172052750286281,0.215868679693792,0.184851615896368,0.0956093524560128,0.147357145148397,0.184260456519149
"93",0.0494865999543702,0.148002935029605,0.305914714683538,0.144860430995465,0.0809668790567477,0.270768440280274
"94",0.174928598653889,0.0175906122562643,0.0731553393942155,0.174743751291203,0.202982068984003,0.356599629420425
"95",0.040969827586425,0.187747378694547,0.165170078546981,0.202843387140672,0.195309873437004,0.207959454594371
"96",0.11739706428703,0.207853559646099,0.329740264871506,0.242459688223468,0.074188374767227,0.0283610482046691
"97",0.158794691887964,0.0341023206436478,0.316150632540456,0.0484615708047354,0.300511721108136,0.141979063015061
"98",0.118405425683968,0.0492860551428743,0.266141458588706,0.153886423491815,0.227325545942947,0.184955091149689
"99",0.0455506014662295,0.246009679912079,0.167652645129529,0.101366589322319,0.240190283219735,0.199230200950108
"100",0.0539458656218201,0.0276234492034515,0.221973765446234,0.249109602809598,0.241350355907708,0.205996961011189
"101",0.149715546628302,0.0613983330336862,0.339737221415614,0.281534872024735,0.158034878418538,0.00957914847912521
"102",0.0763177367703464,0.121764884872732,0.268368344385113,0.206323161338563,0.179451947032722,0.147773925600524
"103",0.0587980104663169,0.333409960500391,0.158594001301896,0.360382790471723,0.0495191593077945,0.0392960779518785
"104",0.143410877018894,0.232885636226691,0.130070117407057,0.171705119645484,0.207499032339428,0.114429217362446
"105",0.0910454434643404,0.244100921487148,0.220764978051774,0.0783202326806798,0.124115349951521,0.241653074364537
"106",0.0659536674725937,0.263807278644222,0.182598742691828,0.0467518497359316,0.157083835664075,0.283804625791349
"107",0.0715350064470852,0.142272451577123,0.132318576553287,0.228077729005159,0.215176542963165,0.210619693454181
"108",0.0387907147741186,0.0884600923598986,0.284018172676216,0.147275278455193,0.165458226051282,0.275997515683292
"109",0.169098121083286,0.158282411517101,0.287529528608417,0.0634465285505448,0.0534164460148578,0.268226964225794
"110",0.0756347190923648,0.101434072573249,0.251641586595957,0.157870709344676,0.196825960068599,0.216592952325154
"111",0.0417574379219859,0.148666679736839,0.26485032351784,0.265183494478018,0.251546537988759,0.0279955263565587
"112",0.126749554887662,0.187209826671776,0.0974216008994655,0.228172977336841,0.166173950529452,0.194272089674803
"113",0.108519440050613,0.157238587170935,0.248240216028698,0.0606644580957727,0.146809179582564,0.278528119071417
"114",0.0329665468436807,0.0309313730350334,0.585030196101921,0.201790962915251,0.0218734696459452,0.127407451458169
"115",0.0453267721311686,0.0804306345100821,0.243748524400137,0.157531341859222,0.23880863493729,0.234154092162101
"116",0.0932198528750092,0.385373260953982,0.204906276418311,0.236379220359182,0.0335800139333703,0.0465413754601457
"117",0.207195344404095,0.0468978782573883,0.182780542655044,0.149930551686646,0.0280450375213553,0.385150645475472
"118",0.0116881133326033,0.237735331631778,0.374939873994528,0.0843105713697961,0.144480599315668,0.146845510355626
"119",0.158987795684352,0.29334170983641,0.0470243862664479,0.199199295455403,0.257073134134851,0.0443736786225367
"120",0.0256581047842775,0.0359180770340843,0.232803545234323,0.145164064455398,0.148844681400099,0.411611527091818
"121",0.0873232821485418,0.219509108700205,0.0269510991755746,0.0534436917453143,0.269509050849927,0.343263767380437
"122",0.0323568401084108,0.225002488667903,0.310172998419223,0.219225317480975,0.116663563471111,0.0965787918523779
"123",0.0260679900886433,0.0517084113091751,0.345709455359782,0.0783997802838726,0.241888747524574,0.256225615433952
"124",0.167527781209885,0.256236670481352,0.338590678807259,0.110879978672224,0.109504193386341,0.0172606974429389
"125",0.259555541841,0.195308736667155,0.257200474434398,0.0474882736289769,0.0500838665964454,0.190363106832025
"126",0.174787990116187,0.028257092271274,0.309973484436593,0.0474585668976947,0.05539796047495,0.3841249058033
"127",0.156541643429806,0.071881645591469,0.295605654398423,0.240630618077494,0.168002215368598,0.06733822313421
"128",0.0676025708120398,0.000577860123779514,0.191140935814205,0.147407021175701,0.110318615509309,0.482952996564967
"129",0.0298273135245299,0.324477842398342,0.0418196851760683,0.266293946475913,0.198611958838388,0.13896925358676
"130",0.174034447416479,0.136082627238023,0.107911313868625,0.245249678358311,0.0653497618403574,0.271372171278204
"131",0.0831566598594862,0.294439141046667,0.320675381257873,0.0948873753277445,0.0768031790109777,0.130038263497252
"132",0.150251134091658,0.237176537515082,0.23768999232012,0.0376382807070831,0.1040455369574,0.233198518408656
"133",0.0864231731966991,0.103855046301666,0.31147435130438,0.146866061068796,0.155469728850091,0.195911639278368
"134",0.162124635641085,0.0970549610548778,0.148391199492986,0.173628071469333,0.212249848752409,0.206551283589308
"135",0.0878275614288132,0.214478773897598,0.179567036656291,0.201250347715623,0.10321743954331,0.213658840758365
"136",0.114570286762097,0.108525446339584,0.436472236048948,0.154015105370375,0.0939039368213419,0.0925129886576553
"137",0.0310300919916152,0.181462263536104,0.281107274778931,0.13070078671076,0.155310668442992,0.220388914539598
"138",0.125570854220318,0.186366525858308,0.0949385577044225,0.197851082340577,0.190880990207151,0.204391989669223
"139",0.0500922477280998,0.125306712223413,0.389318637422895,0.205139051990784,0.157460708743486,0.072682641891323
"140",0.0460112784348602,0.230609121675973,0.169472495509902,0.223886714138491,0.172902215528664,0.15711817471211
"141",0.121704250355229,0.137367588536682,0.216739050935541,0.0903474742578866,0.129877417887957,0.303964218026704
"142",0.143654347894571,0.225557585600658,0.109736637106216,0.134320316092729,0.157248264918121,0.229482848387705
"143",0.0624018811030025,0.203826708883429,0.218641069022174,0.153880790871761,0.171741259513239,0.189508290606394
"144",0.0583913234980414,0.254472601351243,0.318618736894918,0.0830273882481103,0.114762482140626,0.170727467867062
"145",0.0446657923128364,0.285725937756056,0.303193400689827,0.013452307537829,0.0273041445061876,0.325658417197264
"146",0.119575296434723,0.22222477651877,0.163162100251023,0.256423344289275,0.165922199601587,0.0726922829046233
"147",0.233549833000457,0.276134249790731,0.125685443810897,0.125925711391532,0.125061783343568,0.113642978662815
"148",0.0154361106237402,0.28622321006118,0.0677536779600928,0.280905232379207,0.123494576429466,0.226187192546314
"149",0.0179124825797039,0.233116747976961,0.0440473759043825,0.0366740586479482,0.454311458675406,0.213937876215599
"150",0.0740357367437423,0.141369047572021,0.0998550975955595,0.0680450293280531,0.220462618291073,0.396232470469551
"151",0.0113122384054467,0.310432577453059,0.315024762828202,0.0963648017325738,0.116526231442782,0.150339388137937
"152",0.179481633736788,0.176763748036512,0.0685334837616861,0.197782153754439,0.0339845371920187,0.343454443518555
"153",0.0942898663265172,0.114111759815495,0.236997087105917,0.270059530269649,0.0904241042534373,0.194117652228984
"154",0.135180142305813,0.230201396521053,0.111728142192194,0.244197879580723,0.0209701047515374,0.257722334648679
"155",0.129687776867477,0.0989069305361512,0.118277018781512,0.138197898194549,0.112579308042213,0.402351067578097
"156",0.201455399376179,0.234320350286861,0.0867273832329868,0.137090786146713,0.0509612137732189,0.289444867184042
"157",0.0613241168808299,0.105573480528908,0.166878976683717,0.261114308919499,0.175773012820423,0.229336104166623
"158",0.215345805654859,0.0627547793700303,0.374157353835396,0.218985755166571,0.12148971545968,0.0072665905134635
"159",0.141812336522811,0.126621539920438,0.25214135588782,0.19905947059115,0.0848085445495638,0.195556752528217
"160",0.0928905540198567,0.0463558291875227,0.239211764189669,0.0547591018133233,0.260202477442084,0.306580273347544
"161",0.0345258556506546,0.215686468267094,0.255032580689408,0.239426098195906,0.1500315580948,0.105297439102137
"162",0.0607131084393808,0.172609499328104,0.0405628733745597,0.233645283611119,0.223831805882495,0.268637429364341
"163",0.149576648147706,0.0806950494882085,0.0550184669694423,0.0826212636818595,0.274057816003387,0.358030755709397
"164",0.112560511277078,0.266067767044293,0.0601821374911921,0.0562772212871734,0.268144424376272,0.236767938523991
"165",0.170454256275464,0.0934205760012765,0.185176802404423,0.360588383228127,0.115840401137534,0.074519580953176
"166",0.160172504033785,0.0985050168565201,0.10851789858439,0.198494868411046,0.0831741214987811,0.351135590615479
"167",0.0517411782673798,0.108920968001263,0.254932635710273,0.13145598848347,0.258098371339362,0.194850858198252
"168",0.0422623280705463,0.179027936816563,0.185204637968358,0.255149021620621,0.259830933126194,0.0785251423977169
"169",0.148558476073485,0.114836368438548,0.116871161220758,0.323637766955692,0.201110133580964,0.0949860937305528
"170",0.0868137357028534,0.282742113029465,0.175085332241644,0.231784249121657,0.0403844584695047,0.183190111434876
"171",0.114032666945556,0.236061121050065,0.0777359852992568,0.256765458287223,0.114939497580777,0.200465270837121
"172",0.115509277994159,0.110575452233452,0.369249357483535,0.239089083398381,0.0147900035380088,0.150786825352464
"173",0.06895984558821,0.328786180019191,0.404105782388437,0.0248428639448884,0.0929123560662207,0.0803929719930528
"174",0.0673401227851865,0.0825075354604507,0.211019457499283,0.0163559509851867,0.255680066775207,0.367096866494686
"175",0.20523163863347,0.0729010455144052,0.366210494311908,0.15483215463369,0.0192424157070783,0.181582251199448
"176",0.0128025694570443,0.13138247612003,0.345216520123094,0.18209639327613,0.0600235049502307,0.268478536073471
"177",0.122528798656216,0.216832731641207,0.203331223441858,0.194879216745142,0.0705414868890065,0.19188654262657
"178",0.09619477034914,0.124367676692918,0.284950968650648,0.227954081033592,0.256267441258124,0.0102650620155787
"179",0.1256013805432,0.0305868458048862,0.0717001743011026,0.307188698473128,0.0818357611012664,0.383087139776416
"180",0.0453623913317842,0.0976791192137838,0.3368747661675,0.184987062469844,0.212688442518072,0.122408218299016
"181",0.0273913420629173,0.178718908687959,0.222373104998346,0.194585286164123,0.219861399576089,0.157069958510565
"182",0.130915313221941,0.283577634724232,0.0766264266742191,0.0866446079203528,0.266356057332156,0.155879960127099
"183",0.109882839942285,0.229633420590113,0.335509791808524,0.0981463032783737,0.198694997915335,0.0281326464653692
"184",0.0696104787037999,0.228842626187144,0.286710886933669,0.135010433474083,0.271347926836261,0.00847764786504261
"185",0.00323367003082888,0.211739773045165,0.163594562561185,0.231847099297555,0.153828866120807,0.23575602894446
"186",0.167897927007796,0.100104854214426,0.20917287223878,0.1107891442858,0.235538780557606,0.176496421695592
"187",0.174849168885079,0.0666730430295598,0.175312044815531,0.1384850275241,0.294357089685382,0.150323626060348
"188",0.196124711711842,0.0814275083975675,0.185712338145866,0.0789933433793423,0.198892073056759,0.258850025308623
"189",0.0876251583246918,0.3139680292489,0.18378133168153,0.0715463682734723,0.257638292842277,0.0854408196291287
"190",0.154997180912554,0.234466592788173,0.0627368442455627,0.219339842367811,0.0847504788293254,0.243709060856574
"191",0.109494185001254,0.253660552631127,0.0841051616219415,0.356514503559661,0.12109468014555,0.0751309170404665
"192",0.159522247832831,0.201742430939942,0.141453745211178,0.197524795909314,0.0310539631892156,0.268702816917518
"193",0.00219792723873754,0.24747835253295,0.307384902189334,0.0629980363479705,0.316501352533001,0.0634394291580078
"194",0.0690246069668446,0.240868167288513,0.160573135711207,0.0701738204988289,0.210137871553155,0.249222397981452
"195",0.172793415232136,0.18818649136837,0.150800579196791,0.114692201341071,0.166350629704235,0.207176683157397
"196",0.114280519055339,0.218926275744228,0.0450118487567316,0.140324761687531,0.260363897698397,0.221092697057773
"197",0.0347058983997881,0.080683543372234,0.304006191277853,0.224862675101495,0.190256178805982,0.165485513042649
"198",0.0758547999524673,0.242123842424958,0.0447690045974354,0.123314244109193,0.237218213013723,0.276719895902223
"199",0.128721307524923,0.239071177238694,0.266066642118836,0.104655110365959,0.172928959325712,0.0885568034258767
"200",0.110278614754638,0.100088836849359,0.245464730109959,0.0343413076043553,0.265612703465758,0.24421380721593
"201",0.0814673467663333,0.246944660696858,0.290018365679048,0.144383228078547,0.207199239719132,0.0299871590600811
"202",0.039410007932225,0.2086822571835,0.158811893474754,0.207822571306262,0.107591915919658,0.277681354183601
"203",0.0982918272373552,0.268011099640319,0.0863523745364082,0.0796260222040594,0.160106175463767,0.307612500918091
"204",0.0391670975934141,0.17313327285673,0.113541070975307,0.219734526632136,0.0666270129918191,0.387797018950594
"205",0.0576082856019662,0.126579717499575,0.341652804232618,0.307066523024686,0.0790743126278095,0.0880183570133455
"206",0.0642344653410039,0.256081239516778,0.248001891580402,0.26740953057207,0.133866939876281,0.0304059331134656
"207",0.147836454612892,0.123210668519947,0.253790029856675,0.206072153611045,0.126016463553352,0.143074229846088
"208",0.121220082502374,0.0222127302665426,0.165040734306312,0.278435601862581,0.182475919294916,0.230614931767274
"209",0.114446858892623,0.283433881008239,0.352764927143686,0.0230348334127189,0.189825395235244,0.0364941043074901
"210",0.01515769334487,0.262202215911809,0.0485534072361956,0.0591192323102985,0.255648945804461,0.359318505392366
"211",0.0578243955719666,0.103454040812444,0.443658645828237,0.0605892072014213,0.140942000528711,0.19353171005722
"212",0.0947329731019482,0.241140359349575,0.144450038010465,0.231858291059916,0.163321570819162,0.124496767658934
"213",0.0254447765579852,0.291159598774352,0.288619658824716,0.194223715891827,0.141636336995157,0.058915912955962
"214",0.0932053803352792,0.0833305232721902,0.214113872475683,0.130702542551811,0.169597165157041,0.309050516207995
"215",0.14972587833494,0.107209749832669,0.251306950457928,0.152502782901221,0.157767192493012,0.18148744598023
"216",0.100763668899814,0.287477632023358,0.068995376124873,0.299238164141762,0.0655777573483323,0.177947401461861
"217",0.132631843910717,0.194725999732845,0.172744774929204,0.120879082501883,0.032596261257751,0.3464220376676
"218",0.0969805664989861,0.134010811307519,0.314342223622465,0.100709024141397,0.164441094302618,0.189516280127015
"219",0.183654409714274,0.333010192032995,0.0694941699648465,0.095413832726656,0.0673121199865704,0.251115275574658
"220",0.0183405798222862,0.218505549538029,0.291419727144263,0.00809564275095704,0.27601329745418,0.187625203290285
"221",0.00963325669724697,0.122573662169571,0.352491849509247,0.280673833006851,0.183050758644603,0.0515766399724803
"222",0.113655842556905,0.0779303255887453,0.292078241010511,0.218545730254355,0.201519464065114,0.0962703965243696
"223",0.0997793364991851,0.181428224182166,0.158744619273693,0.227575613807821,0.0904473787677502,0.242024827469384
"224",0.170882439408564,0.279637984400143,0.0542543144181545,0.0648350021686221,0.0658339769327512,0.364556282671765
"225",0.108209390460359,0.255686272571303,0.361043635533194,0.150094336702554,0.12496636473259,0
"226",0.0352629548014542,0.234753207270119,0.0998946378583444,0.231381801659298,0.231150234866519,0.167557163544265
"227",0.166546849353507,0.0477970684029136,0.133928717375331,0.154144471357152,0.178382673683007,0.31920021982809
"228",0.0139515715001336,0.240912853873887,0.218562309876711,0.227974209406135,0.0744485824283657,0.224150472914768
"229",0.0894665428248371,0.0847559009675681,0.0330118487569263,0.359493446996081,0.0437010848101362,0.389571175644451
"230",0.0222959059215037,0.289095645843846,0.271910832977877,0.215808463347634,0.185696758699776,0.0151923932093629
"231",0.158207155835673,0.194095845195763,0.269756112522813,0.036832707652028,0.154997464485386,0.186110714308337
"232",0.0806101644916684,0.0337040543176993,0.296443257938898,0.210210973732606,0.0876520601342808,0.291379489384848
"233",0.131717894840373,0.0176291147271644,0.20151841724769,0.217251603001298,0.213527009989521,0.218355960193953
"234",0.164313301141262,0.0488105145503405,0.34546480420284,0.0423209498265748,0.181364282270582,0.217726148008401
"235",0.0781173658496199,0.0251837869102915,0.226808731782929,0.134897823620257,0.386608957578232,0.14838333425867
"236",0.0307647157261063,0.24178181186569,0.279671421009037,0.123051172967855,0.137300168199907,0.187430710231405
"237",0.101932731132552,0.0393612245897103,0.106587512582484,0.319919337458324,0.152239549555545,0.279959644681384
"238",0.0643651298914215,0.100273839092796,0.261534417788729,0.176318078668898,0.2240906694347,0.173417865123455
"239",0.120832828239625,0.00168534501364789,0.514984563654381,0.0895917671307137,0.170605932390911,0.102299563570722
"240",0.130674044405832,0.204214063898725,0.103515319672501,0.285412928271387,0.0924846164083969,0.183699027343158
"241",0.110005760908227,0.281135544590881,0.221462953352426,0.134898708045862,0.0991038136002692,0.153393219502335
"242",0.123954011050917,0.243645300107625,0.132881016452849,0.101498159995312,0.218079128631155,0.179942383762142
"243",0.118579707863489,0.223033412276759,0.189902627736633,0.20995448758694,0.119880418464692,0.138649346071487
"244",0.132720618824683,0.225634960355103,0.360051034880099,0.128044325593912,0.0823303371165082,0.0712187232296943
"245",0.134856731882302,0.07542849137462,0.274148233872102,0.183277971924183,0.101308406312697,0.230980164634094
"246",0.0202118827421942,0.0832536573223899,0.259756995575594,0.258568167399292,0.0918954632550677,0.286313833705463
"247",0.0194699907475618,0.32951166002208,0.183217520663435,0.107437649472794,0.196681188467656,0.163681990626473
"248",0.20752352250231,0.0540888993528475,0.267346696992494,0.0845007891027961,0.135338429875028,0.251201662174525
"249",0.138400097901474,0.114821669769079,0.173861767763358,0.0637251646073731,0.0478696255928765,0.46132167436584
"250",0.161202556284252,0.137591813390661,0.153206699106519,0.0853297661983431,0.252199993564159,0.210469171456066
"251",0.0233584626319126,0.145140626204281,0.109515724674472,0.142853416986936,0.340934375724287,0.238197393778112
"252",0.0642050797878988,0.243899624247021,0.195573678987274,0.0270351921344518,0.0527973033334516,0.416489121509902
"253",0.105596941154655,0.121751122775528,0.246694125232896,0.0902498362377061,0.267114502250418,0.168593472348796
"254",0.0353350587479271,0.0522637936337926,0.350807803755952,0.261705152782925,0.268290502706559,0.0315976883728443
"255",0.203772997403509,0.218966422120818,0.158460235460445,0.190012385515968,0.0793352189831634,0.149452740516096
"256",0.0155330244108232,0.217775773112801,0.327670814904579,0.254315948244315,0.179140165471631,0.0055642738558503
"257",0.132371281840545,0.215721176192063,0.255491931876578,0.143360569791456,0.0507386020444074,0.20231643825495
"258",0.0974626741930378,0.20939872378979,0.297867755119263,0.0773081450012159,0.179645063947588,0.138317637949105
"259",0.0429798520899665,0.254031022920682,0.257520443451181,0.240957323012864,0.0272011698095934,0.177310188715712
"260",0.129802503587884,0.244152360759286,0.160254485314983,0.139174190309809,0.105896804447635,0.220719655580403
"261",0.159043556314875,0.136610705348991,0.228899583300937,0.125925748447378,0.0930544258287723,0.256465980759047
"262",0.0460108143574483,0.077122488152207,0.118686058377535,0.357978656991606,0.333858283525819,0.0663436985953846
"263",0.0838228670057028,0.132954897414023,0.156075024006039,0.290751979387939,0.0415931492597637,0.294802082926532
"264",0.095329092514378,0.116036398329994,0.257252054422914,0.122386189852291,0.320944501823073,0.08805176305735
"265",0.130296505046791,0.113199642380326,0.211215526762114,0.179622525043051,0.168560615823791,0.197105184943928
"266",0.181147340676937,0.0476963242123696,0.0892546653869095,0.228572485765766,0.19970300795604,0.253626176001978
"267",0.121240997953808,0.257427561050795,0.211495123128866,0.106988967376831,0.0460786583820026,0.256768692107697
"268",0.162776387447569,0.226493054160964,0.221381866503717,0.0868717764579336,0.0528408405697141,0.249636074860103
"269",0.118497536013308,0.183101555964967,0.199529771393618,0.152130147028211,0.174171189310244,0.172569800289651
"270",0.16323012789695,0.0225078458971003,0.377272443891165,0.0443991316558596,0.213607147002715,0.178983303656209
"271",0.133798288006965,0.0822876025603241,0.277835706906591,0.215138815776685,0.0602254467695258,0.230714139979909
"272",0.0990905182961469,0.0525568388934796,0.38016548105139,0.261992303550103,0.0715217613867616,0.134673096822119
"273",0.158505307145969,0.0501952023358542,0.254635623944328,0.0417276470806085,0.162578114230093,0.332358105263147
"274",0.0384036108941267,0.150114921273029,0.185536537151847,0.201646403105586,0.13342108914526,0.290877438430152
"275",0.117385757528838,0.0687931114145356,0.335841547354626,0.165233345974028,0.158999541583454,0.153746696144518
"276",0.0276577395486022,0.304282782969729,0.142271561510204,0.260206918851195,0.103424923127069,0.162156073993201
"277",0.203650518788228,0.336534357960891,0.0819319934108674,0.293060502980085,0.0364800772729606,0.0483425495869684
"278",0.020445415886779,0.0938990165899578,0.243202970886411,0.146120556056906,0.199194027200532,0.297138013379415
"279",0.0813331426963407,0.0342349432721754,0.194601385002848,0.144270274213442,0.150496790770548,0.395063464044646
"280",0.118899803900928,0.104208370052062,0.278179172612608,0.229613442972978,0.156363757186088,0.112735453275335
"281",0.0280670726944667,0.0940721755343292,0.225602156796383,0.177272248908005,0.242892265423826,0.232094080642991
"282",0.00725605779567789,0.162765565376534,0.34784234229678,0.100146399706123,0.262517942101924,0.119471692722961
"283",0.222389782869575,0.1049750221408,0.200431171252775,0.282359625684066,0.037984245436943,0.151860152615842
"284",0.14830215256996,0.0313182178675167,0.264078477523038,0.273343473085057,0.11606372455095,0.166893954403479
"285",0.0965264283175525,0.24535624449936,0.236845620822649,0.0750581263922884,0.0972802584659675,0.248933321502183
"286",0.00339993655980399,0.0846450725539722,0.285670773326209,0.247579628553202,0.171867528746545,0.206837060260268
"287",0.187999759165378,0.124172646098846,0.211535943657311,0.218593507736638,0.22548032236773,0.0322178209740973
"288",0.137758556585223,0.198019011813954,0.354231381675772,0.107920037818417,0.0928444174008821,0.109226594705753
"289",0.124971661205408,0.116976957193788,0.266733307800473,0.361979278270747,0.0266430253506088,0.102695770178976
"290",0.0431944788729164,0.292276918943379,0.318676616648892,0.214800886808797,0.0230573650993334,0.107993733626682
"291",0.0349329006937184,0.147776191936653,0.420715388092681,0.167609916875704,0.0199183226696603,0.209047279731584
"292",0.0543976448736941,0.203535050224053,0.294797122616717,0.0268903728901004,0.220828846915465,0.19955096247997
"293",0.0157997268233369,0.108258434423659,0.188060016797497,0.132669407207443,0.272470419267761,0.282741995480304
"294",0.0136526402521338,0.211446073569225,0.136680899674174,0.0825779639708626,0.239093348026153,0.316549074507452
"295",0.0475219567523952,0.0636701290669983,0.295809826449061,0.203197408328086,0.305845610494794,0.0839550689086657
"296",0.108436176107501,0.312063640078744,0.107829508085268,0.326389197977622,0.10353539744253,0.0417460803083353
"297",0.162897908054063,0.282911840460468,0.043220041946424,0.311343849027714,0.101486071877746,0.0981402886335851
"298",0.129152511774421,0.164200450628183,0.271725725560168,0.108147853212837,0.173228876784857,0.153544582039534
"299",0.165664182489313,0.275231971668022,0.278973369942295,0.233823913837475,0.0330077739471518,0.0132987881157434
"300",0.12452355262499,0.137996848103335,0.107906045064788,0.234928831375998,0.130653527473208,0.263991195357681
"301",0.119477318081897,0.233558153426606,0.117500050273731,0.199147834348096,0.201155117144664,0.129161526725007
"302",0.178554235520106,0.145548743248744,0.12656734225667,0.0891831126874524,0.179684020030528,0.2804625462565
"303",0.118789761042969,0.248055178509038,0.0472945141631306,0.158853826388576,0.159243598966743,0.267763120929543
"304",0.128935484233258,0.165676528799547,0.344957593666864,0.132388064601202,0.213752274437,0.0142900542621294
"305",0.0234098067074371,0.143897022488739,0.0441587535709123,0.174692884377134,0.598377671598979,0.0154638612567984
"306",0.0832739188336348,0.286212830265007,0.0982746689273021,0.184479408651496,0.26902153944601,0.0787376338765496
"307",0.144615212337654,0.0847662484559637,0.207788063256741,0.0594827617380966,0.0984313851380409,0.404916329073503
"308",0.143103243519241,0.215774651550761,0.141901816884247,0.138870506751365,0.116279979407509,0.244069801886878
"309",0.115101804030991,0.085631357888004,0.224695856732715,0.0424329640469512,0.137151010702316,0.394987006599023
"310",0.142537514233498,0.230081757347964,0.290351113633435,0.0333433753262348,0.0119234766613191,0.291762762797549
"311",0.133030797518658,0.228843569792957,0.275473427909482,0.070336308055895,0.10826510603016,0.184050790692848
"312",0.156775294525121,0.0470261066587578,0.275992590161881,0.174516381771946,0.297293475280478,0.0483961516018163
"313",0.14861454652086,0.195462174970907,0.242340699757564,0.229409233521433,0.147786137185795,0.0363872080434408
"314",0.0844206149111705,0.311723988247558,0.051969830068902,0.253318536568451,0.136372078843182,0.162194951360736
"315",0.129979562857118,0.115936337594469,0.193305020683935,0.127393964999717,0.200328377208309,0.233056736656452
"316",0.0377708131068918,0.197815072207998,0.234905285274309,0.126170089373056,0.160658763731287,0.242679976306457
"317",0.0998562732302949,0.17208301192734,0.278387699233977,0.155642675384098,0.19873381882579,0.0952965213984997
"318",0.111662653951003,0.103617443933702,0.310292128295505,0.18298243183646,0.172250845751691,0.119194496231639
"319",0.098830462060802,0.293153199964218,0.159104950696474,0.141647340092929,0.121473445650526,0.18579060153505
"320",0.0256906051787909,0.0168926662125398,0.366097187394451,0.117164978953849,0.213006541044853,0.261148021215517
"321",0.135846139726555,0.0843429901186422,0.271837593478522,0.18047506519768,0.187593894942944,0.139904316535657
"322",0.0936428825413807,0.181469621572998,0.237695490031683,0.223511246424816,0.0908275565476899,0.172853202881433
"323",0.124597746519965,0.241749816763581,0.0526412774566861,0.0720897983868549,0.217795391482678,0.291125969390234
"324",0.0378301926580021,0.254236791683655,0.206447835966922,0.0769995468976006,0.165777823945317,0.258707808848503
"325",0.155355133997436,0.183742179196596,0.225578652482363,0.143760860350623,0.245461616944327,0.0461015570286557
"326",0.0859957926160494,0.29768568264487,0.146082161392446,0.211098776997333,0.0525311661076036,0.206606420241698
"327",0.130803943347085,0.213198884546957,0.233651307143825,0.274266537919483,0.112085036910898,0.0359942901317528
"328",0.181459140349908,0.0170324082199575,0.130256258998786,0.342912878420473,0.095888337165536,0.23245097684534
"329",0.13010771241871,0.291148343827597,0.037374262490067,0.0860922383405577,0.209334589935964,0.245942852987104
"330",0.0760484704971979,0.340957913016621,0.411372352918501,0.12810927430427,0.0146501466513209,0.0288618426120891
"331",0.0324161788864919,0.311536081061239,0.109540162591433,0.236425801641569,0.0136798818566229,0.296401893962643
"332",0.159793026804095,0.0663339262951804,0.101601463081511,0.283140573293145,0.279167670115299,0.109963340410769
"333",0.121859273528773,0.0333611996284445,0.0514743751755605,0.260651083773211,0.245785297803796,0.286868770090215
"334",0.179847165744303,0.0364370991855315,0.280515309324983,0.22810156776072,0.105345473339115,0.169753384645346
"335",0.083801839301269,0.20288690478882,0.0904372192947244,0.190869910700813,0.216608075929598,0.215396049984776
"336",0.0506651055029957,0.234747784559941,0.191784232314786,0.230110220877727,0.130978134050881,0.161714522693669
"337",0.123882342775728,0.205750296368694,0.278399974798897,0.278125021247086,0.097316930146833,0.0165254346627625
"338",0.161547685488901,0.050410786278204,0.306504977644714,0.275852014159789,0.145439586663493,0.0602449497648996
"339",0.0723266341498175,0.10182605874445,0.408574340937188,0.228162314569991,0.0497929676249401,0.139317683973613
"340",0.101570114712931,0.205527315564521,0.305493920641645,0.021149158378632,0.141403591361125,0.224855899341146
"341",0.15425581915054,0.0194968662786034,0.123501243269748,0.350114612630413,0.177916684904585,0.174714773766111
"342",0.151000582106908,0.206728516323453,0.254395293343843,0.150656502282056,0.0261073998774682,0.211111706066272
"343",0.0989461260299126,0.104957521150004,0.218092158192213,0.219417407180233,0.101997801975415,0.256588985472223
"344",0.207827950162591,0.318108332928666,0.187976583681392,0.0631697754489363,0.188510563943111,0.0344067938353042
"345",0.112545689168062,0.019595709229517,0.168776175287135,0.238939832430122,0.125959840759192,0.334182753125972
"346",0.248696603607174,0.0336364050229111,0.237580060595009,0.138464042684934,0.294816357570013,0.0468065305199592
"347",0.146507696319031,0.151829956761689,0.34546439900953,0.252954986282646,0.0219065166871183,0.0813364449399856
