"","neu","NK","CD4","CD8","B","mono"
"0",0.0443985453699045,0.0238094012018059,0.233182312753532,0.148669007455212,0.151079324686166,0.398861408533379
"1",0.115123666550641,0.102328496181289,0.315818299138571,0.0855539786218975,0.142978545617168,0.238197013890434
"2",0.0641524987124414,0.226072690801858,0.221479124821795,0.23855445652733,0.143084358816381,0.106656870320194
"3",0.149369321266047,0.189096588259828,0.19820125574769,0.112432507999742,0.267676506698371,0.0832238200283222
"4",0.0739830268371735,0.304303540963115,0.0298223034020881,0.0947772476701584,0.149362010100202,0.347751871027263
"5",0.0855524482971541,0.177091089885442,0.205699253747348,0.0331804854080466,0.254292017773777,0.244184704888233
"6",0.104119011994677,0.270637476730358,0.0670877721192526,0.213982041840017,0.048299883615168,0.295873813700527
"7",0.029878291727288,0.0242849891475385,0.243578127043166,0.279763515831584,0.175369772489753,0.24712530376067
"8",0.151610478297574,0.0882126953452571,0.171422174654174,0.0951029657713314,0.422572443130607,0.071079242801056
"9",0.101341052021329,0.309430575960528,0.344819555421993,0.0541041883022376,0.182736074944071,0.00756855334984157
"10",0.175172649995171,0.138256367448408,0.362057910768225,0.0291923771304045,0.115191984525613,0.180128710132178
"11",0.138896179317805,0.117584254213302,0.145465616589118,0.0960290074517679,0.0322834817876997,0.469741460640307
"12",0.0743614778056059,0.00122751855471526,0.399334773593518,0.293677095449641,0.034278793925842,0.197120340670677
"13",0.030791216470727,0.354627548041631,0.113948477374124,0.0280775884202303,0.228107979934826,0.244447189758462
"14",0.0627364162929729,0.27482704134747,0.0682301246514206,0.0875740859952512,0.194475059553725,0.312157272159161
"15",0.134898134225273,0.0705830446964879,0.369812910839344,0.244547457643579,0.0264644041224939,0.153694048472821
"16",0.166437754560484,0.0237259993158172,0.237217839035648,0.17031776028625,0.178513031142779,0.223787615659021
"17",0.152743872178974,0.223335584040107,0.285456906156808,0.118133014911669,0.131785688373999,0.0885449343384435
"18",0.0695698385047154,0.120971991206925,0.182694546596897,0.214009035436242,0.109386809329086,0.303367778926135
"19",0.128778599557424,0.0869884665932962,0.255481639409047,0.0497620452973806,0.216985135754781,0.262004113388072
"20",0.132279353532583,0.0373568056767841,0.250676618803299,0.242771717020897,0.197644505504461,0.139270999461976
"21",0.145296831800912,0.194146217763,0.128404182315502,0.297514793339116,0.163324905851942,0.0713130689295282
"22",0.0108480988269303,0.161902283800916,0.422602370428383,0.110770717491585,0.0719805101479381,0.221896019304248
"23",0.0879593364490644,0.132070269817336,0.228316837649543,0.225752539705405,0.12111853624912,0.204782480129532
"24",0.0294833596347029,0.0415104945424304,0.188478738564842,0.223436375245506,0.288233000070568,0.22885803194195
"25",0.0871260372048074,0.0586580388024283,0.196464565630133,0.171038741828488,0.118589115149396,0.368123501384747
"26",0.147285956786871,0.223011044084587,0.257090483011791,0.112444063648247,0.196502172763875,0.0636662797046283
"27",0.0771532595622019,0.17856231292083,0.0895414988245096,0.339506427713481,0.0355070569671734,0.279729444011804
"28",0.0866706564333237,0.166706082816799,0.118919943141361,0.113223513517168,0.199558469064888,0.314921335026461
"29",0.0121010676019612,0.260738036033116,0.052067140508067,0.167364281760308,0.298667453758711,0.209062020337837
"30",0.0367228821027286,0.0288564919388156,0.318228475113686,0.09602300839225,0.180867280356555,0.339301862095964
"31",0.0315101035078643,0.124046834363128,0.159149120857081,0.341626308073373,0.294019293566735,0.0496483396318194
"32",0.0501534856507297,0.136907492683239,0.115317512176562,0.445927478759304,0.040838611016982,0.210855419713183
"33",0.0844587134494898,0.125152719037473,0.310411523320819,0.316155985938303,0.163821058253916,3.65358879502194e-19
"34",0.12529584354684,0.0671313980029733,0.0945794914791791,0.339787677547602,0.31268035476352,0.0605252346598851
"35",0.0486441424301964,0.238364383456,0.301991910918373,0.163584061072686,0.0932225263109912,0.154192975811754
"36",0.12294634639633,0.135702182873017,0.304194962690927,0.158450523766218,0.123272834305612,0.155433149967895
"37",0.1163587703529,0.174441564314527,0.224636702449862,0.0526022059274188,0.157500637244927,0.274460119710365
"38",0.0070572362704835,0.0234057587729021,0.425036716595657,0.221976500245747,0.0945053616539373,0.228018426461273
"39",0.0352790507656111,0.0445221949283981,0.387581557462,0.305055106155248,0.146099369135971,0.0814627215527712
"40",0.122733643657349,0.211485497606855,0.299598530912207,0.0769779560479707,0.181425156660119,0.1077792151155
"41",0.063645669126356,0.0585182412902579,0.38622896481237,0.0669039360372588,0.380268780939189,0.0444344077945678
"42",0.12963864683908,0.240574574783417,0.249614596573809,0.280096312993563,0.0222207993784711,0.0778550694316602
"43",0.160331720671639,0.17883069120243,0.206815913544329,0.0911187247878456,0.1976521402862,0.165250809507557
"44",0.147426775759844,0.088905310278656,0.247926877769798,0.0410076387027725,0.217896488822762,0.256836908666167
"45",0.0867305289094977,0.225349416449561,0.241909514457596,0.111387475288464,0.201403159180882,0.133219905714
"46",0.0832901061863405,0.311687724304732,0.38771030772881,0.148008776859864,0.0160544953275781,0.0532485895926751
"47",0.0472771407891213,0.248504699124682,0.284825265826042,0.146742851492834,0.0304857825670997,0.242164260200221
"48",0.201644790535889,0.147609147303829,0.144587999498403,0.0817024900635335,0.0593171186065046,0.365138453991841
"49",0.196730100921996,0.0754446672174703,0.190965864284897,0.113159760497593,0.176280723813284,0.247418883264759
"50",0.0285074285167725,0.230551727804728,0.06350038037474,0.0600373329172043,0.373158365922108,0.244244764464447
"51",0.0763522749517606,0.237260119257308,0.0552739012593348,0.0792590507368082,0.279996392023794,0.271858261770995
"52",0.0985226184966285,0.0648015575328224,0.202422826340889,0.230178390400037,0.0968772960454955,0.307197311184128
"53",0.0550396581443209,0.192189642828479,0.299736040583701,0.195375085863904,0.0589573228136912,0.198702249765903
"54",0.115844488934964,0.120232325550421,0.266715365379161,0.082579907076258,0.193486446064471,0.221141466994724
"55",0.0943746938162423,0.0826808922571375,0.0639742543944634,0.0569155419213724,0.278882774566072,0.423171843044713
"56",0.0073113833652884,0.166087368309103,0.198080253156556,0.0524859594515232,0.21199858873571,0.364036446981819
"57",0.101396971293108,0.0283207381414809,0.483969454073267,0.224632716820206,0.11365757042757,0.0480225492443678
"58",0.111159132633784,0.220672910702238,0.192548329358967,0.0247430665013298,0.291658081909702,0.15921847889398
"59",0.0318841314730405,0.0863623432859708,0.213650003621772,0.347487737014205,0.28408254856194,0.0365332360430711
"60",0.135946017644384,0.221578860776341,0.186198122040119,0.230604701023623,0.120487072014549,0.105185226500983
"61",0.130945553295804,0.0189469249606325,0.131300072896043,0.30239101123927,0.0961803920820419,0.320236045526209
"62",0.121654773810556,0.0353323552045992,0.377189479859354,0.0930339731652977,0.17044600041507,0.202343417545123
"63",0.218120397792432,0.177937790562178,0.089739819833371,0.0916389376432887,0.351807406810698,0.0707556473580323
"64",0.0560196446469283,0.215288746792058,0.311757695406774,0.116291534498578,0.23089486512408,0.0697475135315818
"65",0.141366130404643,0.140386720976062,0.10779878976192,0.261220541282936,0.279392252768866,0.0698355648055725
"66",0.0601047901975077,0.261310086207207,0.114231413183152,0.2336809247579,0.212494839175821,0.118177946478413
"67",0.231955771086301,0.00241449716156955,0.553793676143492,0.0148354486205743,0.121276945865925,0.0757236611221386
"68",0.0347972860525518,0.120134906850793,0.288421329961807,0.358573371430856,0.135174090389887,0.0628990153141053
"69",0.0910353107423774,0.256634965004847,0.0908032682327717,0.250894455298676,0.252327420622324,0.0583045800990041
"70",0.202840852474016,0.13247710485101,0.186839190085665,0.0509094855896805,0.25112651513694,0.175806851862689
"71",0.0878686457047846,0.271672593039334,0.13751500483424,0.148530573975487,0.148715033522924,0.20569814892323
"72",0.0858686181140654,0.1430881588969,0.34525295060211,0.0507167776073578,0.256901578206105,0.118171916573461
"73",0.0514555931198882,0.0635594610085587,0.376767570436934,0.142928864014559,0.284362857166991,0.0809256542530698
"74",0.0889384424289057,0.13730901707676,0.0730374395288908,0.055966876718953,0.351121032833006,0.293627191413485
"75",0.229541435259919,0.275514567978351,0.265426242313433,0.0419866911861962,0.0959302660830306,0.091600797179071
"76",0.112983168893364,0.0151019193294323,0.225053869457756,0.206839310633665,0.203576119655623,0.23644561203016
"77",0.178653613025646,0.155828742116084,0.210242913156071,0.166169407345143,0.059728067881921,0.229377256475135
"78",0.196124499253651,0.0975034032794393,0.305892532768519,0.0621713206199337,0.217113951767682,0.121194292310775
"79",0.145151431400835,0.0706802195503657,0.238725595436634,0.234069228340029,0.236213208128077,0.0751603171440601
"80",0.0996512056002225,0.257353623364766,0.117111268104667,0.15965705556871,0.162319520949437,0.203907326412199
"81",0.149294636721905,0.244363387467084,0.199544002837442,0.102006992116029,0.230936515984668,0.0738544648728716
"82",0.11544945264224,0.297169845410751,0.265593329456036,0.109329828460559,0.0903884366358345,0.12206910739458
"83",0.00660602357591238,0.216728277024586,0.216029612165922,0.120496201253449,0.103564011467618,0.336575874512513
"84",0.0710079755127522,0.19993289133216,0.116960225888018,0.222624765344035,0.123949393400882,0.265524748522153
"85",0.0137170312913325,0.114916538258257,0.263367539073964,0.161017292849731,0.100380624957572,0.346600973569143
"86",0.146624041950158,0.0861492234706478,0.236174840286588,0.179403411265925,0.110051471410679,0.241597011616003
"87",0.18027234142464,0.149088130077857,0.0708915499268097,0.147745819906746,0.13079967606161,0.321202482602338
"88",0.121017195838391,0.226596325251939,0.0561834621059484,0.244962093614244,0.229704707417255,0.121536215772223
"89",0.1124540129336,0.217783780835973,0.0995608854919708,0.0953077050170794,0.25097151215637,0.223922103565007
"90",0.0487780437644217,0.199001325741183,0.279031274859712,0.115497842244792,0.143107556790637,0.214583956599255
"91",0.0200424537520947,0.162281403840618,0.23746767984547,0.250344068541546,0.0209642178978444,0.308900176122427
"92",0.149303686337228,0.142240312740512,0.258657628978554,0.323382414768011,0.0742166736570036,0.0521992835186905
"93",0.239609603118578,0.0857720157508248,0.317700842683567,0.231045282663319,0.125872255783711,0
"94",0.118067271178477,0.193030401681094,0.260259392653227,0.1779143130275,0.129275897880711,0.121452723578991
"95",0.154457655453812,0.0731848565899577,0.336374139955553,0.0627613097115234,0.0207999883201202,0.352422049969033
"96",0.0507565437878916,0.258125552861173,0.127874458962143,0.24017478531939,0.0727050458819101,0.250363613187492
"97",0.128491854695016,0.0670412812641804,0.299901468171138,0.11364224839806,0.144379076991502,0.246544070480104
"98",0.0873743733637916,0.0546891891120272,0.284730408413735,0.0731683646578889,0.250977950663791,0.249059713788767
"99",0.0309654488517434,0.233968921453801,0.269783095792965,0.171692151016325,0.0444089455768282,0.249181437308338
"100",0.252500597010093,0.23589492660283,0.124069129261538,0.218936245405814,0.0261808225920157,0.142418279127709
"101",0.0755040527917455,0.0826432321839166,0.248789903409613,0.285208418455114,0.0526192861543436,0.255235107005267
"102",0.0166664761837763,0.301818947961404,0.236329041823588,0.010498832038974,0.0990370670942918,0.335649634897966
"103",0.0939272969775709,0.120125422468711,0.217130082762675,0.262973881390424,0.0637005731801329,0.242142743220486
"104",0.101333150403343,0.191890615158328,0.224658096050414,0.203188623222191,0.210371788935928,0.0685577262297956
"105",0.026122770636026,0.24028235346338,0.578612359724826,0.0814163653985991,0.0275230065891865,0.0460431441879828
"106",0.0625940347306867,0.343855098395371,0.0897810243991208,0.22290948168891,0.0162526298871633,0.264607730898747
"107",0.103160798561897,0.223346888321634,0.221557528527777,0.0723548083608787,0.129774179706629,0.249805796521185
"108",0.133491208062313,0.0798360553384481,0.181009422153706,0.118627946555481,0.379042917063277,0.107992450826774
"109",0.20900367539008,0.161008985545,0.219810757888497,0.0721818559141268,0.200578733257275,0.137415992005022
"110",0.149730924100576,0.206400083142851,0.230193837648464,0.204457529770922,0.14919337865671,0.0600242466804766
"111",0.193416970853504,0.346904943030211,0.272267854784391,0.125829325128545,0.049154912842865,0.012425993360484
"112",0.0979645543736559,0.203961156373329,0.251642831066673,0.0947570805833484,0.192783411075193,0.1588909665278
"113",0.0565619506142676,0.245351412457015,0.097738641443926,0.0474197302495392,0.240044335633892,0.31288392960136
"114",0.208100586224221,0.0663869478362565,0.242675389963036,0.144536795859406,0.0916667575347438,0.246633522582337
"115",0.164723095797946,0.0855329309151141,0.499751745091765,0.0677705097402254,0.0484749646450286,0.133746753809921
"116",0.300143369231329,0.0718754475741218,0.336041897950449,0.092312959050342,0.187674896664988,0.0119514295287704
"117",0.162936760401591,0.452147257435133,0.226962699340054,0.0710629310328183,0.0737608418086625,0.0131295099817407
"118",0.0926366705283777,0.22890456811403,0.306759982219481,0.0899036372209949,0.262624110054349,0.0191710318627677
"119",0.267226252316111,0.0730724453304901,0.19955485506062,0.167944990274854,0.211632502628793,0.0805689543891322
"120",0.157826157469038,0.065109052374547,0.075644322612259,0.220739781831659,0.202768958422608,0.277911727289889
"121",0.124201845376359,0.0368444279228728,0.272340072684596,0.0648089887975321,0.353083679556215,0.148720985662426
"122",0.0757915400789519,0.165269387605611,0.36084505097775,0.292298657080125,0.0814773752980215,0.0243179889595403
"123",0.131478639664878,0.166036744016282,0.165082624487687,0.259724315361156,0.130234318707708,0.147443357762288
"124",0.072258277385951,0.103235743001182,0.319034873905185,0.241348722894608,0.23532341160936,0.0287989712037142
"125",0.105404890419676,0.017340530207268,0.372924923731739,0.161434648632843,0.225830558091159,0.117064448917315
"126",0.0792785873951709,0.245295663918805,0.227015344283379,0.0297263297434287,0.231983853693309,0.186700220965908
"127",0.110850580165677,0.069454980001416,0.531224978689614,0.0813896842696436,0.023465700961875,0.183614075911775
"128",0.0412684509642257,0.0530940197660696,0.289396592538305,0.23451098182387,0.213650202936357,0.168079751971172
"129",0.119571677487744,0.231970203399149,0.187222286618488,0.302398863477989,0.112098344152759,0.0467386248638712
"130",0.123888804007974,0.301073814264477,0.0638387748936099,0.0753396608442884,0.21807209738562,0.21778684860403
"131",0.0855645388754208,0.21586460821155,0.0952823214037153,0.0297171885627756,0.177377389168475,0.396193953778063
"132",0.0709749341032878,0.161156933941579,0.199471881391669,0.160067912770982,0.25298767192955,0.155340665862931
"133",0.113855446541262,0.227148041540064,0.224201035122485,0.128133874849966,0.0254169722524258,0.281244629693796
"134",0.0767979975537569,0.20792269492867,0.093418751826556,0.186789102974195,0.143324146392539,0.291747306324283
"135",0.124249323756358,0.0486218042477925,0.254761594075777,0.118930950107295,0.264739466285249,0.188696861527528
"136",0.158415291851499,0.379561726885239,0.0814232817402279,0.128585579883403,0.041587367800453,0.210426751839178
"137",0.0794128035598977,0.225875481085091,0.124885866254236,0.0113227591898422,0.222939427022713,0.33556366288822
"138",0.0512365922441592,0.162907218023465,0.247141883822695,0.190164401006108,0.171862859691897,0.176687045211676
"139",0.168022370885334,0.15969094631137,0.272853388366635,0.101536451517418,0.269682551875681,0.0282142910435624
"140",0.089052224474473,0.181895358458848,0.218100143113313,0.207922374787036,0.181428398917108,0.121601500249223
"141",0.188022360973754,0.0377609410036257,0.145313098915496,0.271593479798989,0.243490536113789,0.113819583194346
"142",0.0821537804315595,0.183330088428525,0.0789000673353072,0.10911102191442,0.279109691752103,0.267395350138085
"143",0.191467825057592,0.10626732841338,0.208811168143207,0.131464618553959,0.257530887214309,0.104458172617553
"144",0.0153751885457842,0.282375371993017,0.311565145456945,0.314981471617705,0.036961186311629,0.0387416360749194
"145",0.0650347673119971,0.333348949434655,0.377070478112346,0.0667976257011452,0.157748179439857,0
"146",0.0157761363382941,0.0213454528174535,0.320343040567178,0.221908717764309,0.190954708306897,0.229671944205868
"147",0.0413104274191494,0.0731509887733131,0.485560716950817,0.168847054088059,0.0209890252464598,0.210141787522202
"148",0.0220727208258028,0.115920749912294,0.321997548381399,0.177536686246325,0.295013254352385,0.0674590402817935
"149",0.0132031175011156,0.169329199568488,0.277946322543637,0.191245182456329,0.0908820068203752,0.257394171110055
"150",0.274056310718975,0.0514499231075481,0.13585987079338,0.0357518786287628,0.284579233032686,0.218302783718647
"151",0.0382423214620234,0.180994853635882,0.255376460459095,0.28622618217393,0.0805716318232437,0.158588550445826
"152",0.113062726579575,0.114991537784727,0.15842106434899,0.25741841523708,0.109603852180056,0.246502403869572
"153",0.0327528080475191,0.273912338326907,0.203618511656118,0.192215090646181,0.130368675168675,0.1671325761546
"154",0.102266371340886,0.202254377831061,0.0744938279484289,0.23856991675422,0.164025018481652,0.218390487643752
"155",0.124057906665587,0.193582391669272,0.227929470172702,0.169840732296016,0.182417651248971,0.102171847947452
"156",0.0200430310055076,0.154433017317366,0.320233867794288,0.132958350610233,0.209442842919429,0.162888890353177
"157",0.148267426305861,0.192930617104851,0.141878577279726,0.312335154539737,0.0140105927789775,0.190577631990848
"158",0.0999181691927818,0.101818345937512,0.113035719515179,0.194601958652994,0.165280497334195,0.325345309367337
"159",0.185412058590364,0.244579295638927,0.147008598536508,0.0766890162099305,0.274008744162662,0.0723022868616088
"160",0.0958234421853968,0.152932703834037,0.184665518677516,0.288386889820494,0.101384383348533,0.176807062134024
"161",0.113534404209254,0.242497477882052,0.347465989009142,0.116114238387586,0.0358084583826152,0.14457943212935
"162",0.0207233902783046,0.224742454226471,0.239106959181879,0.0633237383082554,0.34063664006453,0.111466817940559
"163",0.08732410386321,0.206304705229416,0.30482724649654,0.0998923892205484,0.247541781265156,0.0541097739251298
"164",0.172745749980853,0.183484453252346,0.211649756092682,0.279694521144301,0.0837258377421836,0.0686996817876347
"165",0.104189201468729,0.216391436552424,0.358586573886392,0.087664209051028,0.216884570578319,0.016284008463107
"166",0.166827919013416,0.154310161160382,0.319230835189122,0.23994272356661,0.0521212640191376,0.0675670970513336
"167",0.150440239854413,0.171330953890148,0.337552200350743,0.0230630261794336,0.14623745979758,0.171376119927681
"168",0.175846460753055,0.129376819447075,0.284709194643777,0.081837146180005,0.0359057132786501,0.292324665697437
"169",0.0357362497205887,0.0737017611248068,0.215571819904011,0.251604382269673,0.244756638056029,0.178629148924891
"170",0.0417201422064064,0.0368252464314736,0.16042158653528,0.169133950459175,0.311197281672656,0.280701792695009
"171",0.0897191683628259,0.0746014107474188,0.270712885142237,0.22882546839382,0.227324523416087,0.108816543937611
"172",0.0197359643102885,0.175855515775063,0.320746757175758,0.0565926475016521,0.299007485831926,0.128061629405312
"173",0.088226313523236,0.127937331207367,0.167961888045872,0.144840781631002,0.211919847395522,0.259113838197
"174",0.0870391203425289,0.0720357000955274,0.423101433605553,0.226917985974738,0.129623949443871,0.0612818105377818
"175",0.0840949954396226,0.254372283783499,0.135332024049279,0.219721626269363,0.251966720224558,0.054512350233678
"176",0.0396763861377097,0.296554786085412,0.316943759928369,0.0687028481950824,0.107656826883674,0.170465392769753
"177",0.0395611264230171,0.146979812293453,0.299566953900837,0.220506989041324,0.167267549447606,0.126117568893763
"178",0.111406070376672,0.0388957161075973,0.242716844538273,0.170666178459203,0.161589480504816,0.274725710013438
"179",0.0362373652082983,0.246912532364495,0.184743964003086,0.308608135534501,0.169328423641014,0.0541695792486047
"180",0.0610222249049083,0.105032760714695,0.119530444783941,0.19802956958775,0.0381644883697338,0.478220511638972
"181",0.0946357842915193,0.109545637473374,0.0246141912991743,0.0155024656583411,0.376083374426909,0.379618546850683
"182",0.232594563907672,0.261803833784605,0.0868132138396133,0.258343322437295,0.129660250014568,0.0307848160162464
"183",0.051418007001372,0.134706091223597,0.298625877534985,0.305966622783724,0.0516267485563213,0.1576566529
"184",0.189762465708165,0.473367098855066,0.0712547283601267,0.175973654491737,0.0673430913700615,0.0222989612148437
"185",0.0754790862460247,0.0619537046806156,0.235278255016899,0.128576558108397,0.300475066062288,0.198237329885776
"186",0.0605914572317564,0.417795946673455,0.138303872955987,0.0337682052134531,0.189873065278727,0.159667452646621
"187",0.178748188193758,0.0422599389496473,0.24004244093049,0.231650569108274,0.041685870708526,0.265612992109305
"188",0.0865378324047131,0.192723153615074,0.256790461638237,0.119083536984141,0.146558801339512,0.198306214018322
"189",0.0123706678023858,0.0548013667585463,0.300131553782718,0.0178219882875393,0.242497139409721,0.37237728395909
"190",0.087759040680007,0.219190933332249,0.32622802353957,0.0431481831095265,0.0138695003320302,0.309804319006617
"191",0.0782673232507341,0.0475096758546329,0.0547045866932833,0.284440213062343,0.168325858188607,0.366752342950399
"192",0.131579747178284,0.136385020494646,0.136961316253627,0.196603287573399,0.191944507374935,0.206526121125108
"193",0.14203538024459,0.231854673899814,0.0999397201537608,0.08281718402879,0.182675313053363,0.260677728619682
"194",0.0165909434545583,0.322995193051577,0.0257129411592611,0.224668453974341,0.164992990833517,0.245039477526746
"195",0.0709689930052986,0.0175967947120564,0.276042435723786,0.294436908211232,0.115134541659191,0.225820326688437
"196",0.221468202952409,0.347509867384257,0.0890482911809097,0.0377794718722855,0.244333666026612,0.0598605005835262
"197",0.117474857895485,0.076577545099489,0.287005967572016,0.226851223921056,0.109577705855673,0.182512699656281
"198",0.104249769497824,0.0965144468380351,0.481496141762713,0.209527377952698,0.0834263357256938,0.0247859282230362
"199",0.0378771842894383,0.30513273843801,0.0401452969547248,0.213868519818495,0.0789115395708505,0.324064720928481
"200",0.146698437932864,0.15417804283351,0.0916212303813444,0.225419660555985,0.209162102565973,0.172920525730324
"201",0.0686410586191612,0.243192930308334,0.134683147085083,0.168179132315426,0.0921136849924938,0.293190046679502
"202",0.0140633494409972,0.189007090905609,0.423115090966077,0.121874245787006,0.246614918711098,0.0053253041892126
"203",0.102467651799333,0.266496054579536,0.126119614995698,0.154623008286517,0.0120156984811122,0.338277971857804
"204",0.022562921527331,0.276229129776402,0.0794052550561131,0.343518504052767,0.115694579150639,0.162589610436748
"205",0.0183416144883685,0.236367844482746,0.0260334598046846,0.230033765965065,0.220611998359582,0.268611316899554
"206",0.0298823791454719,0.218464407290283,0.147981775283624,0.213690161530259,0.259525176283443,0.130456100466919
"207",0.111452430267473,0.0456667662659033,0.105522048872876,0.347238983271438,0.300159686294741,0.0899600850275686
"208",0.0688201898818463,0.246600923227076,0.200080912054455,0.191785257538293,0.13269433095246,0.160018386345869
"209",0.0234744617552986,0.580857667630704,0.0279646690913507,0.0281487208857649,0.172825274167631,0.166729206469251
"210",0.0160236350921654,0.232715771108729,0.151159345059301,0.137096986417152,0.247664388173209,0.215339874149444
"211",0.17178827596698,0.213246453096365,0.232382307253437,0.165675751695929,0.0234750364765412,0.193432175510748
"212",0.0313990415345303,0.149199057602454,0.146044273238344,0.389059343772149,0.127328190928006,0.156970092924517
"213",0.345767397627926,0.0436755226478575,0.47904518783562,0.0180530835262079,0.098853166602517,0.014605641759872
"214",0.0278880299905823,0.0538711624148391,0.423663176408626,0.105418549998183,0.38915908118777,0
"215",0.0405427478339282,0.139508910977414,0.235998944061924,0.174480545507314,0.249294854489204,0.160173997130216
"216",0.171140116921036,0.0675748009671144,0.356870578118048,0.114588169550688,0.178597710703146,0.111228623739968
"217",0.136343637585067,0.102635417376224,0.21854810753352,0.160572143619975,0.177543088075142,0.204357605810073
"218",0.118707037963045,0.135010698128531,0.273718577713698,0.208998742078259,0.146674540623281,0.116890403493186
"219",0.179113452913912,0.256460417592793,0.272791017709524,0.220837661199833,0.0440137856702496,0.0267836649136888
"220",0.0302471152452937,0.193011154978076,0.426392748537145,0.284564933419578,0.0301926805095353,0.0355913673103721
"221",0.137526243258346,0.072539925339157,0.209715003833881,0.203214453470435,0.219905354620258,0.157099019477922
"222",0.155840225849326,0.149678327785725,0.1705435623567,0.148319403918986,0.221914649757895,0.153703830331367
"223",0.159449298711453,0.20634261048446,0.288745397942302,0.0996548059771936,0.211922507190343,0.0338853796942479
"224",0.1089517458263,0.21452483731803,0.312214838570477,0.122024829739692,0.121103131741268,0.121180616804234
"225",0.165916943159902,0.0962589493968048,0.260008325243391,0.250483009872359,0.0997425703343434,0.1275902019932
"226",0.134509535146507,0.019664376040766,0.293420955231777,0.141287889228781,0.212185316009784,0.198931928342385
"227",0.143388035167003,0.234543365194969,0.135297855927407,0.184088468171793,0.193608015758743,0.109074259780085
"228",0.155811487141505,0.142980964549287,0.0909736665657125,0.275619164130574,0.0816602951885453,0.252954422424376
"229",0.12013629805816,0.291260695171601,0.0507896027136386,0.159646543417691,0.2426706959365,0.13549616470241
"230",0.107690942795268,0.0686909815647018,0.46678836075375,0.0402960980277045,0.237343069952459,0.0791905469061169
"231",0.151603832133008,0.107729240473068,0.195786742544313,0.350891277676741,0.138051562724643,0.0559373444482264
"232",0.186831050995546,0.0468974836168542,0.177051553305951,0.133133772198336,0.293784546510462,0.162301593372851
"233",0.0562818751306432,0.191703535190252,0.0521814369500182,0.346843638133641,0.170246254692427,0.182743259903019
"234",0.139542932743443,0.265320355213576,0.0668768833985153,0.261432090033521,0.23165801059432,0.0351697280166236
"235",0.0815581115889755,0.229675522046506,0.277985100847959,0.166516978601437,0.234702523011351,0.00956176390377129
"236",0.1422710070716,0.201205612441527,0.157447724544336,0.154698661797087,0.188240715938579,0.156136278206871
"237",0.0872764502944893,0.379896651318271,0.101774881426662,0.265386128432584,0.0189708387548547,0.146695049773139
"238",0.0575767838909562,0.0604079423104912,0.215552424118747,0.194639353436523,0.170673458206646,0.301150038036636
"239",0.0973260319644576,0.206942078367225,0.0969809355488508,0.199013040184297,0.27139146982683,0.128346444108341
"240",0.0191772787833229,0.207563413752005,0.0160305242674834,0.338957999254423,0.193092156809012,0.225178627133753
"241",0.182932899934153,0.0983043234474647,0.446055386687511,0.143626221044532,0.118203327747914,0.010877841138426
"242",0.0529835923973335,0.149138327095448,0.189898658650776,0.243554450011758,0.177331801253881,0.187093170590804
"243",0.203786188527923,0.0290477127251786,0.191342463499644,0.212877121020528,0.187616947868841,0.175329566357885
"244",0.118250156125759,0.104940089958778,0.174278854050455,0.0825050961741982,0.303378844428179,0.21664695926263
"245",0.166132438293488,0.0719417762294035,0.252210445142946,0.147011535629688,0.0898905782611266,0.272813226443348
"246",0.106728486153843,0.158560056722747,0.137732049307404,0.232362974568571,0.122888478673756,0.241727954573678
"247",0.138856209820366,0.0808150487318453,0.0656899919691822,0.204824800859376,0.209687091473478,0.300126857145752
"248",0.131854575397571,0.176351232597863,0.0923925171998379,0.204037292729016,0.155971297180125,0.239393084895587
"249",0.249505670924975,0.0391279033680379,0.133091317824506,0.0265213113004754,0.398101120297132,0.153652676284874
"250",0.102629425927436,0.0943543551604613,0.356173328250222,0.0207795896354384,0.163588730018091,0.262474571008352
"251",0.127330503698527,0.273627791819116,0.29392621446487,0.20740571756616,0.00635092434021619,0.0913588481111116
"252",0.126346395191615,0.177255418308988,0.305552148335607,0.0852865590899208,0.0458022424427926,0.259757236631076
"253",0.153791613166438,0.127814504199716,0.295280231390974,0.109625752249144,0.192031991359772,0.121455907633956
"254",0.0996683704004677,0.0505434142589403,0.127299858098888,0.315355639467654,0.342163425628751,0.0649692921452986
"255",0.138164856823366,0.185626278701132,0.074735957327281,0.185794457021919,0.183911703372237,0.231766746754065
"256",0.107714522847462,0.183458187299795,0.236193654267612,0.198676863470959,0.18416722945041,0.0897895426637623
"257",0.168993046162661,0.035455912911408,0.269667459376787,0.238598676940535,0.264064346542317,0.0232205580662915
"258",0.0607890632064793,0.178106788459398,0.0521353229478367,0.238879782382972,0.237160186832156,0.232928856171157
"259",0.0842101534419785,0.151374615410147,0.1727744054165,0.254063310489545,0.244544515035463,0.0930330002063669
"260",0.104947965623211,0.163305067325768,0.149768499416795,0.0407661837485694,0.242875302569799,0.298336981315858
"261",0.121242403584243,0.0373262499060905,0.26192870574119,0.054291808064967,0.142182827637079,0.38302800506643
"262",0.116884799298725,0.102753140870193,0.31252331849817,0.283812456753323,0.0156922972800956,0.168333987299494
"263",0.127030707031098,0.0509391284966564,0.377581609948685,0.0874061671636909,0.121158285755897,0.235884101603972
"264",0.1192664103077,0.12574403081494,0.290246003149862,0.0996168136536095,0.330901924054433,0.0342248180194554
"265",0.204811837914231,0.114388110721527,0.177821481493575,0.0927681067627275,0.243304654886456,0.166905808221484
"266",0.0621012408778003,0.0737971417114561,0.314362648780405,0.142406325140023,0.190241603708982,0.217091039781334
"267",0.106928947133162,0.182963982034929,0.0672743717442135,0.150213867715676,0.153190549723121,0.339428281648899
"268",0.134513035609476,0.192272999018741,0.2740688059656,0.0590053167546614,0.154475379613867,0.185664463037655
"269",0.134632583356673,0.0486149869097182,0.212196665005567,0.176578704163315,0.0554518393341617,0.372525221230565
"270",0.0882711551668161,0.0730429819325859,0.394150235501348,0.178180045871603,0.253543830723192,0.0128117508044549
"271",0.150667922578643,0.0247312662463199,0.123104639069176,0.274077562794337,0.164762106049604,0.262656503261921
"272",0.104032254531427,0.262817438702503,0.274274437283033,0.0180022333820345,0.248367220818341,0.0925064152826613
"273",0.18276017762768,0.310955143902626,0.0962859278128733,0.0315617426632654,0.111392052340068,0.267044955653488
"274",0.0637561216395779,0.232635080818778,0.0787251597496833,0.230364683583174,0.109604827047421,0.284914127161367
"275",0.0680680341099876,0.222216593127002,0.173434284486331,0.21065827902546,0.0698560250520313,0.255766784199188
"276",0.167304621728769,0.0812596623480103,0.0779040668729514,0.163398136351129,0.177719572211715,0.332413940487425
"277",0.169914259802519,0.132761802610369,0.137378206007394,0.282497401942612,0.178472107773768,0.0989762218633384
"278",0.07367210799528,0.177152232361499,0.192142340489105,0.214615246754213,0.104117491663226,0.238300580736678
"279",0.175796879982464,0.00956990851312479,0.163638948874867,0.146295910385056,0.331881293023236,0.172817059221252
"280",0.0421879683021256,0.0878823989924984,0.0908296996951135,0.430670915794402,0.320065017452328,0.0283639997635327
"281",0.0773797635877859,0.240758619390246,0.209483784545715,0.286508764063904,0.162978306423345,0.0228907619890037
"282",0.141536696245396,0.121854093686427,0.195231540592105,0.139153879819861,0.154207979689496,0.248015809966715
"283",0.143331424800625,0.0498893802260502,0.396063173987858,0.23022802962929,0.131297738793039,0.0491902525631378
"284",0.0119749230107257,0.129112976635074,0.188595965303691,0.267721392580885,0.234776566560244,0.16781817590938
"285",0.0236282995368342,0.269691499013153,0.059870486964388,0.281131358774031,0.189390785912623,0.176287569798972
"286",0.0750680619099977,0.1414512587969,0.108173204670313,0.0565886657067768,0.248948817300592,0.36976999161542
"287",0.0745745836344645,0.247542400743536,0.191525788348041,0.146445495359798,0.187307593982406,0.152604137931755
"288",0.121941555445549,0.151130662690367,0.333372170994492,0.110697905897734,0.0998340593499947,0.183023645621863
"289",0.136872853831912,0.245525531533685,0.127147047997411,0.120861916151588,0.229124393572102,0.140468256913302
"290",0.0735300986897484,0.198544142001704,0.265746967985441,0.0943912793642963,0.185967827823275,0.181819684135535
"291",0.231315843055831,0.202884118747802,0.11216900863773,0.374225093935627,0.0501538688281154,0.0292520667948938
"292",0.0209463231217947,0.0152840616965787,0.370849043047507,0.042650269425902,0.0707186317225623,0.479551670985656
"293",0.150501346889472,0.0913569096121366,0.21529169335552,0.140264511204732,0.305537913849853,0.0970476250882871
"294",0.135641049599852,0.0761029319745963,0.20275570806888,0.064283582723266,0.268558511043742,0.252658216589664
"295",0.0486789697942781,0.186510052442847,0.272345470125823,0.183823879060355,0.0799646554517523,0.228676973124945
"296",0.149636648985332,0.0620662236312488,0.181906641079986,0.1991501400561,0.233670534447616,0.173569811799718
"297",0.0853716018275353,0.325458799914596,0.143837146399965,0.0250862203581642,0.200675749418608,0.219570482081132
"298",0.113307533373494,0.291755772156767,0.0397972657288498,0.237434873921584,0.0932084933232432,0.224496061496061
"299",0.0446847671763983,0.191218669570594,0.297369893940046,0.126921545081302,0.264067770835702,0.0757373533959569
"300",0.0985228427619445,0.221560425625807,0.315005190426034,0.250924712215523,0.113008634783936,0.000978194186755823
"301",0.0217537887467443,0.0971431548367617,0.116622327651461,0.313096387464179,0.375280906041859,0.0761034352589942
"302",0.00526748075520765,0.166575848575188,0.0609052653124198,0.266428434090463,0.181053306425841,0.319769664840881
"303",0.0640582606425612,0.214835723987957,0.0953398752793991,0.257627734134213,0.109885862151068,0.258252543804802
"304",0.0568299840728471,0.12591245650704,0.269961835296165,0.138207216625773,0.180504294521365,0.22858421297681
"305",0.13083250901649,0.182089389458591,0.237576791963777,0.173170633162631,0.224276529247386,0.052054147151125
"306",0.188481741832869,0.0416386177472559,0.276581443660691,0.129948875218667,0.0173453749002762,0.346003946640241
"307",0.0129314961184396,0.147475277433899,0.0235119008118854,0.20108685459401,0.312802088444802,0.302192382596964
"308",0.118375869108783,0.0424470379416203,0.261002640567768,0.176916379278596,0.186256683195533,0.215001389907699
"309",0.185031744352504,0.442434986634632,0.0752149097819856,0.133145291927376,0.0953414018109091,0.0688316654925935
"310",0.0982199940770642,0.147028125200784,0.195377473350309,0.0144950590389011,0.246730026035968,0.298149322296973
"311",0.210576423069576,0.230023329201315,0.168443469015646,0.245186884315476,0.0710302888932709,0.074739605504716
"312",0.14979791197465,0.0798520937091995,0.199189603542403,0.263162076389141,0.162395657050493,0.145602657334114
"313",0.0208626826715422,0.201498733066278,0.289810397543923,0.254495868673205,0.0763020123387412,0.15703030570631
"314",0.000657434501466786,0.0609587838131857,0.406199994876455,0.0632778891343627,0.2336909074521,0.23521499022243
"315",0.0433868900974991,0.19936935032705,0.12317969232814,0.0302696505410394,0.224325077855525,0.379469338850747
"316",0.0464111100742749,0.00534181613504225,0.0180277300951383,0.312052766776753,0.0515796841671275,0.566586892751665
"317",0.0942327561526824,0.258965951560968,0.251679500085824,0.138447199602351,0.244964683318829,0.0117099092793452
"318",0.0936756708294075,0.133115249408161,0.188174992780489,0.139382066945404,0.179289384473973,0.266362635562566
"319",0.0141437016933429,0.290206200127529,0.144636744199716,0.219907609622406,0.127154528394197,0.203951215962809
"320",0.0711740320860793,0.0824169604236446,0.243452611325708,0.110717903144689,0.346835392124337,0.145403100895542
"321",0.0520413959845243,0.252260402679175,0.162799551387213,0.314673540306558,0.0653912084275109,0.152833901215018
"322",0.0990196475415098,0.217359470919739,0.245416106288292,0.20733907914853,0.064520891516438,0.166344804585492
"323",0.161046362070206,0.267914441727461,0.244362814738904,0.172549886320798,0.0954291287030453,0.058697366439586
"324",0.14416035815978,0.269325333827625,0.174380511407559,0.257227734557657,0.11018151430733,0.0447245477400496
"325",0.116416711365032,0.0439120678125216,0.146846951304962,0.324229207176385,0.229028435308163,0.139566627032936
"326",0.121478467117536,0.469534459285081,0.0766622337355988,0.200661381704659,0.0458775430368731,0.0857859151202515
"327",0.00790774004846737,0.298517712625739,0.245230748798931,0.150727679513968,0.16840468601136,0.129211433001534
"328",0.0441475045403016,0.280103395748825,0.0626654811134519,0.125826968831657,0.160263158002198,0.326993491763566
"329",0.0547114931961669,0.114078618224126,0.292436006584274,0.152334276404993,0.0757898384784252,0.310649767112015
"330",0.000734444730199476,0.230218081474874,0.162906004308905,0.0506141027638017,0.215582355640326,0.339945011081894
"331",0.0398958481763127,0.328578055158766,0.202627962357484,0.072647832269842,0.0365904146054632,0.319659887432132
"332",0.0142570662543683,0.319937774028126,0.149504689450572,0.26730419250486,0.021135257103654,0.22786102065842
"333",0.0340117559374467,0.0127856567540475,0.335941336673139,0.246281270749907,0.193305053454051,0.177674926431409
"334",0.177140441810108,0.239564237379336,0.0664110927671786,0.268193240185111,0.189258118553718,0.0594328693045489
"335",0.0331359752954424,0.141243200336246,0.307317269589669,0.0954260055530438,0.317062436533177,0.105815112692423
"336",0.0861142634731368,0.14427436702601,0.0810650528208222,0.285896559793845,0.218120346120986,0.184529410765201
"337",0.0985190035620492,0.124462245767083,0.272845074793464,0.0463103750194307,0.242720695333679,0.215142605524294
"338",0.0676431393834898,0.345790566318124,0.276722625062084,0.0683044175894422,0.214461956452692,0.0270772951941679
"339",0.10032514376439,0.0226295936269924,0.212879405425157,0.144059013445713,0.202481398837936,0.317625444899811
"340",0.0241618805615934,0.0793831910675349,0.168030842002274,0.294549850980031,0.188250305307031,0.245623930081536
"341",0.0184232583788065,0.335991989371349,0.295249520374391,0.0358380001102459,0.222474704343181,0.092022527422027
"342",0.0821160172372935,0.140204559128188,0.290818669236268,0.198636337917607,0.170652427365859,0.117571989114785
"343",0.0979977276250654,0.280317792889295,0.0298078160477835,0.140903384490466,0.074631770425772,0.376341508521618
"344",0.0483069649674075,0.244678918634507,0.351019627354115,0.0121560147323225,0.282873835442976,0.0609646388686723
"345",0.0121266238986061,0.177393764197717,0.326583362799626,0.186099961159771,0.0373819951401273,0.260414292804152
"346",0.187213141217429,0.279435603978397,0.103196528690538,0.232536907487072,0.170053638357583,0.0275641802689809
"347",0.0550854010173217,0.273531303142184,0.528278997368465,0.109427214359146,0.0329312102802949,0.000745873832588808
