"","neu","NK","CD4","CD8","B","mono"
"0",0.0221949203230379,0.185458742279544,0.538303533186101,0.103854564269854,0.143936352457368,0.00625188748409552
"1",0.0496803825815274,0.184968288761415,0.278233287715327,0.168276687080762,0.157285185118957,0.161556168742012
"2",0.12318851192742,0.198550547173656,0.253380936048904,0.184786873390036,0.213390926213585,0.0267022052463982
"3",0.0906745003704361,0.347706528394922,0.187605441003728,0.117075706160933,0.173379799811772,0.0835580242582087
"4",0.0863582258533624,0.257484155565701,0.300675263242811,0.0311147634580187,0.034376984624081,0.289990607256026
"5",0.0521025057224068,0.236101290390557,0.036522090050382,0.0850818131634766,0.277423131972637,0.312769168700541
"6",0.0645038898461555,0.0685590222541458,0.333823031745769,0.192145218883257,0.322103400417596,0.018865436853077
"7",0.15777596046158,0.0259034866348725,0.0684873276700365,0.24961152539509,0.193773581236863,0.304448118601558
"8",0.101245575885825,0.113886925371775,0.152627575827548,0.261044930447827,0.176502211721075,0.19469278074595
"9",0.0886110255103604,0.0949126753230186,0.150719914828091,0.200524175867902,0.206490835583822,0.258741372886806
"10",0.160576736565494,0.121119114704167,0.213799198993225,0.145203543031719,0.107100579629165,0.252200827076231
"11",0.0268815540424957,0.113319769787947,0.267896640826004,0.155383702840663,0.196529088973901,0.239989243528989
"12",0.178836186714012,0.0483998616189206,0.145838365783528,0.270615790920372,0.329289928623433,0.0270198663397354
"13",0.128750872809945,0.153292703288184,0.101659250863642,0.0282582379604246,0.256806996264307,0.331231938813498
"14",0.0334906381201325,0.24248251473719,0.36878003358885,0.157288590806573,0.0139030792638169,0.184055143483437
"15",0.0930853395003772,0.156952330958964,0.315574213766573,0.185862644672142,0.248525471101943,0
"16",0.156779536685153,0.0926388499120246,0.0554543870358031,0.289251347516067,0.183471534848452,0.2224043440025
"17",0.00340726761872106,0.102316969006917,0.169008513441375,0.216726365119485,0.126215234389432,0.38232565042407
"18",0.106278492522295,0.212426628002167,0.161275968239695,0.151951004368914,0.19114764229245,0.176920264574479
"19",0.0990335422907553,0.269502360753963,0.420258993944503,0.0576627551768478,0.0684903492054469,0.0850519986284832
"20",0.129274209355751,0.262249794582538,0.0616327114303245,0.240436492474395,0.0116494693838092,0.294757322773183
"21",0.0539395703662156,0.312400013827309,0.348192325314082,0.202025166604069,0.0410670496024735,0.0423758742858504
"22",0.0965209318902321,0.0327610778496869,0.479471669104781,0.167731496310441,0.127783438017837,0.0957313868270223
"23",0.0703742168900111,0.162086432973753,0.211066084668818,0.167537023704352,0.233190861520532,0.155745380242535
"24",0.0506323221076477,0.124680150983022,0.17844343365212,0.281519922389429,0.25394179769785,0.110782373169931
"25",0.0898223444292185,0.295832287183579,0.124987227312736,0.327223357828035,0.15066474356127,0.0114700396851609
"26",0.100456702307325,0.186346130413948,0.240599578387113,0.261197997531233,0.204899830156755,0.00649976120362599
"27",0.156305980337961,0.301906652492769,0.212854822418854,0.0542653965624269,0.0826547685064728,0.192012379681517
"28",0.13110187485108,0.0120975007994543,0.537872717693702,0.0177218988262801,0.242532965903216,0.0586730419262678
"29",0.133844169289332,0.173646822533479,0.265817267523876,0.0529929103385348,0.208298117191892,0.165400713122886
"30",0.164515030430732,0.2714685399661,0.165144359189943,0.148552708985801,0.0545403002331308,0.195779061194294
"31",0.128200273803862,0.140678536866381,0.235403203459165,0.0444077354267528,0.203651685940281,0.247658564503558
"32",0.101308055563581,0.18665477435366,0.337186286781127,0.0636945277535854,0.0875915287854235,0.223564826762623
"33",0.0862302269489256,0.21833482687069,0.415030100828407,0.197551233879509,0.0565167813754314,0.0263368300970376
"34",0.0275931627295896,0.019818492383055,0.440386404453429,0.0907373973929291,0.0169065351711128,0.404558007869885
"35",0.144301346458324,0.317039543121739,0.157313442897513,0.079341343816532,0.0864916769875115,0.21551264671838
"36",0.0739862020254304,0.253984072380398,0.322194326866026,0.129261505673639,0.209915298910265,0.0106585941442422
"37",0.15733949966832,0.0198729728893046,0.327247710601437,0.0388375339942611,0.162364262032659,0.294338020814018
"38",0.0855596582209968,0.203924717557959,0.280993722864018,0.147627755837705,0.164259095279663,0.117635050239659
"39",0.102400690986249,0.275700368399271,0.171947236989141,0.167691395477208,0.0440941077797607,0.238166200368371
"40",0.197539346926698,0.0746603669993674,0.139545462616728,0.255485333801205,0.0601905255192263,0.272578964136776
"41",0.0983992360306069,0.228250871448893,0.0757824215431907,0.0693115294812068,0.178569916943129,0.349686024552974
"42",0.0664931367915004,0.0700832271499062,0.298878762437759,0.11175843074972,0.165247580331528,0.287538862539587
"43",0.0821587938327326,0.239965484731088,0.28065263202455,0.195883673576429,0.162422362079294,0.0389170537559058
"44",0.10150515953578,0.0490360986996006,0.032638037909791,0.347796181055249,0.111189734400265,0.357834788399315
"45",0.147363677514803,0.0911671320937947,0.171698869373283,0.157352148626357,0.167888373885817,0.264529798505945
"46",0.182369515621057,0.170472627465838,0.115814790584567,0.0390126357757656,0.0796296896114387,0.412700740941333
"47",0.130435751328781,0.21872554281777,0.276896081681675,0.230743210490541,0.143199413681234,6.81337114251667e-19
"48",0.164391379653348,0.0415230220486155,0.378013552490067,0.144476574947012,0.155096322284031,0.116499148576927
"49",0.189685382128222,0.237603458011573,0.229211078226667,0.109112334285251,0.195204108313935,0.039183639034353
"50",0.0850170884185056,0.172663803589422,0.268931130867038,0.0535926988927165,0.141441586803019,0.278353691429299
"51",0.14909356706707,0.255498974339986,0.233645466176328,0.31463529100464,0.0344812705345913,0.0126454308773849
"52",0.0583640144245353,0.0453422365282586,0.125433009483612,0.331273029285065,0.12120536735911,0.318382342919419
"53",0.217769799071607,0.0526475491669631,0.172203055486016,0.28346740909947,0.177533138343628,0.0963790488323154
"54",0.0809402010792766,0.43564591872241,0.124097111750178,0.211587006404215,0.134389578310816,0.0133401837331042
"55",0.035673949673577,0.197080786751474,0.0690701485717754,0.331287931517887,0.0682904632779761,0.29859672020731
"56",0.0433800244627522,0.0426241382042303,0.109269843755641,0.226819486310994,0.33847975239682,0.239426754869562
"57",0.0785062575271304,0.117650496680976,0.317802242034782,0.235870873009112,0.0201517382136685,0.23001839253433
"58",0.104671676458689,0.13247610522143,0.282581794691145,0.0597160912032806,0.309286172328118,0.111268160097337
"59",0.165380336838492,0.0306811822861963,0.294383907784106,0.247930724175602,0.0371044239506237,0.224519424964979
"60",0.179767546089932,0.376192923470824,0.0972778972975327,0.248460625558528,0.0579978293965749,0.0403031781866078
"61",0.0096613095844524,0.154603121948368,0.267689740038224,0.243209257209393,0.146897296965776,0.177939274253787
"62",0.0416642241519925,0.243840458919199,0.0839585524317997,0.0426559396972217,0.488241595228423,0.099639229571364
"63",0.0758853311825905,0.349116194131132,0.082034131274866,0.137852345064012,0.212089908139288,0.143022090208111
"64",0.0737223773593012,0.113854522713775,0.288773058812449,0.0886047251394271,0.217379180876275,0.217666135098772
"65",0.0130037118449794,0.290078470736572,0.107674573005035,0.0323210023753497,0.217299267703667,0.339622974334396
"66",0.0207262230687451,0.0666592533403032,0.0813411682347948,0.316114039120319,0.342309319409553,0.172849996826285
"67",0.0859609528614187,0.089788937070185,0.260843313895601,0.0432488573886191,0.214505340766575,0.3056525980176
"68",0.123549209304695,0.107724251992414,0.110345407571732,0.165622069834359,0.170524750189476,0.322234311107325
"69",0.0326150235058709,0.281264981091775,0.0298749372278126,0.205903159887777,0.0834417722311007,0.366900126055664
"70",0.178952859708088,0.320835527072722,0.157823821617851,0.0960394551985805,0.21328531631673,0.0330630200860275
"71",0.140438481991736,0.170094110507731,0.307614389758109,0.0563157725750571,0.233135498937784,0.092401746229583
"72",0.0993289009298147,0.169801732597074,0.2583458652513,0.166496046917973,0.117222484548897,0.18880496975494
"73",0.0511417774555995,0.18765876872311,0.278052878137867,0.171115903491362,0.241076194541544,0.0709544776505177
"74",0.142636623590844,0.252060294276491,0.0904669302219077,0.125133353278288,0.215752009735896,0.173950788896573
"75",0.0429556086993956,0.241058804302554,0.244631848633273,0.103721971813928,0.151722296355627,0.215909470195223
"76",0.0390237377943834,0.289546254124004,0.0829511117806046,0.274661583747963,0.0448688013545616,0.268948511198482
"77",0.185595414322304,0.224327421893407,0.13294223293725,0.211552616293598,0.17343426781601,0.0721480467374301
"78",0.154917973771429,0.147750550094007,0.217588691679664,0.195841894855608,0.147919176008046,0.135981713591246
"79",0.0399470344902963,0.234717918196106,0.390656145280956,0.0452089287112582,0.17687070154143,0.112599271779955
"80",0.19146976568264,0.0187778380470999,0.315483369016606,0.408486831597207,0.0379946884302229,0.0277875072262244
"81",0.0782566810133354,0.161800464776506,0.250479893260759,0.105487754616672,0.116823178592115,0.287152027740612
"82",0.115871366737757,0.231584222640977,0.200646455957495,0.125688661835748,0.126165006386286,0.200044286441737
"83",0.129423522830876,0.208355639426054,0.213331627307638,0.159924206851475,0.15061416706563,0.138350836518327
"84",0.144308732206425,0.0527172877121336,0.099034253860204,0.175658804192083,0.228363366082629,0.299917555946525
"85",0.10402992382866,0.124344188367866,0.304805408349223,0.0690298107002067,0.270549926309775,0.12724074244427
"86",0.0774704928817858,0.271911456735049,0.0795685924686958,0.321803899131001,0.0950606118015624,0.154184946981905
"87",0.0327345420465177,0.103609363028656,0.212970452784623,0.303626963271359,0.0129143165294276,0.334144362339417
"88",0.175636063089137,0.0374131227682648,0.0904372444530313,0.189022928351431,0.239929825606741,0.267560815731395
"89",0.123866167536085,0.258620420032974,0.165125647100905,0.249603971948581,0.106032035984476,0.0967517573969787
"90",0.0732394633189951,0.331118229692669,0.187844748473345,0.115860662807856,0.110392036931046,0.181544858776089
"91",0.0854710066461052,0.0767318075114562,0.438037122952725,0.22348057976731,0.0881926078263325,0.0880868752960712
"92",0.136350784605223,0.193813113309464,0.151444918598115,0.158679180317909,0.183588862365396,0.176123140803893
"93",0.110760372341077,0.24202426715441,0.290195773808608,0.0849727173024473,0.208440094347385,0.0636067750460741
"94",0.0695230634220915,0.124992731521929,0.204094695190384,0.0614255988347039,0.331452995106354,0.208510915924538
"95",0.10689895269489,0.217039926611763,0.0954736849584813,0.26470741560287,0.0523610334665833,0.263518986665412
"96",0.0295936748205486,0.260010746322278,0.210844232197836,0.234405762709928,0.01076357863862,0.25438200531079
"97",0.150901870429665,0.139797288556351,0.161361844985758,0.291202277090832,0.159345618536427,0.0973911004009672
"98",0.0242472966186726,0.0941601790386336,0.523432870515014,0.0235120015905526,0.240094557639136,0.0945530945979916
"99",0.100103027415696,0.251678674860353,0.0382872939099948,0.136539000771379,0.1984471068615,0.274944896181078
"100",0.0977211617397582,0.103723307340844,0.262755254455539,0.0284785553928339,0.259994416100289,0.247327304970735
"101",0.0695744067226113,0.306073528357171,0.109716766419766,0.151803397767379,0.229651900119497,0.133180000613575
"102",0.129663769389622,0.105615971440893,0.173080101564983,0.204521915255468,0.1185765160225,0.268541726326534
"103",0.123099607473397,0.0506900998427627,0.179200056053425,0.222039485550298,0.331228418310403,0.0937423327697145
"104",0.0444987797527618,0.0879544970963104,0.296115911542576,0.205016235901799,0.112377267796818,0.254037307909735
"105",0.0694635185639011,0.121907004277629,0.302512161567853,0.291347525233369,0.119658248794871,0.0951115415623758
"106",0.110483755025731,0.0646616354086929,0.315029209361553,0.166864629305442,0.117184058258655,0.225776712639925
"107",0.136812570131707,0.220605601135354,0.320593419432747,0.043886514745774,0.0661485885193008,0.211953306035116
"108",0.1952100119268,0.231442177414553,0.191158203117533,0.0479924426676947,0.214016635210899,0.12018052966252
"109",0.103450110667955,0.0878534390354963,0.120760337407986,0.306887395677122,0.214292108174193,0.166756609037249
"110",0.0315988551730809,0.211392780986263,0.31731131007363,0.269821049369916,0.00542466765454551,0.164451336742565
"111",0.0688103936795955,0.0918006078983078,0.28624039240834,0.176192920659799,0.177002120786426,0.199953564567531
"112",0.0249077138336752,0.0269628471372658,0.362325419497281,0.093585677879768,0.20841657590646,0.283801765745551
"113",0.128746078284884,0.126864363177843,0.333721530608755,0.111069896410744,0.240895259464123,0.0587028720536505
"114",0.188169402195749,0.129747031621024,0.333307126492528,0.077607649967106,0.238522805374469,0.0326459843491235
"115",0.117285633215858,0.121277198368799,0.183499615252375,0.0839535372126341,0.24022102242304,0.253762993527294
"116",0.0868937115305192,0.228242611086271,0.152220891667727,0.244550747811916,0.0358179647511091,0.252274073152457
"117",0.142438218558945,0.0312847918405995,0.0429450350922427,0.243222983858402,0.157295359055169,0.382813611594642
"118",0.071653983971364,0.31548012290645,0.091012139184485,0.169060749117669,0.282564505825796,0.0702284989942369
"119",0.238035752838527,0.0397283973216927,0.176661545763904,0.152900935539532,0.116145471671019,0.276527896865324
"120",0.133985965963,0.103713920198461,0.346510093792144,0.108130242418659,0.190549248107957,0.11711052951978
"121",0.156906269850597,0.282426404303079,0.0374962134546749,0.287861483286392,0.124457467999151,0.110852161106106
"122",0.129165727795284,0.0683612878406633,0.282893134887423,0.149120808359222,0.154761113617282,0.215697927500126
"123",0.0172515102426588,0.0766308230056589,0.0594996193395657,0.33454845778513,0.424504305189125,0.0875652844378615
"124",0.0733180176680437,0.211854643563637,0.284469907798501,0.117487749779015,0.172336745461185,0.140532935729619
"125",0.231723843278391,0.039801730622234,0.154071819207283,0.126708354023559,0.141524217348333,0.3061700355202
"126",0.0675021333666951,0.234707540059547,0.168168051939624,0.160661063508812,0.0953125351742106,0.273648675951111
"127",0.0573302227268031,0.0211985807515002,0.176449904545747,0.378614687390049,0.299017341423812,0.0673892631620888
"128",0.115867105784959,0.26046298017184,0.152369586170569,0.194410061915463,0.0547319109751728,0.222158354981996
"129",0.156063272149913,0.211959898700917,0.105835699474002,0.294786189831463,0.0640998427791717,0.167255097064532
"130",0.136855487884437,0.245291915634369,0.0580240737601706,0.276727170619376,0.0315058948743742,0.251595457227274
"131",0.150384418357876,0.211524606460905,0.300082977728496,0.11153395824771,0.0726516631878251,0.153822376017188
"132",0.166833651005991,0.0832181891630144,0.112032859861429,0.128246395981397,0.201708043016271,0.307960860971898
"133",0.17249623422265,0.123955735741869,0.171062632753401,0.0799199530436889,0.254128267364389,0.198437176874002
"134",0.131422059744915,0.166445333948999,0.0828827534389297,0.139114725387724,0.236818313905109,0.243316813574323
"135",0.0196188148078444,0.203099139752859,0.21122137512514,0.0875114901021777,0.209254357514215,0.269294822697764
"136",0.0494017475060483,0.163984626277733,0.134511878571914,0.257140574290097,0.336029238910882,0.0589319344433245
"137",0.0968431291051483,0.135134476665801,0.277430949086104,0.102985905251782,0.181344446336168,0.206261093554996
"138",0.115472188091447,0.232481912621041,0.140099748680937,0.197189662702612,0.004902016212572,0.309854471691391
"139",0.0673076058051835,0.0855789376958471,0.459596908312705,0.263144582811726,0.0238508526522451,0.100521112722293
"140",0.0758082077785465,0.0198659824517587,0.231919695090831,0.126282208862797,0.264881188362175,0.281242717453892
"141",0.139087626379316,0.118801158765508,0.180165497277818,0.283633389403145,0.209024295165103,0.0692880330091089
"142",0.152614201244188,0.0809422293438063,0.231748687728425,0.0492771363902497,0.222497053497486,0.262920691795844
"143",0.156507425827832,0.0323551763157044,0.494597461792078,0.0499075694631066,0.190681039830571,0.0759513267707073
"144",0.101679230598468,0.0398668281854582,0.0565398639354999,0.16725845134493,0.298010638448552,0.336644987487092
"145",0.169832703908498,0.197315214436542,0.17315133310175,0.0313940097319156,0.122229172640028,0.306077566181266
"146",0.0678197272971155,0.128013942749037,0.172460893088709,0.115590066062566,0.111911546914448,0.404203823888124
"147",0.142598507280042,0.120652525357523,0.104407993376785,0.0688365319403394,0.280311218512336,0.283193223532975
"148",0.13810938437776,0.0417121532803544,0.329213637458718,0.400508194557739,0.0597267540757609,0.0307298762496675
"149",0.178554385649522,0.328309350529447,0.12500488091288,0.279430344790541,0.0341598025093279,0.0545412356082818
"150",0.0972159863993827,0.24733258105121,0.258014773451712,0.115050453809975,0.191908211294769,0.0904779939929522
"151",0,0.339300532602044,0.11563999723563,0.0314512381877518,0.178287326227833,0.335320905746741
"152",0.0602983811639972,0.187787501369034,0.641437014884603,0.0665629988950889,0.0108883874601015,0.0330257162271754
"153",0.127272981310302,0.0823513658404507,0.127983287421563,0.25405153059299,0.256196788852162,0.152144045982532
"154",0.115568814172401,0.298232122193638,0.151850204808623,0.0942743521565695,0.0729315186216313,0.267142988047136
"155",0.105600445167989,0.119741881458746,0.173060136531429,0.175142897671428,0.156980003223454,0.269474635946954
"156",0.150229028444707,0.0629856738423372,0.242018512188132,0.183917380650556,0.307933415920768,0.0529159889535004
"157",0.0805629216322381,0.165004878163291,0.228389429141484,0.111985225503804,0.256226217892682,0.1578313276665
"158",0.0418375316208454,0.132034707731537,0.187512044551789,0.261042820182725,0.158876024259216,0.218696871653887
"159",0.0706672556189515,0.153337791328098,0.142134842786662,0.218216099783076,0.205187178573423,0.21045683190979
"160",0.143320723126909,0.0792943138649482,0.180259459253532,0.184873907817474,0.17939210173195,0.232859494205187
"161",0.00897694431295974,0.0430791185590525,0.486193184372382,0.325547671548457,0.0839804822220879,0.0522225989850605
"162",0.181899259015692,0.244855194313334,0.241189164819712,0.110898835855999,0.0398391571885332,0.18131838880673
"163",0.150653389986161,0.287027397978907,0.0561425866147016,0.257558424823018,0.168372542976153,0.0802456576210599
"164",0.0403337542286056,0.267255328543134,0.190670142866277,0.140559693304923,0.306875905260061,0.0543051757970007
"165",0.169124154792668,0.134925719457115,0.160067782954542,0.274300826586171,0.182162842613008,0.0794186735964966
"166",0.081239331149293,0.0781969036258339,0.258524901851114,0.238423301555429,0.101854742601541,0.241760819216789
"167",0.0137397216674356,0.303174856696973,0.188704437892679,0.0631964699838675,0.293216451166748,0.137968062592297
"168",0.106042706292709,0.247674049340393,0.150826891365149,0.159779103829039,0.195192494208697,0.140484754964014
"169",0.0966190793252745,0.0593891923242488,0.074130559605555,0.227711843017266,0.234983302469125,0.30716602325853
"170",0.0874108291594341,0.252007150773877,0.093117771693662,0.168023908372622,0.138151215227477,0.261289124772927
"171",0.09241489020979,0.276910548153201,0.0779262039452258,0.105429824688942,0.133459823368231,0.313858709634609
"172",0.172435150338683,0.168667142354722,0.261451375625017,0.184179872448757,0.122385605337191,0.0908808538956289
"173",0.0963385640990409,0.0215668960039738,0.217667695702939,0.315622544785085,0.127116553416093,0.221687745992868
"174",0.0415274149450107,0.297002934136625,0.0990825834101329,0.247358117587903,0.214276814692451,0.100752135227876
"175",0.0457227138399836,0.231411101244445,0.0765257291044009,0.235176186312461,0.161772585552219,0.24939168394649
"176",0.148831019155149,0.233667172047447,0.142905146882158,0.0279218558335179,0.0322250986172051,0.414449707464523
"177",0.0522648666975042,0.184007295949417,0.255815340497576,0.15585795278923,0.273901435560011,0.0781531085062621
"178",0.0754452349188037,0.113723415055703,0.290022839762572,0.281088640671107,0.128667230751375,0.111052638840439
"179",0.0350728323526569,0.380172512444749,0.171910538696352,0.0891319344196113,0.0656364776652221,0.258075704421408
"180",0.188058661091351,0.218117589531516,0.151735790177683,0.057559531307117,0.12143293898827,0.263095488904063
"181",0.16162203605922,0.0665373682791777,0.405950265620574,0.0960657520236833,0.0668923270448906,0.202932250972455
"182",0.182382077808161,0.292472114001152,0.171029767723295,0.152232985382817,0.153395406960455,0.04848764812412
"183",0.149012720543671,0.305075778731769,0.189281241218069,0.0548101187249241,0.023909499541711,0.277910641239855
"184",0.14106077895854,0.146360242861898,0.204502049645988,0.186921466460153,0.0707485601979646,0.250406901875456
"185",0.070648997762767,0.308271964647167,0.140305991121019,0.0603806894705299,0.0710294964403529,0.349362860558164
"186",0.158639912226303,0.169947411956306,0.292902127784978,0.128358472720507,0.123303985753889,0.126848089558018
"187",0.0142671058204264,0.290578294098444,0.135408130529038,0.211853937693882,0.101359795215018,0.246532736643191
"188",0.0326164989680884,0.390576727001933,0.109543751576397,0.0653095460217528,0.314581194984906,0.0873722814469228
"189",0.0281273095029948,0.247888002209348,0.368295812928624,0.0133464585367061,0.180210289607997,0.16213212721433
"190",0.0291389619017894,0.186550778136379,0.0102734230079213,0.0724397026365521,0.3501823198168,0.351414814500559
"191",0.167846680337676,0.118740838360756,0.05799917581499,0.150345814820203,0.233565740714155,0.271501749952221
"192",0.134242239542161,0.182801001935107,0.214349280681287,0.176202938762509,0.0921535029980013,0.200251036080933
"193",0.0403270671893393,0.128356690935788,0.193660753108415,0.276528928569881,0.121857671377978,0.239268888818599
"194",0.125797552867413,0.120097977344689,0.194508048169731,0.214372838205384,0.165462980933793,0.17976060247899
"195",0.130714975189021,0.208077255757758,0.213571335751742,0.160691655482249,0.174651355057116,0.112293422762114
"196",0.0730182219612658,0.336639006064104,0.133832993267995,0.0631995776438961,0.199603404352183,0.193706796710556
"197",0.185963251996746,0.174615222820069,0.28965484842865,0.105739488049257,0.0382789474043582,0.205748241300921
"198",0.0755606787017909,0.0501821269086849,0.193134630529951,0.262507994554971,0.0744864437679814,0.344128125536621
"199",0.0811474845917375,0.161202133926346,0.178488156690102,0.150400759816214,0.177717794147168,0.251043670828432
"200",0.129121291624271,0.220290575658669,0.220700752463352,0.188310924265544,0.115235710912729,0.126340745075435
"201",0.261870048234133,0.0987808359510412,0.255950385640817,0.122410406083985,0.149127005375442,0.111861318714583
"202",0.17579118126442,0.352400154207117,0.242380546081186,0.0411380317403374,0.125030912060954,0.0632591746459861
"203",0.210481950637732,0.163385540614618,0.135081446249129,0.105334488456116,0.206521285404236,0.179195288638169
"204",0.102101240991977,0.201794717491181,0.315615147259881,0.166123683948312,0.0833881899627798,0.13097702034587
"205",0.0705374226141703,0.1292934303992,0.146957723933733,0.293598367415994,0.101461993087802,0.258151062549101
"206",0.132990128715051,0.23626089008696,0.0806681379931669,0.0981321652405123,0.427807338371164,0.0241413395931463
"207",0.0111704714643056,0.216043289110412,0.306295281574528,0.114331734522822,0.11149671131814,0.240662512009793
"208",0.0800301069688813,0.178832192640163,0.548289251633297,0.0214227664930556,0.119870641309429,0.0515550409551746
"209",0.196125601885873,0.0904443101061059,0.1942336403175,0.130845932969584,0.100210788025512,0.288139726695424
"210",0.090877853762252,0.273513095607933,0.300916175662257,0.0266610789243712,0.219594519373789,0.0884372766693974
"211",0.0315516278425733,0.0926934247620366,0.366521648356878,0.217544504995409,0.0312258084092554,0.260462985633848
"212",0.157375797731311,0.358061062277472,0.342825299125316,0.0441782615364915,0.0376503579144797,0.0599092214149305
"213",0.129450150728068,0.0972968219535037,0.20109509752004,0.178521984727043,0.172074327561344,0.221561617510001
"214",0.148259328732224,0.164832509133218,0.259429079165894,0.283673209818575,0.0338954630119619,0.109910410138127
"215",0.18824511835101,0.0271102136306395,0.151862261540285,0.26523148850418,0.303370591939009,0.0641803260348761
"216",0.0613609620766592,0.273396203305927,0.258033675519947,0.108939535449786,0.198912656159192,0.0993569674884894
"217",0.0533527752593729,0.050512837799344,0.201645621058488,0.430210371244366,0.0114863351840811,0.252792059454348
"218",0.152861658206184,0.119613936948618,0.283973162023049,0.0985174486499837,0.141054628298596,0.20397916587357
"219",0.0180692153872681,0.240565199688899,0.345008486864371,0.0370083599829721,0.325252664169518,0.0340960739069725
"220",0.194330495866565,0.0297713643363171,0.29897893573873,0.11648823613731,0.0798476547531659,0.280583313167912
"221",0.0908289314948074,0.0859043345477455,0.259583957902356,0.427982409946252,0.039873074548202,0.0958272915606368
"222",0.00635125513076335,0.0917567036314364,0.325366811758537,0.00992226151553156,0.270888625962321,0.29571434200141
"223",0.190295322452312,0.167762856099761,0.152316175209705,0.1810275303954,0.0684335729310048,0.240164542911817
"224",0.0910971293968166,0.133508444953941,0.0905464860531159,0.208821648177402,0.240232722403675,0.23579356901505
"225",0.0739380029525266,0.0440635463816308,0.400578939468577,0.234612804658472,0.136702782155541,0.110103924383253
"226",0.174504780023804,0.182810856178822,0.414976235447078,0.175426941756713,0.0387747594791545,0.0135064271144277
"227",0.0598563159147064,0.149562472332997,0.316214013883929,0.138791110621932,0.0888396212397147,0.246736466006721
"228",0.152504919354411,0.154945510612671,0.292512953130368,0.0772416546790231,0.227051081212046,0.0957438810114817
"229",0.159261403024427,0.187252385626779,0.112187770581657,0.0470407754644724,0.228520210310125,0.26573745499254
"230",0.0833184870832143,0.158017486316252,0.386154614876023,0.155708714265874,0.0811303856393538,0.135670311819282
"231",0.0123871316554699,0.140247632517328,0.0128322523638149,0.265922074599768,0.214380326339113,0.354230582524506
"232",0.152878377865044,0.0695253731094786,0.167106628901029,0.335987879564819,0.228661251650525,0.0458404889091041
"233",0.143609867120006,0.176067006178767,0.0519870732148104,0.190479235269773,0.183163266013751,0.254693552202893
"234",0.0910407264943107,0.0341531476948825,0.381538707535585,0.305523388831768,0.0207865627169562,0.166957466726497
"235",0.104536274457326,0.103376387106774,0.220373432952721,0.092192649864108,0.169968253293031,0.30955300232604
"236",0.130123239637638,0.245306008705459,0.185992429004598,0.0639186747088687,0.313373997745726,0.0612856501977106
"237",0.106170692469112,0.0291607472122758,0.326956977200925,0.330188203521055,0.0821460042745365,0.125377375322095
"238",0.0903179044480044,0.119018791251499,0.28874945504798,0.00859130420512171,0.222318441805969,0.271004103241425
"239",0.00829828676557638,0.364391211786,1.19751127946929e-18,0.26756400691562,0.0865163510447183,0.273230143488086
"240",0.15145280660497,0.261942990875552,0.130285132989724,0.0681710646828381,0.136432101501318,0.251715903345597
"241",0.171312195498812,0.107798447985258,0.0833437341076831,0.109543035583699,0.0918003759352003,0.436202210889347
"242",0.0469106573056796,0.138514381870646,0.111258361671348,0.234775449606033,0.189062297692958,0.279478851853336
"243",0.150283791936936,0.159424622918309,0.240135438251695,0.119154145598695,0.02858695971149,0.302415041582875
"244",0.0798533100320849,0.125593181827204,0.260349932615403,0.115999189206011,0.154375805006388,0.263828581312909
"245",0.131662807193985,0.137325490192313,0.0906961172094755,0.173980643037702,0.21026404244262,0.256070899923905
"246",0.0695443455215921,0.337840193084501,0.0981448251608586,0.259700793545868,0.044675957030566,0.190093885656615
"247",0.0100418985709111,0.0178751000398479,0.0138800666426036,0.0110748272438329,0.382679716453768,0.564448391049037
"248",0.131689736064104,0.0429041019631746,0.298899009647092,0.270661303346919,0.201820476472253,0.0540253725064587
"249",0.125132447525105,0.235627880821581,0.10871392840129,0.0881769839668238,0.246407492773502,0.195941266511698
"250",0.142113976123996,0.242606345959511,0.274350985523972,0.288750916030504,0.0419649065310235,0.0102128698309929
"251",0.203559091376114,0.411847068620928,0.0875015101966432,0.129239382045321,0.147112626694983,0.0207403210660097
"252",0.0851269232559911,0.316413455183011,0.197027396900899,0.091578538910612,0.192035374414237,0.117818311335249
"253",0.109698624419747,0.173819945852601,0.34454028498782,0.10186086107331,0.179889609559532,0.0901906741069895
"254",0.0968164852220994,0.221696843305771,0.313811966312559,0.106072762006396,0.229317582847035,0.0322843603061397
"255",0.143853754377411,0.0727301885518439,0.128094241686019,0.135432189480629,0.256138835190107,0.26375079071399
"256",0.163324703825987,0.248605136383794,0.0905036050714689,0.224017248011667,0.160315926430133,0.113233380276951
"257",0.0498520505358967,0.252250381898927,0.131487525331781,0.13190099838034,0.134048638736927,0.300460405116128
"258",0.161924233074305,0.289566131409669,0.06421282461754,0.154361306821286,0.149732953903452,0.180202550173748
"259",0.0334159021764752,0.0346330755117605,0.108539402720196,0.276061752561377,0.320145402213213,0.227204464816978
"260",0.140437256682055,0.221995258132062,0.214715258352498,0.0384414576940292,0.231580737999336,0.152830031140021
"261",0.147835221589322,0.256346700628694,0.110419518527487,0.233306145107455,0.0585683248849061,0.193524089262135
"262",0.0703554276721493,0.255039060069021,0.0455804144892494,0.172306140633037,0.246087743376895,0.210631213759648
"263",0.0497788988840281,0.280403351693108,0.104658690930788,0.241584235554503,0.0055197777616341,0.318055045175939
"264",0.135772738703783,0.277901893005808,0.0849543346031866,0.250380970898321,0.0612086784370105,0.189781384351891
"265",0.198522914019049,0.207448876928284,0.319249605967547,0.121712935087166,0.0876875754149887,0.0653780925829665
"266",0.0692197963860919,0.0124069289733024,0.144399665302374,0.315439819477755,0.300882345852836,0.15765144400764
"267",0.206915660893632,0.0684766805866456,0.0928026366045345,0.302444690280771,0.125995272172931,0.203365059461485
"268",0.0333226335609834,0.156366730105385,0.22851282329024,0.172389373607418,0.183828581065502,0.225579858370472
"269",0.0839732186321683,0.268129218699751,0.341073814763943,0.0586951286550879,0.232613772112126,0.0155148471369239
"270",0.0193155401635558,0.138800575582995,0.419878596733403,0.345530071298556,0.0296822041146396,0.0467930121068506
"271",0.136515688385861,0.160371735156953,0.155143983162715,0.263026319146525,0.0536317923796146,0.231310481768332
"272",0.0608989223051635,0.116073283257118,0.344001075286585,0.205398890970122,0.0461316434779599,0.227496184703051
"273",0.163998554211249,0.0334910191476797,0.320063958184219,0.120142003133167,0.150054301845619,0.212250163478066
"274",0.14390490223611,0.259840012369942,0.16115254566955,0.0329958562190856,0.0808498944659194,0.321256789039393
"275",0.0337648062728251,0.255473961966043,0.229693528576673,0.221933169281285,0.176735172181044,0.0823993617221312
"276",0.0591489376156086,0.0188527245814906,0.209488164137825,0.257093291962728,0.19488465384811,0.260532227854239
"277",0.0335870370937465,0.254109901774457,0.00980892431931612,0.196869932394089,0.146648930988673,0.358975273429719
"278",0.0284081585117356,0.0642995846368282,0.163198674485834,0.364135003458346,0.105479983998109,0.274478594909147
"279",0.149209318241515,0.223369223874739,0.0936256526808044,0.207973113411067,0.179021531308661,0.146801160483214
"280",0.0483992496912349,0.241395119893566,0.131900907280593,0.0513584154704864,0.146976367478517,0.379969940185603
"281",0.153468019846176,0.0715048560865495,0.306233721097629,0.15556783642135,0.182690948297038,0.130534618251257
"282",0.116795279935459,0.139990549693263,0.0584582201225932,0.253030822305573,0.220980853715869,0.210744274227243
"283",0.0927468840349256,0.220350118281986,0.171855312077967,0.176468638648361,0.161415173541659,0.177163873415102
"284",0.0378342831909289,0.0646631365154406,0.391315990901251,0.297635400940208,0.00508363322002026,0.203467555232151
"285",0.040176077396859,0.0108462435491726,0.198656776694361,0.319872317482981,0.128779376231346,0.30166920864528
"286",0.131030012228956,0.0603939397106002,0.128842972045704,0.147908014862066,0.254910237249819,0.276914823902854
"287",0.193842153240796,0.20802211523987,0.155480276345033,0.264839581978234,0.104588220924769,0.0732276522712987
"288",0.16588444268643,0.129411723770515,0.309469907189464,0.131140978398855,0.228935113895025,0.0351578340597113
"289",0.175515078877475,0.200489442481637,0.11795105358559,0.26097440020836,0.168802189653963,0.0762678351929755
"290",0.121656889947335,0.27179697847328,0.182097994859873,0.166683797823332,0.100133290659578,0.157631048236602
"291",0.0125209697222225,0.28089384601943,0.0795508563237439,0.28079152255644,0.283198701942153,0.0630441034360106
"292",0.183096724287132,0.211274778436113,0.0938317991857508,0.152986372157679,0.310332932737259,0.0484773931960656
"293",0.0356439697390083,0.261855962253157,0.178331007979885,0.0639674732463624,0.144703967624175,0.315497619157413
"294",0.120365652049593,0.122825985398652,0.334305960535703,0.194882314161223,0.0491946596943806,0.178425428160448
"295",0.163284955644396,0.183689495701422,0.130343797774498,0.193906429628085,0.257553278701396,0.071222042550202
"296",0.21409033641229,0.180810806778048,0.227463306213119,0.0954309155317142,0.217310447522245,0.064894187542585
"297",0.0190058683320073,0.141483894856495,0.418965380584227,0.137805791113117,0.282739065114153,0
"298",0.10525994797886,0.0479051672190244,0.292409783661073,0.178953279788812,0.179969655205275,0.195502166146956
"299",0.157898428172342,0.0888291190595692,0.262634436769591,0.136079957206571,0.0821877641662072,0.27237029462572
"300",0.00403700964989023,0.0964716615638978,0.378523663180882,0.198580452794231,0.302300315971486,0.0200868968396118
"301",0.132654962319109,0.0803282852221609,0.0791061506600407,0.260388891905612,0.0846090482829645,0.362912661610113
"302",0.0823393632762728,0.294220723394294,0.383471584054709,0.108099447141538,0.019363427517646,0.11250545461554
"303",0.12675685041426,0.194778323390051,0.338708541156825,0.226359658868422,0.0592851838622473,0.0541114423081952
"304",0.0665981685060472,0.220544182556317,0.30078415030656,0.0976295091000341,0.180936457388347,0.133507532142694
"305",0.0904460397466101,0.257208360714708,0.227791694817111,0.15443986081343,0.079131970871025,0.190982073037116
"306",0.231501883485185,0.0312671337665885,0.248903955845741,0.182087724706588,0.28403940803382,0.0221998941620773
"307",0.11219239698931,0.175322406306013,0.205959589636837,0.184622278944825,0.190749073651153,0.131154254471861
"308",0.194762004862176,0.168933734135612,0.486659210391157,0.0507317688357929,0.0381115312871139,0.0608017504881485
"309",0.0345159453255543,0.253873055375123,0.104625706529612,0.132639584986083,0.280264341152807,0.19408136663082
"310",0.0494385803090164,0.342057507490457,0.237853054018267,0.0460516626730669,0.230222491818773,0.094376703690419
"311",0.0361857987985451,0.156215673951424,0.146125278972793,0.289745944786655,0.181163697362021,0.190563606128562
"312",0.21290807916475,0.0979386918317663,0.147548996069769,0.27109626445742,0.171404447270192,0.0991035212061027
"313",0.118273519030471,0.0489009501073366,0.130338030705396,0.159148831665783,0.504910571077131,0.0384280974138819
"314",0.00241758172046012,0.182694834873986,0.401228403090917,0.348735998126441,0.0254590688090737,0.0394641133791216
"315",0.0833388690432983,0.375792852437085,0.158294925734433,0.0973137531767173,0.0689095789042982,0.216350020704168
"316",0.0527467485247183,0.182577773201688,0.026967903677536,0.202645047290291,0.171268241734356,0.363794285571411
"317",0.178886307762746,0.099368908230045,0.20460821358192,0.104336368930171,0.295058027061688,0.117742174433431
"318",0.0783910766011315,0.0717940419793859,0.294115253142045,0.0413936545996105,0.183779862362515,0.330526111315313
"319",0.128144271799531,0.113432489277552,0.137537557827215,0.232432373161786,0.0366999942583763,0.35175331367554
"320",0.083319857901634,0.149481165530607,0.0589400054480189,0.228438977621322,0.147154849472622,0.332665144025797
"321",0.125021528121501,0.234421070410956,0.070959791366402,0.19588760897019,0.174228575920743,0.199481425210208
"322",0.248350742444987,0.043047253030233,0.176919194786375,0.395213638325631,0.076576028436975,0.0598931429757992
"323",0.00366232324884338,0.496386510701147,0.177012961855802,0.147348134811668,0.038853814713876,0.136736254668663
"324",0.0507265232407892,0.0803438114160431,0.188976784240804,0.148156864163721,0.192328804770662,0.339467212167981
"325",0.0767485770587147,0.248377333897231,0.356191892197247,0.0202529581002714,0.116687512824314,0.181741725922222
"326",0.120162394218697,0.0716384971783135,0.462118818186186,0.118435948164748,0.152032115361305,0.0756122268907505
"327",0.0428097330422176,0.196815840280392,0.272331018751553,0.171266559241913,0.106808583358581,0.209968265325345
"328",0.0429575845135065,0.30021998959488,0.204644904934947,0.140539048502426,0.188573832710951,0.12306463974329
"329",0.118389803137429,0.145849973070788,0.134184738004077,0.167232158038551,0.199198046719898,0.235145281029257
"330",0.143542305781382,0.192067512580096,0.386617309354428,0.0527130119868128,0.193847369324299,0.0312124909729821
"331",0.192058636256046,0.0201856988702072,0.240140668447147,0.159295945181589,0.269969756559814,0.118349294685197
"332",0.163422466730774,0.191287828748723,0.0791427816514551,0.176887790669725,0.232448703086028,0.156810429113294
"333",0.0120481988999696,0.117211844223493,0.508177076463576,0.159883742743219,0.180321075662647,0.0223580620070957
"334",0.00224825621230449,0.163271778199144,0.18708360039628,0.0880384493425482,0.280203318491212,0.279154597358511
"335",0.140753599312385,0.0617964354943375,0.110463689123999,0.1777272355767,0.419252106595407,0.0900069338971716
"336",0.212324998828056,0.0440264115336744,0.398332040634644,0.1478523951001,0.104088440297569,0.0933757136059565
"337",0.12313241698351,0.13516129817008,0.272227693434797,0.156901050967023,0.181059063329983,0.131518477114606
"338",0.173233336712677,0.183548283366736,0.213079835470881,0.0341886456343117,0.0450926043534746,0.350857294461919
"339",0.0799861863019285,0.18170548635018,0.331226868505223,0.248814042083595,0.0744945026947114,0.0837729140643615
"340",0.0511065950169805,0.250647135202317,0.309551101343963,0.144184541030321,0.241096230231096,0.00341439717532285
"341",0.0096581563283366,0.153889619825343,0.281155942582074,0.299385327084205,0.155333204675573,0.100577749504468
"342",0.0282647247825192,0.208357581597155,0.133425697728853,0.0609594774353765,0.36022047303984,0.208772045416256
"343",0.134457346114165,0.295521692757869,0.259274465278604,0.0618641192938842,0.247538100373282,0.0013442761821961
"344",0.166043615575036,0.160772154164797,0.184896025047756,0.138194977159963,0.151908747832646,0.198184480219801
"345",0.0770280409354846,0.0691762334589481,0.132800405119232,0.201188240325607,0.250384439350147,0.269422640810581
"346",0.0223369407060448,0.22756196721937,0.235907717265106,0.18911490378397,0.221394868064036,0.103683602961473
"347",0.0297588380379991,0.192853466349145,0.0370392611482798,0.199018808768063,0.244135155854899,0.297194469841614
