"","neu","NK","CD4","CD8","B","mono"
"0",0.118395487724873,0.100792454944048,0.226225364847564,0.189507212649723,0.204308999621288,0.160770480212505
"1",0.0830467661566422,0.249006765444049,0.147747187582758,0.245741227432014,0.126438084020108,0.14801996936443
"2",0.086866224502937,0.12379854154104,0.348088979853321,0.246218426421759,0.102530533672533,0.0924972940084102
"3",0.0449997633199079,0.281336607991791,0.0900467182811888,0.137327277884826,0.143986484162667,0.302303148359619
"4",0.129142001396361,0.0574997659550499,0.275987019278817,0.300011652219538,0.0652645225221183,0.172095038628115
"5",0.190252599842326,0.0190697957913665,0.374318622246547,0.135211234243013,0.249807655232489,0.0313400926442594
"6",0.0625894000964554,0.283532463081635,0.130078721100883,0.217875443366474,0.0825603491982257,0.223363623156327
"7",0.0832346624275904,0.241087667995782,0.0272034494780172,0.227970257868519,0.215633806848011,0.204870155382081
"8",0.200077828735682,0.152318645084973,0.0578316853240632,0.142795220900804,0.206604139247466,0.240372480707011
"9",0.125568367574416,0.145359573580646,0.0393525601891354,0.281736423989354,0.100793665870451,0.307189408795997
"10",0.160837910823044,0.098960363462332,0.159468457274243,0.13707578044037,0.251811128059978,0.191846359940033
"11",0.136124249845302,0.0604218909107632,0.163920538156227,0.130577808731854,0.22647317780043,0.282482334555424
"12",0.242548741916486,0.071253621743457,0.133092559696217,0.381015368959784,0.111415300647704,0.0606744070363523
"13",0.161076444149667,0.0532788692555047,0.319553499737663,0.205696464681833,0.121724172800125,0.138670549375206
"14",0.122828197877099,0.228093193082789,0.171872272041183,0.0466622294739634,0.2406895604001,0.189854547124866
"15",0.139669236607061,0.193504966828545,0.211314023149077,0.0953793722609103,0.171901139610649,0.188231261543757
"16",0.171736405505009,0.249929455616005,0.0578944136842533,0.151460330435519,0.107548256671797,0.261431138087417
"17",0.168220073473673,0.0662389055989379,0.390883211117214,0.0719188128530515,0.103714769758127,0.199024227198997
"18",0.104272519555188,0.235006223006569,0.26539626547167,0.187084081836792,0.148997245184848,0.0592436649449326
"19",0.136601976478839,0.203969151867633,0.131105694225033,0.162904024827784,0.138801504265606,0.226617648335105
"20",0.106811213614105,0.191876687371618,0.0802703331595479,0.202628992618592,0.153742366957128,0.264670406279008
"21",0.123471657948398,0.359397934372865,0.294649915057889,0.058673970898417,0.0163956276506834,0.147410894071748
"22",0.165739623870425,0.125575526157527,0.289521182672215,0.25832656533835,0.104311738002252,0.0565253639592308
"23",0.188318600015184,0.0225868893511963,0.288644806149753,0.048006033201921,0.110520753152753,0.341922918129193
"24",0.0694441464466625,0.181220010417973,0,0.215989855950129,0.151943040428575,0.38140294675666
"25",0.165835558076483,0.034780230395342,0.276887826670087,0.201436370046012,0.120557585615844,0.200502429196232
"26",0.0584319494298702,0.634145722653753,0.0684656249752564,0.147368628813832,0.0134494090820601,0.0781386650452282
"27",0.0736121965914563,0.0486513417333912,0.0478213502807562,0.237346435198764,0.287700645600714,0.304868030594918
"28",0.180743208293391,0.0491685552351397,0.242892129065539,0.291974459828873,0.0832112608224267,0.152010386754631
"29",0.0974658161009005,0.212566299147117,0.271252752824459,0.0211217550549673,0.269848118933187,0.127745257939369
"30",0.0495501783971924,0.230069019222904,0.272450427424155,0.140692038735144,0.125721397265666,0.181516938954939
"31",0.0970159254130885,0.249342969362548,0.339834897868107,0.139282064850871,0.115776258240148,0.0587478842652378
"32",0.157875894466294,0.215073895345982,0.284810876035031,0.142867172089748,0.0659407140507497,0.133431448012195
"33",0.229213136257032,0.0741125032518693,0.326097696444463,0.0769208027282422,0.159571815721587,0.134084045596807
"34",0.174466453640254,0.0735611779574116,0.235908211166006,0.247276814274263,0.172956239507391,0.0958311034546733
"35",0.0150717884029242,0.226644690995351,0.320017677605372,0.267486158811275,0.0899110951622,0.0808685890228787
"36",0.0513943504231236,0.329855408047484,0.130076670738631,0.158920472705706,0.200431160503819,0.129321937581237
"37",0.0895225009740209,0.121425949294195,0.169834154853837,0.209062951872696,0.19429451742618,0.215859925579072
"38",0.07399637372094,0.197843193590411,0.241231502355067,0.216997280097707,0.0970389545512959,0.17289269568458
"39",0.0531242356470186,0.0829068818499343,0.033225768075691,0.194874517689031,0.211272777584193,0.424595819154132
"40",0.00821484498858414,0.331561474819876,0.14470554673651,0.297523431021956,0.0474331525661378,0.170561549866936
"41",0.0928407716932336,0.0859545490760437,0.248265471391888,0.209245436202277,0.169752341929773,0.193941429706784
"42",0.101949310305238,0.261510370916028,0.0874935191028286,0.249114929854178,0.222801184677104,0.0771306851446236
"43",0.131712651721372,0.0905043461340653,0.206350585381308,0.168481798683929,0.211356205161077,0.191594412918248
"44",0.0856149048317904,0.375354157039163,0.367906658304903,0.0349960467712551,0.0398384119151702,0.0962898211377183
"45",0.15896038123689,0.175754544055667,0.224912767930477,0.020915812488803,0.268478919725551,0.150977574562612
"46",0.190191288981945,0.294320542107842,0.170731675188975,0.181079815061563,0.137383389015894,0.0262932896437798
"47",0.157089950852474,0.0765522017464978,0.0983945602189317,0.193947749258336,0.224978610633634,0.249036927290126
"48",0.0767785337002009,0.104591901814426,0.232476089065281,0.294485658943103,0.160795782502834,0.130872033974156
"49",0.0944942183127619,0.192617575548418,0.200370108491234,0.18323373305797,0.227009020708325,0.102275343881292
"50",0.0125389221944666,0.216418255590094,0.335312804505678,0.182556882936287,0.176220272617392,0.0769528621560836
"51",0.0724692348187073,0.254415527493493,0.183422398075388,0.128680368166961,0.068687847457958,0.292324623987492
"52",0.0889148797060125,0.179818723154067,0.28060968303294,0.176008576674918,0.0278984840975181,0.246749653334544
"53",0.0541689671264869,0.203354158904348,0.156505027577114,0.140003981150403,0.0839241265050657,0.362043738736582
"54",0.121628377105649,0.0930808821162092,0.223918046011666,0.273948868537838,0.230693264745343,0.0567305614832952
"55",0.0984294765234123,0.128647347702554,0.165295937459851,0.216898887539481,0.0579539561028294,0.332774394671872
"56",0.194246753323063,0.17697159801613,0.14423005725378,0.0983200455617878,0.0170898220955346,0.369141723749704
"57",0.0359123461941377,0.103551943628579,0.245026314331625,0.325403363987659,0.136601352995851,0.153504678862148
"58",0.139578588743321,0.0863035685455343,0.274090929017249,0.100780729373976,0.19027763977897,0.20896854454095
"59",0.0415231013110597,0.0291305024816299,0.0986059506606103,0.344283073578429,0.393533105627511,0.0929242663407592
"60",0.0166839063687388,0.235996546383134,0.0832112240051501,0.257075592165661,0.155585476834542,0.251447254242774
"61",0.088567674419748,0.296852283957185,0.376129105165145,0.0832512342186714,0.122781680808069,0.0324180214311818
"62",0.051647511229562,0.118045709995754,0.25849180766892,0.161183425281353,0.240679169325116,0.169952376499294
"63",0.0422454774873431,0.334754170568702,0.271006601333079,0.221262226606832,0.0313585977429818,0.0993729262610614
"64",0.157192078660878,0.0971676391518853,0.451574685749498,0.172224352594866,0.121841243842873,0
"65",0.132162033821478,0.238501992077036,0.0830549285255289,0.170467187165174,0.26630530007754,0.109508558333243
"66",0.0560385784745279,0.231746996312611,0.203650751975542,0.118402089318679,0.199042550222653,0.191119033695987
"67",0.0706576637595908,0.143276926761016,0.250639837088871,0.296126337477714,0.116079153454776,0.123220081458031
"68",0.0488163566572738,0.25288453239825,0.319801013337193,0.192121689291935,0.0761784605915166,0.110197947723832
"69",0.011347398053457,0.263726950033804,0.2817559206075,0.0105471135984658,0.224929243710941,0.207693373995832
"70",0.0951843267683233,0.0857744395382,0.0907994687563745,0.249769690186672,0.151723146214953,0.326748928535476
"71",0.239469503687671,0.0568668318857679,0.27469554627203,0.228835253296614,0.0601139848605994,0.140018879997319
"72",0.0890217056811405,0.253067578506113,0.192552518664514,0.280217007335426,0.17180831317541,0.0133328766373968
"73",0.111805755524131,0.183910771878676,0.30220627081161,0.160693312136994,0.200505614157757,0.0408782754908318
"74",0.178773934279592,0.318371344479311,0.102411468092474,0.262661151844895,0.0601407442730149,0.0776413570307137
"75",0.13996813916994,0.29519216198646,0.417400268225477,0.0298677114139486,0.0440344288430128,0.0735372903611612
"76",0.121024353420693,0.13300727395383,0.283431038461609,0.0397005648766981,0.187692560983154,0.235144208304016
"77",0.122229854683421,0.0960111355809566,0.243661416089856,0.245729440208781,0.041724069016179,0.250644084420806
"78",0.0604608043163499,0.166981233200895,0.569345470499501,0.035918448172656,0.167294043810598,0
"79",0.0655723989400016,0.028686163346504,0.28688956908649,0.213952171062285,0.287954276109908,0.116945421454812
"80",0.172745459980296,0.189613922582091,0.0892180869766522,0.21549058692215,0.00957568432950982,0.323356259209301
"81",0.106180533384648,0.397320780751171,0.134395360920488,0.0439766020844266,0.0600313180738543,0.258095404785412
"82",0.107657060453474,0,0.327164398802588,0.168176662448456,0.0286237617300855,0.368378116565396
"83",0.104197083272006,0.0683100830641264,0.0925440909735001,0.289405962243834,0.232161934399629,0.213380846046904
"84",0.0333544463524177,0.253870611177456,0.0870823751622641,0.214453509978221,0.138240565240272,0.272998492089369
"85",0.143555006727972,0.404508461550743,0.146062915730254,0.0910238932962747,0.0186929760894941,0.196156746605263
"86",0.0804985341776409,0.041581500495308,0.426235749648096,0.2890300608743,0.0790194991478154,0.0836346556568397
"87",0.00418702580708258,0.0869900464150726,0.228866133390301,0.193086183754332,0.273112989048654,0.213757621584558
"88",0.183465916335995,0.32180257307958,0.379091881887457,0.0350888599149728,0.0560895721233485,0.024461196658647
"89",0.0802307129935147,0.0755551162957246,0.331776663953355,0.227290676340783,0.100620709727949,0.184526120688673
"90",0.0525399148954403,0.0229708376363491,0.305036911164165,0.331815276632386,0.0877934123706867,0.199843647300973
"91",0.0871014394783641,0.213859443854733,0.282274827525994,0.0254299617991943,0.0579154388607849,0.33341888848093
"92",0.0312064775155922,0.140610697331197,0.323861701305106,0.222387378030028,0.0929780420864982,0.188955703731578
"93",0.0810771880772221,0.345803732005506,0.276638519844134,0.096397677224127,0.0218518825903294,0.178231000258681
"94",0.0872485490935619,0.185500408770085,0.0928572696893826,0.0266834694359819,0.322327781344069,0.285382521666919
"95",0.0699694604485731,0.133887634650058,0.309819157358542,0.229908103248004,0.156514757954349,0.0999008863404734
"96",0.0343644572349945,0.244330915016141,0.417897107075245,0.145098623564908,0.0863414479468038,0.0719674491619082
"97",0.129097992578046,0.236373883566498,0.432171034693894,0.0371533503369935,0.0607035558182351,0.104500183006333
"98",0.0496191746206571,0.134731802396583,0.178124398205743,0.0722079163832128,0.192243119376881,0.373073589016922
"99",0.131964858304403,0.0719883605457401,0.125802107522562,0.195506269075764,0.236754795216029,0.237983609335502
"100",0.133711614092655,0.113867898075374,0.194780812357574,0.235987314485853,0.26492139764017,0.0567309633483751
"101",0.178262596325507,0.0455221132400225,0.299934027937998,0.269870238951733,0.0465136089720662,0.159897414572673
"102",0.0144606718284587,0.303045890067596,0.0712119156206828,0.186599303277575,0.149971806781433,0.274710412424255
"103",0.0388102447771496,0.163255542535002,0.203768778145125,0.249709566634879,0.147634890184073,0.196820977723772
"104",0.135736721539312,0.078368218563874,0.355585017498913,0.22191553038477,0.195899738066595,0.0124947739465362
"105",0.192218781827751,0.0542744051315312,0.221163894942316,0.312561533821116,0.0759525746409033,0.143828809636383
"106",0.0940929278838351,0.147128779242692,0.334922090874031,0.0446768834210937,0.0945710976390032,0.284608220939344
"107",0.0844942037006418,0.213610014883538,0.265027954935789,0.0527240827960122,0.163041370982157,0.221102372701863
"108",0.0978784637809217,0.198374674204757,0.257103146734419,0.207047396313489,0.0543024762199804,0.185293842746433
"109",0.0518983860402895,0.23751915226307,0.262137977579235,0.217130912328708,0.214814754749023,0.0164988170396737
"110",0.0805511715554209,0.151038161467465,0.194363066334581,0.281667176872498,0.0479503376528504,0.244430086117186
"111",0.078471741395531,0.201010320216244,0.180311765686738,0.142389374087148,0.063907831189767,0.333908967424572
"112",0.127097148780572,0.205526067458146,0.289967642371301,0.117409444422499,0.05994134589111,0.200058351076373
"113",0.154714578418074,0.135109682933544,0.195012337847877,0.259630788405638,0.135852464048422,0.119680148346446
"114",0.0236353346712674,0.222430824652183,0.233570074225132,0.109410890460146,0.134643390847709,0.276309485143563
"115",0.0284454363039304,0.235886670209367,0.0942184454929044,0.162955991826337,0.211936208041833,0.266557248125628
"116",0.096432771570759,0.00804177937066161,0.540170586917763,0.0985273976392164,0.187447046951448,0.0693804175501517
"117",0.124496377239088,0.258771953139938,0.0266662215505396,0.171701376207941,0.150392113392231,0.267971958470263
"118",0.153815676306322,0.233928510382095,0.0605237025789828,0.123552741324695,0.128583740823336,0.299595628584569
"119",0.0643477128324277,0.154389490878682,0.150823263542959,0.172177866303354,0.209791063307201,0.248470603135376
"120",0.140398952134524,0.0595735010307018,0.248009776437334,0.152219466693704,0.127173558796795,0.272624744906941
"121",0.0893442104809906,0.0411929552511438,0.404826395264556,0.0522420237939906,0.0106685836706716,0.401725831538648
"122",0.097258989193106,0.127786251665917,0.0738832503397815,0.199780417163867,0.297551141812499,0.203739949824829
"123",0.134291053287129,0.254355718815448,0.179418932166084,0.0244537368989307,0.226486836868419,0.18099372196399
"124",0.178437861434352,0.171935786183184,0.393348493753265,0.17475780033289,0.0413092952673162,0.0402107630289925
"125",0.0678590716246519,0.125818208765499,0.43812093321767,0.147751617348146,0.213564985009668,0.00688518403436503
"126",0.114246326292062,0.129799546805682,0.222598847289438,0.21965637871498,0.256371574267927,0.0573273266299097
"127",0.142004408317298,0.216168842652979,0.145996260503146,0.0991956301273072,0.201368801158527,0.195266057240743
"128",0.148010237266825,0.233740177137993,0.107438132604894,0.0939467134980768,0.164342252132358,0.252522487359854
"129",0.11339005680547,0.14976322323746,0.139474232002302,0.077354871545476,0.363521190038853,0.156496426370439
"130",0.0373615758292034,0.0947495818381946,0.252149446810572,0.0780884928678288,0.191414186021561,0.346236716632641
"131",0.0813803405673029,0.13627228405141,0.256736863397598,0.201134078581737,0.179436578017024,0.145039855384928
"132",0.0951152573504393,0.144513037418386,0.28473043808264,0.241057231507228,0.226600954856926,0.00798308078438032
"133",0.18104540974107,0.0601739643649791,0.230925083565205,0.286259577945552,0.174598995134486,0.0669969692487088
"134",0.0914066305434425,0.172485969761703,0.541327486031851,0.0156914927739828,0.17908842088902,0
"135",0.139279592969669,0.397576477532227,0.107621310986038,0.0460368163660166,0.172108853256831,0.137376948889219
"136",0.0794935319924467,0.307015046247797,0.0756462223578656,0.0667232368860155,0.158973000825139,0.312148961690736
"137",0.0572534702087441,0.10889863447133,0.332124464411817,0.22390101733077,0.177415621827319,0.100406791750019
"138",0.163627649110855,0.253118121382885,0.262146565513239,0.120060403224406,0.0655999399914423,0.135447320777172
"139",0.105172947610428,0.230152294148968,0.165854455419973,0.190347929393358,0.109156877244122,0.199315496183151
"140",0.0832750278349377,0.194668081837215,0.422368777417256,0.0473097958773913,0.212550582817898,0.0398277342153022
"141",0.0989596786243041,0.122843166123358,0.387912279131072,0.148805410421054,0.216389306721854,0.0250901589783586
"142",0.0892177128600357,0.0716805986048415,0.125300308580001,0.263541387421038,0.165669486711565,0.28459050582252
"143",0.036755870596926,0.109707429906047,0.265755845786795,0.0836255508369576,0.15916693205431,0.344988370818965
"144",0.0347921632498367,0.253562011037574,0.113533318428649,0.277627587029468,0.0998257544407131,0.220659165813759
"145",0.0012629268854629,0.100692966936636,0.286907726437678,0.136785869235687,0.206345623043312,0.268004887461225
"146",0.125000850158827,0.274638114657527,0.0498627284842627,0.143464618661631,0.155581275707761,0.25145241232999
"147",0.194457800436758,0.140200374649266,0.318198405046222,0.193195069584116,0.116590999367516,0.0373573509161219
"148",0.14673777045,0.0305851899271569,0.257309606327203,0.0603658769709418,0.213232586090093,0.291768970234604
"149",0.0740081281575723,0.102439927880309,0.325925105931141,0.159266253734129,0.218457835607999,0.11990274868885
"150",0.0918272595195483,0.117517566168804,0.251617371856842,0.204086011306203,0.106730354664039,0.228221436484564
"151",0.0866380657898264,0.069648183697949,0.06554658766003,0.247635531093373,0.347504452217237,0.183027179541585
"152",0.127186198134277,0.153257531885774,0.288976598383453,0.0604605611191601,0.198132712832923,0.171986397644414
"153",0.13402868695852,0.0963477241865294,0.0185421123341823,0.293773798566359,0.256228399599836,0.201079278354573
"154",0.210253808618838,0.221078396504689,0.135608273710034,0.189647553875089,0.161012639350556,0.0823993279407944
"155",0.0119501349073095,0.0400774427723,0.150671124903387,0.279033593459617,0.241307476391748,0.276960227565639
"156",0.114277139192655,0.341521011438765,0.165147853439159,0.153300590617398,0.0270816891597535,0.19867171615227
"157",0.134310060574314,0.121832269994388,0.27269765992893,0.186376372546723,0.0880312854244217,0.196752351531223
"158",0.0989400104154734,0.224966130487669,0.172940482109739,0.215554586467124,0.103743707098367,0.183855083421627
"159",0.167988148960773,0.202091847176483,0.0709465078863236,0.18356263865977,0.144608730065943,0.230802127250708
"160",0.112783354212906,0.213492803415014,0.14836917517705,0.181285750340188,0.164458260524009,0.179610656330832
"161",0.0811209906446309,0.364964679386811,0.111626037292662,0.281478413198691,0.0317009661222333,0.129108913354972
"162",0.125628634036493,0.0825423050292876,0.171544215231765,0.223793306660012,0.232904756192993,0.16358678284945
"163",0.000472948778963165,0.30688292887248,0.0899745745269094,0.117100919756444,0.115850480522418,0.369718147542786
"164",0.101500540108802,0.220205841361425,0.0780686085512882,0.30252702637068,0.131804633019043,0.165893350588762
"165",0.084714459312928,0.0609474930800883,0.250966519725149,0.316883486490413,0.199763160429479,0.0867248809619422
"166",0.204223514798426,0.116987928846773,0.424859133997145,0.126134291430943,0.0778761737292132,0.0499189571974998
"167",0.1244072611602,0.194224922811119,0.281608949507906,0.224858314652365,0.130387439217781,0.044513112650628
"168",0.0182222068584289,0.1851060643828,0.217065218451932,0.18041197687514,0.0146229113582157,0.384571622073484
"169",0.193057488460603,0.123572394704725,0.123042804855432,0.219388024010225,0.290579421635778,0.0503598663332366
"170",0.0188573738423368,0.177545940619307,0.216322299491231,0.229690553004981,0.0995573389674666,0.258026494074678
"171",0.137363624160844,0.346440342695757,0.0687780517825352,0.0524020872185024,0.0179062755204518,0.37710961862191
"172",0.000857838358146754,0.353960701731461,0.291732277212704,0.0871884203129984,0.245295008769034,0.0209657536156565
"173",0.0909626900139132,0.326470068556915,0.140006156437687,0.0745773313594221,0.164305641697292,0.203678111934771
"174",0.0697807642529195,0.0826332597368371,0.276003347032339,0.150388195262095,0.260343507625889,0.16085092608992
"175",0.08573016690594,0.209267849933318,0.0746985148129651,0.0588735106265835,0.194699700025433,0.37673025769576
"176",0.143182953467655,0.180330094405565,0.233724307278493,0.174360847152351,0.230028085520542,0.0383737121753936
"177",0.181971620279544,0.0785449841431683,0.413089727974372,0.0326945261402238,0.265532001232949,0.028167140229743
"178",0.164576836349108,0.109111606872311,0.208776863450927,0.209504703542766,0.0163250837397693,0.291704906045118
"179",0.0960517263975237,0.0256141498626586,0.194587512996411,0.279378001945178,0.22182612952019,0.182542479278038
"180",0.193673456642116,0.124104412783088,0.0936608820005942,0.12871962092759,0.356765061572205,0.103076566074407
"181",0.178873988099038,0.239532503204926,0.192741376534832,0.0681756558074027,0.279326160383463,0.0413503159703377
"182",0.0292561087611168,0.0123470444161323,0.271037598614627,0.159075394495975,0.288253471503602,0.240030382208547
"183",0.17483275056035,0.105050023096017,0.217452366691968,0.254950738880644,0.195915902093459,0.0517982186775616
"184",0.0187997385313692,0.318387738373849,0.0373829259192083,0.377308200226115,0.230804940707597,0.0173164562418614
"185",0.0989247951667455,0.27401532289207,0.200224596535613,0.146638312603795,0.131409958235738,0.148787014566039
"186",0.0989476763922295,0.202468221222722,0.119425734312954,0.0948118279692343,0.184010112567163,0.300336427535697
"187",0.135570194411674,0.0816960487146433,0.511163894384557,0.0616203232121328,0.0178610062169791,0.192088533060014
"188",0.044891951108167,0.0797633135191507,0.203374986506239,0.0616721909047286,0.283523380321415,0.3267741776403
"189",0.0059461020238734,0.230906041644583,0.0984228581426608,0.155623761918152,0.41321926263101,0.0958819736397203
"190",0.0526872272530625,0.208844741868398,0.0473576516591623,0.172751553313451,0.240012345871126,0.278346480034801
"191",0.184638301578861,0.254435831756846,0.150254232948885,0.239965621166146,0.0481592812199195,0.122546731329343
"192",0.0337036481886176,0.211388860059258,0.17561294384367,0.167021655859101,0.198586767874375,0.213686124174979
"193",0.166226516759563,0.150854834453667,0.40390562858636,0.0221265977452849,0.0898287721543557,0.167057650300769
"194",0.162102677746181,0.0374287631573609,0.293527763028007,0.223996221872821,0.268590393433239,0.0143541807623916
"195",0.0765416348279861,0.15028323305863,0.1909100761252,0.220110550520922,0.207187488150278,0.154967017316984
"196",0.0318392949689811,0.232079180730203,0.082250703513522,0.28473450807189,0.232356109454633,0.136740203260771
"197",0.0999937556767627,0.169752043296494,0.36001152080642,0.0222670723438344,0.16255111569836,0.185424492178129
"198",0.166863770681421,0.130459455380997,0.116028466108551,0.268343989420095,0.0268501947427055,0.29145412366623
"199",0.140751208720829,0.0908002211463039,0.178077765727316,0.0383048174183458,0.231091266573618,0.320974720413587
"200",0.182312207683834,0.348264544252366,0.164177721163261,0.0490340766061115,0.138832607255404,0.117378843039024
"201",0.0700443580378309,0.332328120983536,0.135130046174606,0.183199112061834,0.234265622026798,0.0450327407153952
"202",0.169561709071891,0.122372440991483,0.118023019515077,0.152667786794888,0.326381317839552,0.110993725787109
"203",0.0966887920495702,0.097967999527782,0.28940123688975,0.0810390373070759,0.181864520902669,0.253038413323153
"204",0.00305040421133599,0.179036236063624,0.32654096263582,0.266279268807446,0.182661133851384,0.0424319944303894
"205",0.0170396182758122,0.0285139584379835,0.237632582813817,0.375702823677023,0.124311780752226,0.216799236043138
"206",0.119736150659002,0.244627512593434,0.181603999042235,0.230398681220298,0.17514907410363,0.0484845823814001
"207",0.0856325894833809,0.224420585521131,0.109844781698507,0.207646424149699,0.00749594459694698,0.364959674550336
"208",0.192005718826977,0.317692969522011,0.243264262978549,0.067276585779378,0.0385083503828369,0.141252112510248
"209",0.204753613546895,0.158928163984458,0.191277512603877,0.0561270230988602,0.369898380568219,0.0190153061976909
"210",0.135632847332074,0.198105712930005,0.169353635513672,0.216127273131404,0.0715539513017968,0.209226579791048
"211",0.0436213915309138,0.116056613568248,0.280214104963742,0.248461666935126,0.0709446039549855,0.240701619046985
"212",0.0700952084587801,0.102625268800517,0.102217976466962,0.286796047958061,0.046480907013091,0.391784591302589
"213",0.0103155624678421,0.29370104278074,0.303497663998834,0.034479105593908,0.137839367120173,0.220167258038503
"214",0.104793079314624,0.0337267467108418,0.368778223263301,0.0412530797078204,0.331421356227683,0.12002751477573
"215",0.0118763501767188,0.281105955296195,0.175692038063174,0.34989522319198,0.181430433271932,0
"216",0.109397592894231,0.0533553920050299,0.186994639858478,0.390377746511025,0.0943092622121876,0.165565366519048
"217",0.0648099330329413,0.101228275453902,0.329986564290209,0.0624265001724727,0.122796616220079,0.318752110830397
"218",0.171813514240903,0.0963757269286781,0.101463907582556,0.350875105496176,0.178425900994009,0.101045844757679
"219",0.0652111419528801,0.0636088158603764,0.216954215797563,0.210551538561744,0.187468804179418,0.256205483648019
"220",0.0584513163985287,0.0750840630988034,0.45893191987059,0.0713489846850932,0.1502088166791,0.185974899267885
"221",0.129598740985624,0.0704910413949416,0.147484426370159,0.0971167331235697,0.230303457527403,0.325005600598302
"222",0.174004329039239,0.0426711680203225,0.0805298498462942,0.267164969819764,0.0990696001940992,0.336560083080282
"223",0.0891566238852055,0.189560106929904,0.23833248892658,0.226221799672486,0.240713387047734,0.016015593538091
"224",0.0706854561205281,0.0526545494126062,0.482201868689489,0.137564816134215,0.0219634206026606,0.2349298890405
"225",0.105694614288041,0.122278642642442,0.190730944906309,0.150640402725965,0.157870106908779,0.272785288528465
"226",0.0861377679949985,0.113919819476866,0.317512940091561,0.128798364020958,0.111704454605662,0.241926653809954
"227",0.159476571203341,0.204312233484207,0.103237735332005,0.0572307534257005,0.182328088535414,0.293414618019333
"228",0.187493246051918,0.0356627174510782,0.0791703787614433,0.0774705184901189,0.372745233502002,0.24745790574344
"229",0.104735097177087,0.1747807756648,0.220266906149876,0.139785414800995,0.166758377331898,0.193673428875344
"230",0.0680067580236222,0.24295755705453,0.342743791549591,0.164319054824826,0.173194034913333,0.00877880363409715
"231",0.012590257126573,0.237484581474076,0.335104750367025,0.0169228016576155,0.276764790058869,0.121132819315841
"232",0.158615536503139,0.135999886685543,0.228400753687673,0.0642936288422078,0.200878893886411,0.211811300395026
"233",0.17660833863601,0.0330953692026238,0.344693160465338,0.0328343873147391,0.22752261448734,0.185246129893949
"234",0.142285843708661,0.0978814808367226,0.20252388298952,0.232418856629547,0.10215774773741,0.22273218809814
"235",0.137292876044378,0.23628012120562,0.145366370245346,0.356952713012792,0.0415506394025722,0.0825572800892913
"236",0.0751932745951721,0.157192930661711,0.256782903191262,0.0946711850733889,0.24714151593587,0.169018190542596
"237",0.0117065515359477,0.255304447566426,0.293893717148751,0.171873015050109,0.0462172615330481,0.221005007165718
"238",0.145997739131474,0.132844093017704,0.213178801724335,0.119026698530028,0.0918542733385738,0.297098394257885
"239",0.0836096006092977,0.208912877545134,0.251167989792163,0.145422886105681,0.0369206480247126,0.273965997923011
"240",0.109195663911494,0.11572889348475,0.0378657039352197,0.233427521722208,0.221902526538255,0.281879690408074
"241",0.0103322728097066,0.18570260770198,0.288939929221945,0.318115993707225,0.18382311533156,0.0130860812275837
"242",0.0997546176224942,0.130368245733676,0.336931353949118,0.193513251346769,0.185376030078731,0.0540565012692125
"243",0.1029191263853,0.131022503993623,0.325220441523915,0.107617398677766,0.178368667999359,0.154851861420037
"244",0.0842324018292338,0.0209331992559456,0.241789058471904,0.23018909766584,0.2350373420283,0.187818900748776
"245",0.0834825327495717,0.189177756191909,0.271617628353064,0.00900663063931544,0.203117021105321,0.243598430960818
"246",0.0528729896139366,0.237958292299865,0.113236207053576,0.243848850219567,0.159792848462015,0.192290812351041
"247",0.152339371526679,0.0328875968756713,0.0640365000238502,0.227070633104248,0.261192148399764,0.262473750069787
"248",0.0722538014731049,0.0954009867289714,0.112949400076759,0.196473715901385,0.251501639659573,0.271420456160206
"249",0.195021434987496,0.101010635395218,0.284731722248914,0.0614271618754086,0.138116805945487,0.219692239547477
"250",0.0999167880783005,0.208888097918089,0.179120759620388,0.18380307486234,0.167600342039972,0.160670937480912
"251",0.1417069118443,0.18191666330143,0.16974008718941,0.104262023412133,0.20554454540765,0.196829768845078
"252",0.0141308719719691,0.146120754771422,0.151854453152946,0.106456573708377,0.235067852452448,0.346369493942838
"253",0.0342297927105318,0.0417050943726002,0.370631622609019,0.254549388912575,0.203450948282245,0.0954331531130298
"254",0.0385692933230203,0.142593100944054,0.114649937347399,0.356428224393852,0.224165673669217,0.123593770322457
"255",0.16384206633052,0.0863396474384713,0.119355477753803,0.192781901660696,0.231057059538543,0.206623847277966
"256",0.076376581713105,0.284107862067857,0.0798943184662049,0.247520380118063,0.103379081129548,0.208721776505222
"257",0.107744223437092,0.272066544535798,0.0839078678321824,0.0801753852449023,0.0341768603883502,0.421929118561675
"258",0.0969179822136911,0.102526504361793,0.400682730917349,0.219578633048164,0.110575969984736,0.0697181794742663
"259",0.070517422812443,0.0942875897951995,0.220080860615592,0.112216246866989,0.326515623604859,0.176382256304917
"260",0.142710141639133,0.0679530398346397,0.198311169451442,0.297105193063953,0.0405120814737964,0.253408374537035
"261",0.235398519345778,0.280220793538933,0.0794881468974608,0.205599020647477,0.0789940222348717,0.120299497335479
"262",0.0744505065485125,0.211401595200665,0.325165623431362,0.217450704327726,0.128574582833707,0.0429569876580277
"263",0.0825835074508632,0.133276906852941,0.263653790020203,0.229877103595128,0.162820919833852,0.127787772247013
"264",0.108918269289743,0.124484547327609,0.400199717230684,0.182686421170331,0.0675388157585257,0.116172229223107
"265",0.151354692627266,0.235332910766346,0.2441130033155,0.0813591888385142,0.145524474941653,0.142315729510722
"266",0.127376744732423,0.0947066242942126,0.267969648138188,0.160263045564184,0.0634846346272646,0.286199302643727
"267",0.128914636729013,0.169331769728699,0.192751545021771,0.0838158446832587,0.186626955539021,0.238559248298238
"268",0.102208834455008,0.0794629772841105,0.270165050361007,0.230943284091123,0.283134908536701,0.0340849452720509
"269",0.179989994943851,0.0741832878582602,0.199893553475467,0.277766809085836,0.0608880608955226,0.207278293741063
"270",0.012426355417406,0.214717223077701,0.203362527524368,0.200115554083518,0.312329689015753,0.0570486508812544
"271",0.164844663854567,0.17551575543866,0.239606107987579,0.181659312744658,0.0406746935572531,0.197699466417281
"272",0.131517026058016,0.211880510542385,0.160432580686062,0.296035542133413,0.0596895229745534,0.140444817605571
"273",0.101100008939881,0.241424742504348,0.0431576733685555,0.141624325927048,0.263288913075711,0.209404336184457
"274",0.0588594314045975,0.101041429940583,0.38571439597205,0.0712938953220656,0.101359666018112,0.281731181342592
"275",0.0973731487571251,0.265296490934113,0.240140457854429,0.102846285128403,0.183101748844116,0.111241868481814
"276",0.00555774641744916,0.25209787342035,0.273844688777267,0.0230739996521422,0.165975723199544,0.279449968533248
"277",0.0868436509058222,0.112544262452857,0.306739434627841,0.144267384871038,0.184071732264506,0.165533534877936
"278",0.166623728381841,0.070685849909833,0.240785046846839,0.0954307903933568,0.243097773865066,0.183376810603063
"279",0.131423055209023,0.223004732854689,0.201886334057074,0.0581946392824596,0.0928878067319124,0.292603431864842
"280",0.119971815798996,0.163894915721848,0.040961123472315,0.242221000655906,0.146126142463668,0.286825001887267
"281",0.0913934419565127,0.109647130112231,0.264501041038221,0.228105976667433,0.0612141251407853,0.245138285084817
"282",0.194229591274038,0.032583209721275,0.4079115568618,0.0338510918492253,0.277773379647528,0.0536511706461332
"283",0.1119362889139,0.147090713453887,0.405972004787723,0.0369684888656763,0.104782249964647,0.193250254014167
"284",0.148529688268677,0.188694862476466,0.205931426702106,0.169337350624789,0.13174350615529,0.155763165772671
"285",0.158735230265183,0.0219142093184411,0.273013124149419,0.173787254624933,0.119655492044897,0.252894689597128
"286",0.163117015366029,0.224888307487338,0.341982031516766,0.0237762231509336,0.181906497401899,0.0643299250770347
"287",0.0508936547700712,0.177280726291537,0.27308323100104,0.284728452006543,0.113389001011639,0.10062493491917
"288",0.179028678919888,0.196971679843177,0.125462817569307,0.109331568114422,0.24212661924324,0.147078636309966
"289",0.0727968154465124,0.264022534125838,0.0992413743471909,0.130011485372988,0.0590142267900136,0.374913563917458
"290",0.110267182991484,0.101357517749883,0.175764500913358,0.459676337884234,0.0983273238453876,0.0546071366156532
"291",0.0818510767020711,0.199436745017143,0.321482467319791,0.0796177047745119,0.0841983785520315,0.233413627634451
"292",0.0877384700453999,0.273310192061213,0.311824195787778,0.132095863971282,0.0837996950415499,0.111231583092777
"293",0.0207989699319787,0.242607066320637,0.171790024543183,0.190158046740676,0.201274334197028,0.173371558266498
"294",0.150446331261883,0.149968500707399,0.188899876459653,0.179161298523921,0.258493558133549,0.0730304349135956
"295",0.137818705251655,0.128756116800432,0.137882202617692,0.133791552871508,0.220215924100943,0.241535498357769
"296",0.130335340458951,0.0693664182538472,0.260514479251935,0.218832229874267,0.156096691110583,0.164854841050416
"297",0.109718794122285,0.0526463255954862,0.446036507959891,0.0533570671600185,0.338241305162319,0
"298",0.12695984203652,0.174385709295317,0.0925069173021468,0.180581984634804,0.288656720264891,0.136908826466322
"299",0.0499658107449271,0.243229287760509,0.158517053499616,0.17908787068408,0.0505071484388735,0.318692828871995
"300",0.0917301859357177,0.149258674989288,0.185154064894205,0.183097133064001,0.0963427526479473,0.294417188468842
"301",0.0839810390560771,0.0370578915543972,0.0810711051939342,0.304013202252292,0.0712864934902712,0.422590268453028
"302",0.159348128509903,0.0971153394849904,0.0983428799343248,0.245680784265827,0.232996292218163,0.166516575586793
"303",0.141175003793563,0.17247985454431,0.0830366106873989,0.116706927360612,0.176095963794013,0.310505639820104
"304",0.0447995511721049,0.137282029335139,0.157611124793838,0.139629287316822,0.134005454675128,0.386672552706969
"305",0.158230473399807,0.222581784849909,0.106386390049502,0.113909519676505,0.0923050752944973,0.30658675672978
"306",0.10396145636091,0.0915056556403993,0.328171949264792,0.195500526015302,0.0898380399899693,0.191022372728627
"307",0.145974208054407,0.144894129299735,0.233128853981925,0.0832726436422654,0.181690480292699,0.211039684728968
"308",0.163208959823244,0.125996631549999,0.198946642759596,0.228713426920847,0.266888984571389,0.0162453543749261
"309",0.0294952143882184,0.27201406479849,0.173085608562522,0.111726698535147,0.0513882864177134,0.362290127297909
"310",0.144277066362311,0.264389815287501,0.330093632720705,0.0538013103074941,0.198808443975681,0.00862973134630911
"311",0.0176759164576667,0.234078498526637,0.017424607755636,0.323667442991289,0.0935886639147787,0.313564870353993
"312",0,0.252334508113807,0.335421493390632,0.0421785861993373,0.201253748920871,0.168811663375353
"313",0.0132008529511683,0.272353469731204,0.325649224251674,0.0990629746233716,0.246513446414979,0.0432200320276028
"314",0.0472201315235759,0.0179643688873719,0.360208123034354,0.270990182663535,0.155413174004582,0.148204019886582
"315",0.0178190278613355,0.216556926649171,0.187683929829673,0.256314432217915,0.212926097270267,0.108699586171638
"316",0.0269283633846557,0.10302666991718,0.254129518907753,0.0754629095793345,0.335152288189961,0.205300250021116
"317",0.062230628988707,0.153585570486696,0.357500447365953,0.195698857669206,0.181154001067075,0.0498304944223629
"318",0.0570512981581803,0.133617863656886,0.168041723171904,0.298621222816735,0.0107113589576971,0.331956533238597
"319",0.19117354887509,0.246275402435033,0.0841837689858322,0.0872629723283789,0.192043229936434,0.199061077439233
"320",0.10296146916279,0.0324499614934494,0.279798193457484,0.308747924991101,0.211235967310224,0.0648064835849508
"321",0.164050013551577,0.226401756252201,0.246851858051004,0.172205710067103,0.101546692279465,0.0889439697986496
"322",0.0791931695863961,0.192366057209728,0.303561426186752,0.125678907507487,0.0567746981499258,0.242425741359711
"323",0.0990468040155076,0.0929996389019221,0.270876102199274,0.200582593091879,0.16237848932432,0.174116372467098
"324",0.225369374926364,0.347151485143438,0.147713795867864,0.146027396360492,0.0846334507587631,0.0491044969430794
"325",0.164653858526447,0.156674009748963,0.167844300903148,0.0660192009325977,0.173323813067214,0.27148481682163
"326",0.0887543056149774,0.181658642834584,0.233195489642533,0.297704357287069,0.135726283805248,0.0629609208155884
"327",0.0866550978665812,0.219024645252433,0.238151862688612,0.121333987732375,0.170565277656499,0.1642691288035
"328",0.104768977347416,0.152408686571572,0.11315668445484,0.188457760955089,0.0756257329955294,0.365582157675553
"329",0.060837757976038,0.373009065883601,0.0393709576699776,0.0463102610981447,0.121046982789121,0.359424974583118
"330",0.18813223743218,0.356537460537207,0.105388821728721,0.0479787289615745,0.0659544561219277,0.23600829521839
"331",0.0130825091138718,0.263747495946523,0.177700748269734,0.147593380017816,0.086883866504105,0.310992000147951
"332",0.11665461827865,0.0492631310740741,0.258346520007303,0.189137120152844,0.13462935109247,0.251969259394659
"333",0.165663705047828,0.434942840684997,0.195640749531602,0.0215548892423574,0.0479360629682873,0.134261752524929
"334",0.0873014828545928,0.278494293847957,0.162176972987161,0.21174099408233,0.126082443840265,0.134203812387694
"335",0.13567361864397,0.18484433886874,0.290062443418662,0.255136543214438,0.11276723017587,0.0215158256783192
"336",0.136421548506542,0.276145405026039,0.343053978981106,0.0766229789798878,0.0187221259999487,0.149033962506477
"337",0.0837942759986067,0.107326643594942,0.306696783346285,0.1560407170353,0.0594960602796803,0.286645519745186
"338",0.0901269937970329,0.102568190433956,0.399562185000874,0.0289731145889243,0.172432136447373,0.206337379731839
"339",0.0339635851222388,0.336249852424727,0.120975943671382,0.185383499855487,0.27826087744779,0.0451662414783752
"340",0.0428399867468191,0.175819030500222,0.286631117959538,0.234396951252445,0.0886654282386087,0.171647485302367
"341",0.109911799644521,0.172544820548466,0.243941175468663,0.075134464190451,0.179759215628533,0.218708524519365
"342",0.121125057885779,0.181702189369812,0.261220852446611,0.0885131901312194,0.153136294893908,0.194302415272671
"343",0.121018752300079,0.199754221742568,0.334579775116739,0.126710631565011,0.135092464506505,0.0828441547690981
"344",0.126980369362742,0.275510478938774,0.0817305966851698,0.0568238327140627,0.130196389321,0.328758332978252
"345",0.0943702365341586,0.10465494024597,0.128135349592867,0.313598984261951,0.0622625391732044,0.296977950191849
"346",0.113075465799809,0.229903286981408,0.152377127135063,0.274659542917978,0.133349769196881,0.0966348079688607
"347",0.0162687160047768,0.00352795660316008,0.224890541968906,0.387498647181362,0.00714777322699304,0.360666365014803
"348",0.0740155320452918,0.24009222181639,0.255692544834276,0.0396420765267982,0.29725198904124,0.0933056357360037
