"","neu","NK","CD4","CD8","B","mono"
"0",0.0821535376734765,0.0441574292151005,0.296900735700313,0.177573595752837,0.201402694525102,0.197812007133171
"1",0.190700969041376,0.0640083799400921,0.133167168207575,0.109624441114783,0.148000605450879,0.354498436245294
"2",0.0162995840779778,0.135800994855152,0.369143241562321,0.0164821798112241,0.115961736246418,0.346312263446907
"3",0.104363269959841,0.192023960942754,0.282030992195394,0.179321857696667,0.116863709520265,0.125396209685077
"4",0.118878650224676,0.277335173952802,0.290411516701266,0.0278700097357871,0.0794228975599594,0.20608175182551
"5",0.0652572728953594,0.143332446101655,0.037391523355999,0.150970082135213,0.287442614210128,0.315606061301645
"6",0.156009867402814,0.303370356070068,0.318548867871558,0.0607794975705062,0.101033013870292,0.0602583972147618
"7",0.120831263620107,0.281885775820147,0.239561003281995,0.0607413216717605,0.143465802171106,0.153514833434885
"8",0.0479664178481782,0.195446201696515,0.285612598017628,0.136716396599639,0.0268254941006377,0.307432891737402
"9",0.088580242943317,0.261901571303856,0.0411565637447719,0.27467356899699,0.0055281823742542,0.328159870636812
"10",0.0277075117107012,0.136015033261867,0.382297962381309,0.0750193869233962,0.0531314168524398,0.325828688870287
"11",0.0355714879657893,0.279128122192192,0.332115899622261,0.175251826684909,0.177932663534848,0
"12",0.117359729366144,0.0788889789118972,0.196892287225435,0.0754470943765381,0.242803665007938,0.288608245112048
"13",0.0832254042639807,0.0569084638614606,0.368560919949954,0.136155748682183,0.319058426824579,0.0360910364178427
"14",0.0553192197101901,0.0161564295391926,0.024984911617242,0.161471710984354,0.305115434784756,0.436952293364265
"15",0.172262893869696,0.118227158879609,0.250147664184372,0.226547928469809,0.0336864138458003,0.199127940750714
"16",0.234997307796376,0.239298549487249,0.0848096892531768,0.318301059951775,0.0339439100826508,0.0886494834287719
"17",0.180297612087711,0.148698689915971,0.296689986835909,0.0299097753455543,0.196512159100504,0.147891776714351
"18",0.0871981406130559,0.190097280919709,0.157179811142063,0.155435602377252,0.188047911118029,0.222041253829891
"19",0.0451699025087514,0.240209832138007,0.186995114367565,0.17818993100848,0.227286339641613,0.122148880335583
"20",0.131794435086143,0.01419119246194,0.409312921914733,0.0674937653458987,0.133546831092095,0.243660854099191
"21",0.0300034263937732,0.0637916336827885,0.162915128498349,0.222814757667952,0.30344241957885,0.217032634178288
"22",0.0244889646464648,0.147146422996057,0.0180677009621942,0.259605161847984,0.201997986750726,0.348693762796574
"23",0.135791185151012,0.195925512805116,0.248720128058802,0.245229087992995,0.0766549390835423,0.0976791469085331
"24",0.123742796343747,0.0378796044348147,0.214112658394955,0.201767011883845,0.212473960124265,0.210023968818373
"25",0.123010997026166,0.173295235163861,0.349894879701821,0.226169953244864,0.110974768236306,0.0166541666269812
"26",0.046550334888483,0.215638319852516,0.100995485792649,0.187514691140223,0.194778453734373,0.254522714591756
"27",0.215750898464793,0.0794535216494257,0.215343159758463,0.166385926999833,0.183799999327142,0.139266493800344
"28",0.00308490234300859,0.158992379582587,0.283530100565973,0.186217825928672,0.2412299629167,0.12694482866306
"29",0.0795087958880134,0.23865197949957,0.205324507440758,0.134037709488526,0.159633207008489,0.182843800674643
"30",0.0965200361139884,0.176241841058098,0.187212513639601,0.184633692704103,0.350279351875639,0.00511256460856998
"31",0.0235537613586165,0.395462402944446,0.139817349130569,0.159886461543806,0.0956752426597411,0.185604782362822
"32",0.0493654847716399,0.0551443358021263,0.310200683447357,0.0528797904340734,0.205572192945821,0.326837512598982
"33",0.00221639466484447,0.0545735367425234,0.260733667448676,0.241311474566269,0.0899243860118728,0.351240540565814
"34",0.187421409784852,0.248242680832141,0.165427198139345,0.149183171848506,0.0173840347640762,0.232341504631081
"35",0.0465165319682838,0.179927015739042,0.112463647236146,0.226795205056074,0.203142569001448,0.231155030999007
"36",0.221264152900946,0.087425608426447,0.384128319014201,0.0795260429692642,0.0231771575162649,0.204478719172877
"37",0.0897824600924299,0.0508213159760841,0.253321245932542,0.270811532053685,0.122221515275638,0.213041930669621
"38",0.012500887561219,0.26155975986135,0.286568346315016,0.126194106401019,0.162584249206108,0.150592650655286
"39",0.0797243879867248,0.229605931846498,0.217004135548665,0.074360437037524,0.205319624096035,0.193985483484553
"40",0.105423199015049,0.234859059285772,0.254525305143401,0.154042770372375,0.217834537138577,0.0333151290448266
"41",0.0915537995327934,0.0499211593217954,0.212619371062497,0.237885458303551,0.359358613391208,0.0486615983881559
"42",0.229419655057583,0.285315558829631,0.0365670338348106,0.202634936244263,0.128427981531403,0.117634834502309
"43",0.101991122017804,0.266674061723015,0.122215651180691,0.196407488193839,0.304024758761939,0.00868691812271102
"44",0.134152911136368,0.18306482441181,0.166235020811061,0.0667348374394369,0.135970560065501,0.313841846135823
"45",0.0972024682262239,0.179562649383351,0.272860034857205,0.106514480642664,0.160406327171372,0.183454039719184
"46",0.14867560537803,0.0574135572514539,0.0881674901132204,0.31981955454317,0.341822171126613,0.0441016215875123
"47",0.188986213721492,0.139081862666746,0.173532045139284,0.204895890229088,0.0184312027215612,0.275072785521829
"48",0.140334055418774,0.155534608143333,0.279471576231588,0.0783249130094433,0.181347243536367,0.164987603660495
"49",0.096539884524905,0.240829265981551,0.34578161192713,0.146370329464735,0.128926596493773,0.0415523116079066
"50",0.154502898621422,0.0638129325642893,0.223609542896767,0.128100582642928,0.247175015506685,0.182799027767909
"51",0.225945914879347,0.0715943396465545,0.0724311795342797,0.0587640898411856,0.118883600213854,0.452380875884779
"52",0.153741564112678,0.156144154807867,0.202650009292149,0.0645747489320637,0.228883273998213,0.194006248857029
"53",0.00760307592120951,0.211247455185685,0.204238306005731,0.1063030288746,0.189984849092013,0.280623284920761
"54",0.1354539906648,0.12452532616785,0.139526382210514,0.254847109387625,0.0745242071528991,0.271122984416312
"55",0.0801049441094146,0.226892684067046,0.200267097671409,0.14428217925852,0.141875024169881,0.206578070723729
"56",0.0713645787620019,0.270813441357581,0.0981117939905387,0.244772086213075,0.234431661008644,0.0805064386681599
"57",0.0256329532487569,0.233706703335153,0.304002532106151,0.165523432572503,0.173635309766703,0.0974990689707327
"58",0.017014837385833,0.302783965573229,0.103209289392666,0.0168596547172714,0.13843300711369,0.42169924581731
"59",0.176453785575697,0.287206965049564,0.23731787146773,0.0512599939835987,0.220676395399918,0.0270849885234932
"60",0.122876829603102,0.127457240641653,0.133428373315162,0.0229372034111357,0.279886754038196,0.313413598990752
"61",0.0403259725960201,0.187893477542321,0.191386628261673,0.356456390718291,0.0774953354779838,0.146442195403711
"62",0.0455525969597398,0.0830749700239399,0.255116075954524,0.155644269311029,0.266191942131785,0.194420145618983
"63",0.116425078214107,0.330686530034653,0.121111447436351,0.232136399356732,0.0290018894431869,0.17063865551497
"64",0.113236623242428,0.137235280900067,0.219461535211215,0.221704769005507,0.2194315054484,0.0889302861923823
"65",0.092312646241914,0.355477264388491,0.286009108686108,0.00859368395006014,0.0406535709895455,0.216953725743881
"66",0.16744982121662,0.236353263282968,0.0583110061986091,0.10968018511605,0.263435341626,0.164770382559752
"67",0.0651989641585657,0.256574465021489,0.171302433452387,0.21031833460056,0.20191427341645,0.0946915293505483
"68",0.0185945249802651,0.0837792697675894,0.220997689588469,0.0916940121453788,0.134413428835098,0.4505210746832
"69",0.0696500673471521,0.137073194240541,0.321528836783039,0.0829365634419687,0.376583448381742,0.0122278898055568
"70",0.089224551778092,0.252360065276352,0.158565567877885,0.164240624009176,0.24502025855001,0.0905889325084844
"71",0.0194250273905521,0.184829250426502,0.24690814871008,0.0953268700055173,0.19997396631119,0.253536737156159
"72",0.0256028632690012,0.0740918723013712,0.135375468015443,0.352059751100241,0.212278925737384,0.200591119576559
"73",0.0431787183250652,0.240792323279521,0.318425042945184,0.185984961797559,0.21161895365267,0
"74",0.0696878740815228,0.22688581392569,0.114587808067788,0.11942360088355,0.260681141636784,0.208733761404666
"75",0.0584092603838107,0.309076734162341,0.160274711853604,0.256070152013277,0.151368439261478,0.0648007023254898
"76",0.200180144088901,0.296145810996034,0.114295301673314,0.0316279090849442,0.103085991683023,0.254664842473785
"77",0.0899910410787884,0.0219910312856368,0.0816162089048962,0.132832437817882,0.284810813294785,0.388758467618012
"78",0.165548289597065,0.0696674836541664,0.244489038447088,0.189923017385654,0.0857869078459114,0.244585263070116
"79",0.128262562532111,0.114476576989454,0.318680079285063,0.0941940829505583,0.172219447819958,0.172167250422856
"80",0.0806127951643007,0.229546862964356,0.195041356383189,0.213588361589247,0.0757148854218991,0.205495738477009
"81",0.198367113205803,0.0656013505282051,0.22159176255872,0.17113049387337,0.201177198463156,0.142132081370746
"82",0.066315335825882,0.214392583776515,0.2310054131218,0.129466824385417,0.0768131676833672,0.282006675207019
"83",0.147074131699927,0.249287966444961,0.180018103234578,0.150110910188384,0.170126480385431,0.103382408046719
"84",0.130089818966772,0.142327406152183,0.175371902384032,0.27019631895697,0.0482793434835005,0.233735210056542
"85",0.061582741146761,0.128717604593102,0.238416957115203,0.0347919606432921,0.257161530628411,0.279329205873231
"86",0.120459776791136,0.170369696917827,0.264782139808875,0.137113165049913,0.0892536233564972,0.218021598075751
"87",0.10682096027795,0.272012820676181,0.362386530317554,0.130453143803223,0.128326544925092,6.90736155824516e-19
"88",0.0350869221140676,0.266245093450191,0.214879794311737,0.0602860944494583,0.158668782763661,0.264833312910885
"89",0.125123577681167,0.3180721849445,0.149359287856689,0.039983611740426,0.0442707251495076,0.32319061262771
"90",0.112475951498749,0.243285352675552,0.0788126699155841,0.183658308294618,0.163488551318116,0.218279166297381
"91",0.161603362854372,0.424618960153693,0.0821366519446742,0.0579552028444267,0.0371677749212775,0.236518047281557
"92",0.156377297801397,0.0979626179938332,0.0497556246294447,0.183209701075162,0.214998914196877,0.297695844303286
"93",0.0278125829483969,0.100950099304308,0.279755030877256,0.181948061174621,0.188764448656011,0.220769777039407
"94",0.0431028703719186,0.147899824398369,0.271431227491877,0.155778978193532,0.151761447577781,0.230025651966523
"95",0,0.352036287887092,0.378402936321128,0.0478734898431286,0.117597192227181,0.104090093721471
"96",0.0264600244258867,0.0762769874513998,0.155084838673039,0.070931288112067,0.25446835590977,0.416778505427837
"97",0.167067198355679,0.101654123868372,0.124737339318984,0.0652473449228189,0.265759652674222,0.275534340859925
"98",0.145500787379828,0.195083569361741,0.0683978701768563,0.156578275004432,0.22671600681977,0.207723491257372
"99",0.15001286011715,0.222845499557125,0.0236761311980463,0.240691086293499,0.135029589225052,0.227744833609127
"100",0.0415232135887776,0.253337168319824,0.0358995178784502,0.163127974498495,0.253446061844546,0.252666063869907
"101",0.0668918242180503,0.159651535634897,0.23316518674868,0.179800795190766,0.0633864831316827,0.297104175075923
"102",0.163359280638875,0.0747543426798783,0.263854723062964,0.439355985764562,0.0451536932692707,0.0135219745844503
"103",0.0988935526504898,0.202445760032075,0.25728149687893,0.139045731136216,0.16228411359681,0.140049345705481
"104",0.134325505833272,0.201290030319997,0.252901857928639,0.0986872966276401,0.146103820420979,0.166691488869472
"105",0.136102686114391,0.0407443800703607,0.0684359758905066,0.0489969769470473,0.252711087878108,0.453008893099587
"106",0.150263724279322,0.131089757776182,0.208651751545362,0.247775841325875,0.212574369166068,0.0496445559071909
"107",0.0848884712647524,0.243200138308208,0.251385005449739,0.220403812461324,0.0293414593007304,0.170781113215246
"108",0.0946163859524763,0.222420960508644,0.137735878295767,0.0569908407027491,0.0321238705054681,0.456112064034895
"109",0.209642626333986,0.139853263331912,0.167924195454623,0.224510657092703,0.0411453743179137,0.216923883468862
"110",0.153290053425476,0.266939947233855,0.26524878505134,0.0830422920184328,0.228982695123827,0.00249622714706889
"111",0.152720882581987,0.087353333488466,0.284794921466671,0.190214602613647,0.0664066892435139,0.218509570605715
"112",0.103576194387526,0.119122835904735,0.194393871684004,0.215852359080818,0.285385177368858,0.0816695615740579
"113",0.134562785497186,0.0577447281128101,0.224040460620833,0.0630980580630065,0.248736277691558,0.271817690014606
"114",0.0326933797682746,0.161139355516292,0.290652491784402,0.144388965373533,0.179613145225016,0.191512662332482
"115",0.0186934475052728,0.0856019753340474,0.399082889556376,0.173813129641594,0.158431309753931,0.164377248208778
"116",0.105140544446081,0.16207198492526,0.171947607604214,0.0783708497804262,0.225311383459225,0.257157629784794
"117",0.0874108947777229,0.232504858110116,0.151342649625726,0.261208552248744,0.05877761740408,0.208755427833611
"118",0.169158865473552,0.082956702648739,0.10447140827531,0.176440311439774,0.20845186128502,0.258520850877606
"119",0.173232603941915,0.110868381300815,0.0698604545149091,0.0842591389854988,0.248273061170507,0.313506360086355
"120",0.125934004867935,0.32215914306452,0.24257489178116,0.0756476126261208,0.0815041064813952,0.152180241178868
"121",0.0591322403445231,0.102251189064537,0.375754795990869,0.0286419275705612,0.127722451189564,0.306497395839945
"122",0.0773207138079608,0.220792856335639,0.367911704843107,0.0475585154737933,0.126530350249451,0.159885859290048
"123",0.00849782413777282,0.067710071360402,0.288146840544373,0.268900399903149,0.161847878808243,0.204896985246061
"124",0.154418016199849,0.146817567966829,0.152303097199997,0.237412976218469,0.0933878751114399,0.215660467303416
"125",0.0603285622877974,0.105680557098289,0.307246689594747,0.0405525074146888,0.174463808531182,0.311727875073296
"126",0.162206263024285,0.254563932398349,0.304202821101492,0.14805494305389,0.0468557439437322,0.0841162964782515
"127",0.101014620066667,0.0408221815762419,0.474941202571421,0.0139147778059433,0.2214033897524,0.147903828227328
"128",0.0343881528913488,0.143393100077161,0.288704119285914,0.261715736271281,0.162646766379585,0.10915212509471
"129",0.134829736813708,0.105895328092971,0.297183550051506,0.274633431888965,0.0487544041401963,0.138703549012654
"130",0.106330735128307,0.183645357083078,0.109901000431783,0.131224664382092,0.199442484766386,0.269455758208354
"131",0.121025674891272,0.189006158430118,0.423872754215069,0.110386634304103,0.144732142930645,0.0109766352287937
"132",0.0822800392268823,0.22039543750988,0.231858389622525,0.151614216111661,0.226429043452453,0.0874228740765991
"133",0.0289545033885115,0.163158592695908,0.306791942933781,0.122558100550297,0.0854335701211744,0.293103290310329
"134",0.0421605150203864,0.305906256645696,0.277303493619652,0.0330492885173758,0.219236105045002,0.122344341151888
"135",0.201644571023941,0.321057631924397,0.0863801995284653,0.117595586103622,0.0477709592897105,0.225551052129864
"136",0.0292521569323488,0.0912450508470017,0.171523478644406,0.241502444730048,0.305616460590365,0.16086040825583
"137",0.0291019889251864,0.549819587174267,0.114266171114004,0.120013260958419,0.0956639960237227,0.0911349958044016
"138",0.110229422795477,0.15745893193307,0.181850136313004,0.149417832846193,0.130648299955722,0.270395376156533
"139",0.0928235010444933,0.16670809264083,0.283912189189392,0.170236768722106,0.121492916130083,0.164826532273096
"140",0.119746154065324,0.187080328050549,0.129846910107667,0.190829364847121,0.201756650211863,0.170740592717475
"141",0.00718522219974654,0.360154437762841,0.13283814776298,0.147025117520196,0.136022990075165,0.216774084679072
"142",0.0731594527501401,0.0191554793090691,0.305694050584553,0.0178750093221978,0.225442327293188,0.358673680740852
"143",0.075517121446778,0.199025463980152,0.118953563657117,0.0856414410495461,0.260809844298461,0.260052565567945
"144",0.0102477487273791,0.115804716203316,0.268424279649127,0.163997606113037,0.293525068939794,0.148000580367346
"145",0.107498001949778,0.284304942474902,0.134011106775905,0.21656294131067,0.22875593216017,0.0288670753285747
"146",0.0787921491462247,0.194289232824767,0.18133085438621,0.327914093714497,0.141185860783879,0.076487809144422
"147",0.128747531770753,0.28277014154029,0.10454067015614,0.222640171699621,0.0476184372940414,0.213683047539155
"148",0.139410473084825,0.248324653648621,0.162045745975399,0.0803573069169232,0.17601408377921,0.193847736595023
"149",0.095848546591439,0.0690715749702362,0.339793579096333,0.285305523731056,0.17347241328622,0.0365083623247153
"150",0.189680221506086,0.114330557387621,0.178694756549447,0.328015937522846,0.150543869410757,0.0387346576232434
"151",0.163741219861734,0.0868325829624332,0.362687295824048,0.0895076696117922,0.145120356173856,0.152110875566136
"152",0.118666368287508,0.15878892446309,0.199577437718129,0.161401203344008,0.242221402795013,0.119344663392252
"153",0.158447447925783,0.135438387622309,0.403088984729477,0.0860879134040959,0.201008439769802,0.0159288265485333
"154",0.0306940735155762,0.233513756209747,0.149967194443679,0.167309348722924,0.0426171193945649,0.375898507713509
"155",0.0374338266621533,0.0570194817267684,0.321865040806389,0.187187222590153,0.16376075842652,0.232733669788016
"156",0.14786012323044,0.213059690956082,0.12890250985969,0.150755306812477,0.138382022545296,0.221040346596015
"157",0.164214212915839,0.25615725346054,0.245906046461178,0.208374405943509,0.0492086023082131,0.0761394789107211
"158",0.0968004054008607,0.15318992210087,0.2348550724418,0.0904172429576398,0.136481218631331,0.288256138467498
"159",0.119620478086283,0.0895202865407533,0.11782071299371,0.216449080335089,0.145310708318597,0.311278733725566
"160",0.132851200465452,0.0929701473307121,0.335100696676611,0.119601748242815,0.0727548273293157,0.246721379955094
"161",0.0296751073769657,0.241226594162849,0.283287400767525,0.112389846533752,0.0826437804056053,0.250777270753304
"162",0.0768877039885337,0.292241767017416,0.0468756373164097,0.180674666066037,0.187974987067937,0.215345238543666
"163",0.0256479192669877,0.0905718924631218,0.468307507987119,0.0515744934347087,0.358775748941168,0.00512243790689487
"164",0.130610047117392,0.171221172092971,0.219387749909498,0.287458905161172,0.0543130240738278,0.13700910164514
"165",0.154443426547218,0.0871071954684139,0.241956106316481,0.233878696176857,0.0997648234588165,0.182849752032214
"166",0.0874331943936183,0.158304204842101,0.0973108733043276,0.121008765229261,0.218237410325036,0.317705551905656
"167",0.0554684537512183,0.202249122355243,0.247122797273468,0.184723821177922,0.0590523538398207,0.251383451602328
"168",0.0802827996484868,0.215083061602164,0.212426541903726,0.139368556157415,0.173583640345172,0.179255400343036
"169",0.0486871303489133,0.200066479742128,0.341744905428542,0.155612933859383,0.106474808032944,0.14741374258809
"170",0.0632043784486274,0.272565144086872,0.208079206831407,0.272361885295289,0.0394876940470358,0.144301691290769
"171",0.0772550029619967,0.26289400186473,0.197727789106132,0.0201294302951728,0.148302750147252,0.293691025624717
"172",0.121542817259161,0.287754109829928,0.119117580328417,0.0788268004061488,0.0903290208885833,0.302429671287762
"173",0.1656000041655,0.227870253195128,0.288034430474124,0.16972708629123,0.147608449808417,0.00115977606560045
"174",0.0169530676637443,0.222922883945776,0.0607637450565224,0.08278273757867,0.350802730973908,0.265774834781379
"175",0.197447663252916,0.0842073070363035,0.113207083863705,0.192097661113153,0.135947300188943,0.27709298454498
"176",0.00100261619090038,0.00886809329303711,0.287772604013799,0.0024925702369035,0.322534007011121,0.377330109254238
"177",0.11084390472169,0.307210113094885,0.187226800581628,0.183921868140373,0.0879395200817642,0.12285779337966
"178",0.0932682385452232,0.212586089712942,0.206240870163385,0.230714353860073,0.0771597102782222,0.180030737440154
"179",0.0696185278941569,0.202968153789958,0.542586925152217,1.73772321394073e-19,0.160530998431692,0.0242953947319768
"180",0.151008889137229,0.0373046399211679,0.126613362202059,0.186311792192529,0.206960097283401,0.291801219263614
"181",0.101207931668715,0.211361964354828,0.157123735286759,0.257314720619316,0.190857916267549,0.082133731802834
"182",0.039797940552913,0.120837114014007,0.0719293013061423,0.139588822070056,0.255258193022458,0.372588629034424
"183",0.158268773465224,0.260843542246447,0.0927451917167307,0.279979803170898,0.151497238569826,0.056665450830874
"184",0.179913213731536,0.108502630060074,0.441791699537854,0.0521280177958277,0.100673189333095,0.116991249541613
"185",0.0354939666212977,0.227489384843899,0.0192082237935008,0.21758223643455,0.220863762261876,0.279362426044876
"186",0.0779064052031949,0.223151688279175,0.214519139195175,0.224087925469993,0.227392664094472,0.0329421777579891
"187",0.114781033498862,0.254832988682862,0.299013055141565,0.126421365221732,0.202552217974406,0.00239933948057273
"188",0.0627116323903051,0.173346120696893,0.101784020840531,0.164753775392747,0.153077928292022,0.344326522387502
"189",0.0772877249525415,0.0278408172595408,0.295559552069428,0.00707706088062672,0.0974171462832458,0.494817698554617
"190",0.122576937900691,0.108055116270825,0.18393798661151,0.48984782986563,0.0738545175755407,0.0217276117758027
"191",0.110251982355507,0.238799090284635,0.148799187400533,0.230021867735427,0.0281022710934534,0.244025601130445
"192",0.0999926146986146,0.277492144651344,0.0589306545737649,0.304959974324789,0.054544513766272,0.204080097985215
"193",0.0516729371648785,0.710340375073839,0.0366429711138535,0.0368279965605831,0.133399022835975,0.0311166972508706
"194",0.120162606486289,0.135357291201756,0.267142732372863,0.0532043041306911,0.136936032684677,0.287197033123725
"195",0.037375423042648,0.30825124072982,0.191361875033371,0.0908344130422207,0.215798940365552,0.156378107786388
"196",0.0852224944351134,0.276731943764145,0.244972311816221,0.156043083076337,0.062308571849724,0.174721595058459
"197",0.156674459468616,0.0457547406383525,0.0792215444783486,0.302373402389589,0.133226587185728,0.282749265839366
"198",0.153213013134641,0.236957527433147,0.233931946553126,0.0463606128887425,0.237591617772892,0.0919452822174519
"199",0.117975987185775,0.162301298571816,0.230983015687793,0.175545479891115,0.177521069825424,0.135673148838077
"200",0.11360399223119,0.0529497221178752,0.169799936702881,0.245976491420514,0.186065134093214,0.231604723434326
"201",0.0104421350415841,0.207499221936333,0.0937642768489741,0.162036130634514,0.251212309623233,0.275045925915361
"202",0.143308634390826,0.36931605884483,0.163695776313892,0.0680627387288738,0.0302892829284661,0.225327508793112
"203",0.0298991374190163,0.322236374559081,0.0894082057283943,0.240708174312513,0.254645239203989,0.0631028687770068
"204",0.0496515657792295,0.134699651206834,0.237997783160465,0.249435101614739,0.0400020446652163,0.288213853573516
"205",0.125378344592624,0.0427847539772437,0.259109013038788,0.102441767790816,0.36416577087521,0.106120349725319
"206",0.0622298708753178,0.153296515934798,0.153999152658831,0.201777567364118,0.0990001148020495,0.329696778364887
"207",0.128528781825519,0.107949008835252,0.211915715166081,0.0885720504194329,0.211962765071941,0.251071678681774
"208",0.228725265507657,0.0312557306483439,0.158023581538198,0.362042979820906,0.109162604597801,0.110789837887094
"209",0.0487557405113848,0.135117849526766,0.295608973558039,0.0690084607071865,0.173696597096417,0.277812378600208
"210",0.0637831093744896,0.198198372120105,0.476631595988194,0.0965697368974317,0.0666011980499468,0.0982159875698336
"211",0.152112036045749,0.0679499370989506,0.325649822845976,0.0681198460215179,0.190924167533972,0.195244190453834
"212",0.136721388020288,0.236318209940612,0.121095951192493,0.204586576798823,0.129451886766329,0.171825987281455
"213",0.0802315035991063,0.236788293482189,0.18531707571925,0.123469545997434,0.141805995471261,0.232387585730761
"214",0.202128337491344,0.277628088866977,0.386682575809418,0.039630563590285,0.018739132219712,0.0751913020222641
"215",0.144846700065672,0.170879835662061,0.18890964397257,0.0980728057532009,0.0551168856615059,0.34217412888499
"216",0.0386741804885974,0.0561937967893851,0.160823638559344,0.311123288505607,0.345143803303321,0.0880412923537454
"217",0.139312976341841,0.19682066021969,0.0675927953809123,0.283480070561164,0.148663311217736,0.164130186278656
"218",0.0310101081724357,0.0626476682335082,0.0321825156451525,0.256567884281165,0.205712242672605,0.411879580995133
"219",0.0016622590276945,0.0837035932131339,0.314244568220439,0.249365767336423,0.139311385662643,0.211712426539666
"220",0.152416072164489,0.048478520421519,0.366614271334124,0.19591528657068,0.0661751278403427,0.170400721668846
"221",0.119459636195943,0.111311199069367,0.314631100353702,0.0508869980781182,0.159581963599917,0.244129102702953
"222",0.0144914001408813,0.249404982425302,0.331500162535573,0.18194672444169,0.188161724644798,0.0344950058117563
"223",0.0959423105110554,0.141809116778107,0.340068730930808,0.105674885706517,0.0999705148404503,0.216534441233063
"224",0.211079022449609,0.123652020179765,0.0689073127396558,0.29067989172063,0.0364068005848809,0.26927495232546
"225",0.155838648709244,0.109762517455601,0.289903075247835,0.0248432130558543,0.0868865873278196,0.332765958203646
"226",0.119270822053307,0.203539112518034,0.173459642950272,0.173221380600461,0.193044821427221,0.137464220450706
"227",0.0342154928915682,0.133092845803337,0.305769458834228,0.074213760844409,0.0846133173867066,0.368095124239751
"228",0.0347469524907939,0.238877661975309,0.300712737242745,0.0408070116687382,0.11796398185199,0.266891654770424
"229",0.0238821679822971,0.310240999809296,0.337797472440071,0.192027905598283,0.0829799322843914,0.0530715218856611
"230",0.15385240362128,0.107979732171196,0.288985360894121,0.157089155927559,0.0940714775770967,0.198021869808748
"231",0.0680903483195409,0.0804182268884028,0.31834900284618,0.109089051772403,0.21294092909079,0.211112441082683
"232",0.088859499289476,0.173337989554471,0.307074446352042,0.155326905356366,0.0412810072881921,0.234120152159453
"233",0.100074402700826,0.189631716450248,0.0632531358839251,0.105467562968581,0.265759920021234,0.275813261975186
"234",0.124498404733072,0.219086008375101,0.352272665038706,0.131967830313848,0.00889016131346967,0.163284930225805
"235",0.00450577804654423,0.253623309749201,0.447949726787965,0.239954718992918,0.0351845331857567,0.0187819332376153
"236",0.13979526619516,0.0578154300812871,0.0836670993843221,0.23567216701929,0.215241573826454,0.267808463493487
"237",0.131692639651048,0.131486515569529,0.394302756689506,0.0202225657824571,0.197092622229274,0.125202900078186
"238",0.0351112098649937,0.224453913283787,0.289175431785274,0.139273601272368,0.0415271392590088,0.270458704534569
"239",0.139929880293226,0.0207463025112983,0.299062059506458,0.0799849242914928,0.157688571272626,0.3025882621249
"240",0.0167221846816339,0.260878493792395,0.0488035288335045,0.123406845656323,0.309554497093977,0.240634449942167
"241",0.133688278665149,0.219442721194778,0.269074087466677,0.104389991988111,0.150142203044237,0.123262717641048
"242",0.0453848810350278,0.161488478155901,0.303857665762786,0.127143171616727,0.295583260658278,0.0665425427712801
"243",0.0679145085945956,0.267895261935143,0.101938290558073,0.277475171386464,0.250548009809495,0.0342287577162292
"244",0.0381266195832723,0.196123811402259,0.253706905998499,0.184345609467052,0.147654227813038,0.180042825735881
"245",0.158678936044399,0.163408192329067,0.2336826445746,0.167556389106415,0.0757897596620247,0.200884078283494
"246",0.161290811675144,0.284063708597099,0.263200471707674,0.0745102575996421,0.0637009778572849,0.153233772563156
"247",0.117854460333682,0.168140597000488,0.141077687183574,0.189342879781049,0.141144508143177,0.24243986755803
"248",0.150955175082815,0.28184880585321,0.173682993370003,0.127104273542272,0.0113870294811258,0.255021722670574
"249",0.063245919698411,0.222299682586419,0.240079269168974,0.204561465337942,0.102437044353149,0.167376618855106
"250",0.109085277035807,0.164323489276531,0.268207804957197,0.179264368446234,0.0933445349216311,0.1857745253626
"251",0.133349435589137,0.259094705370577,0.269463440145133,0.0936514927808501,0.150632163363879,0.0938087627504233
"252",0.207255356638747,0.302537000045531,0.165188359924765,0.116275630148492,0.132736484656365,0.0760071685861003
"253",0.0742093123419228,0.128156106961631,0.252183031427697,0.11971891786058,0.177192694297785,0.248539937110383
"254",0.142083539834734,0.0964885804567931,0.26633786159435,0.188092983050127,0.179290237106548,0.127706797957447
"255",0.102351807953428,0.333694393740068,0.199235573756486,0.133033161124739,0.0319152372050327,0.199769826220246
"256",0.0992748846014576,0.234519273782005,0.0995977908311702,0.26615687704332,0.0492474343901535,0.251203739351894
"257",0.0840650213868622,0.0379554077978927,0.313354850995361,0.383636742110823,0.109540584984677,0.0714473927243849
"258",0.16024578134602,0.342741126186499,0.314967430767024,0.0331254455017112,0.0451891231561675,0.103731093042578
"259",0.164832184295544,0.134617886622409,0.0894453278619518,0.222512732525016,0.266859575964784,0.121732292730296
"260",0.0885798413236557,0.401813799549615,0.0582519965712083,0.0159367622702311,0.0809338048580763,0.354483795427214
"261",0.0258818188761708,0.0454560836897715,0.364783988046814,0.249067539393604,0.110086613779145,0.204723956214495
"262",0.0639593016037051,0.140329102636338,0.170875807389176,0.157415210989675,0.20454751200609,0.262873065375016
"263",0.0370553499127968,0.184093593572003,0.324838264013308,0.0516466655924961,0.256317295960748,0.146048830948648
"264",0.0235072021148234,0.113087600020882,0.152475011497376,0.233048585338517,0.2162768202888,0.261604780739601
"265",0.155430306383548,0.0906042640058404,0.172938980985821,0.214300140593791,0.148339989257003,0.218386318773996
"266",0.107322124599761,0.0123543669456554,0.105306704000118,0.164868136300293,0.197590078095015,0.412558590059158
"267",0.048482544713489,0.241319761796782,0.302186611911377,0.217356878490182,0.0582344337909286,0.132419769297242
"268",0.145428505783191,0.0465002213873729,0.229231177187119,0.242253772362705,0.28686782569473,0.0497184975848821
"269",0.15548603955802,0.268301066315107,0.0799811318876972,0.115020581043219,0.249340367176645,0.131870814019312
"270",0.122716328125909,0.125840730330779,0.293460942507526,0.205125445482033,0.0954388206035924,0.157417732950161
"271",0.0739185385837993,0.253315648024033,0.0236239501790655,0.39200776076304,0.0827362022909959,0.174397900159066
"272",0.007039134796221,0.240131998751359,0.160307498954907,0.0406938620691856,0.225628045495754,0.326199459932574
"273",0.135827119305819,0.124710624601505,0.186691238997485,0.127757630567669,0.186700447364867,0.238312939162655
"274",0.192665515982246,0.0256377280776954,0.0693505872875551,0.324099124707562,0.0328710345406828,0.355376009404259
"275",0.0237003262733343,0.1474292147943,0.326548299693638,0.0809575739358036,0.176232598342039,0.245131986960885
"276",0.0695968422882829,0.0819109019260959,0.249054342049323,0.307062555887895,0.0699177027882555,0.222457655060148
"277",0.0532771840042418,0.232498993893485,0.313056694912496,0.0181845452234358,0.232694698820706,0.150287883145635
"278",0.175852511776357,0.118906084943585,0.251438275573904,0.0248072066354925,0.191895487646711,0.23710043342395
"279",0.152043295870786,0.0700745598157072,0.344012912628576,0.165622835071095,0.113927315178219,0.154319081435616
"280",0.184389977570211,0.186217523295442,0.231937687144041,0.0324955438868384,0.243903081338885,0.121056186764582
"281",0.203136146277409,0.113369823195002,0.461497502176789,0.0589981763216551,0.0843306952615804,0.0786676567675648
"282",0.0564054186699897,0.167331150146745,0.249915021069639,0.230374960723015,0.0865220362604165,0.209451413130195
"283",0.186236012156515,0.0343670467922962,0.188275929722967,0.203705605209734,0.119392581116472,0.268022825002017
"284",0.134623529773819,0.309180160588609,0.0771693949950029,0.134706693305106,0.0570748844616577,0.287245336875806
"285",0.0567400823794221,0.155689243638158,0.265482688071611,0.128389989049077,0.254036549438321,0.13966144742341
"286",0.0826594923240681,0.11312248965729,0.206875042634483,0.214628485467077,0.151685918706741,0.231028571210341
"287",0.105507800330327,0.186873914586058,0.203087934970899,0.101004344547858,0.221987398126218,0.181538607438639
"288",0.00791439740960809,0.165582942707018,0.210115724431761,0.0551505649414333,0.271560068928403,0.289676301581777
"289",0.0980426066824873,0.183236741145148,0.343681485386031,0.113564391544311,0.261474775242022,0
"290",0.174365853010095,0.0641697669056207,0.0897926587885627,0.127321498234796,0.276004831478098,0.268345391582827
"291",0.137386802636877,0.0246708274081944,0.240981868116215,0.223897796603415,0.228877241900013,0.144185463335285
"292",0.142793920244722,0.312528316609927,0.118912395034619,0.275385683105599,0.125008644102125,0.0253710409030078
"293",0.0214833480669659,0.0475745970178758,0.342540611544426,0.319145537467498,0.0313113631499965,0.237944542753237
"294",0.0913029534981301,0.337584657037121,0.121626301213612,0.0400196251974866,0.160353109101082,0.249113353952568
"295",0.168894036573353,0.0452357471733941,0.313569497052963,0.336761070314053,0.124252649862347,0.0112869990238903
"296",0.137671278306506,0.0726841977992528,0.144281158630432,0.217533002649976,0.160060812319392,0.267769550294442
"297",0.0380310056874441,0.122102840045988,0.216676313946933,0.342156815104908,0.225181504977882,0.0558515202368451
"298",0.103517354392379,0.246901603151307,0.122235788676058,0.0439368512007458,0.182493343302228,0.300915059277282
"299",0.0938083341197155,0.074791622309825,0.294749782433759,0.0304852594512224,0.411237030393043,0.0949279712924349
"300",0.0849166461233296,0.106231982001992,0.0958586157493059,0.248097899503383,0.171493158552299,0.293401698069691
"301",0.155818559808753,0.262711782484317,0.0842296097388533,0.202551303909832,0.135797900493252,0.158890843564992
"302",0.0140455685739746,0.282896692110141,0.280203782601954,0.09842065166435,0.265489446158678,0.0589438588909025
"303",0.147188489208642,0.0484001179285032,0.365884834748251,0.350979311168968,0.040087068087998,0.0474601788576375
"304",0.139628810077909,0.190342834318436,0.280271752449899,0.0199186391943093,0.241277577328867,0.128560386630579
"305",0.156660302260249,0.28287854730732,0.303293129189192,0.140115388356585,0.0562921273019511,0.0607605055847027
"306",0.200642501174781,0.0594093689900684,0.108887410361402,0.35089908658704,0.0937096993551236,0.186451933531585
"307",0.0955770136741596,0.165345770991847,0.273108420776445,0.103882407591711,0.0602804772652728,0.301805909700564
"308",0.0474806923958999,0.168481708066525,0.0636812082710894,0.204351189595994,0.277425076602337,0.238580125068155
"309",0.0953785254635576,0.24260142733202,0.292088405208009,0.0667108000989401,0.0653607862536287,0.237860055643844
"310",0.0461305916498266,0.0954902605617415,0.0696818720388561,0.0687496101374396,0.335407913042712,0.384539752569424
"311",0.0748286279513702,0.120474985380087,0.13677253641427,0.223155902027047,0.393419872658812,0.0513480755684136
"312",0.00277072657964154,0.26055236553912,0.109986253803271,0.117757061839787,0.226801548621659,0.282132043616522
"313",0.0990768785149075,0.066538329807101,0.457220880321518,0.105160243583206,0.0439119792355807,0.228091688537687
"314",0.119830075653936,0.0678876956482679,0.161766646477092,0.166226310932542,0.250602357542109,0.233686913746052
"315",0.120880212181268,0.21414480229618,0.286244856652883,0.195158656034803,0.0595664165764462,0.124005056258421
"316",0.0602598614060779,0.198165593088863,0.264398036349939,0.223964885344944,0.0582358886832862,0.19497573512689
"317",0.0765307553101011,0.182021001762991,0.484646625809292,0.136987132478427,0.0946582995812611,0.0251561850579273
"318",0.00507354571938491,0.168234456182399,0.233077404466123,0.170875252255505,0.331952585119735,0.0907867562568534
"319",0.147378336011823,0.147596187758456,0.187310634808949,0.23843299473619,0.0527887933074496,0.226493053377132
"320",0.176357183756205,0.193890386546972,0.0494089940954125,0.0453966427496179,0.0822670903756077,0.452679702476185
"321",0.0613785216227698,0.237070173051104,0.302838171575209,0.122754605772513,0.185165636428492,0.0907928915499131
"322",0.148505539989426,0.239537208373809,0.13437874157564,0.0419524515587354,0.300314811164685,0.135311247337705
"323",0.054061213317173,0.259399394614573,0.162720782368751,0.303016564617395,0.19827516745477,0.0225268776273374
"324",0.243697139206913,0.121423262053052,0.0764600583839096,0.0412447292432931,0.0970561603327717,0.42011865078006
"325",0.099518636806592,0.20888970630125,0.016842684706864,0.0866945979230748,0.25567658506248,0.33237778919974
"326",0.0118654218307871,0.132710691076653,0.295242459778782,0.141055380315411,0.129604399504381,0.289521647493986
"327",0.0329922824291059,0.0664529870315676,0.323312931705854,0.0846221511910657,0.342933359027875,0.149686288614531
"328",0.0835260386531965,0.0577116813559725,0.161769944467588,0.29824559903998,0.134597237222126,0.264149499261137
"329",0.0887915682101874,0.254968126705413,0.0201626213024678,0.186937187995416,0.147728944171204,0.301411551615312
"330",0.117172749654616,0.173941150905043,0.0807349079136837,0.0956921421928091,0.170617244992163,0.361841804341685
"331",0.126991896576818,0.274223061859968,0.224121590328872,0.0309427945211279,0.20230360783165,0.141417048881565
"332",0.00911985331770761,0.164594767750733,0.245882389408222,0.101030310418229,0.255429723987413,0.223942955117697
"333",0.200614085231763,0.119770307142669,0.328871476224712,0.179540573069264,0.113964378885668,0.0572391794459236
"334",0.018434570155736,0.186918675761913,0.295667882457011,0.178714523845081,0.131000473619998,0.189263874160262
"335",0.110390172476516,0.129981949329745,0.286089210812967,0.234513322674572,0.0420862607424566,0.196939083963744
"336",0.00380305809575959,0.164452119165125,0.104316048659915,0.238045622417975,0.152934471657665,0.336448680003561
"337",0.192911991839205,0.0240784748813114,0.302979037708304,0.0958879352210977,0.0781335040697507,0.306009056280331
"338",0.0253270970821575,0.291680740133628,0.263075615703216,0.0834926339410687,0.232557657179525,0.103866255960405
"339",0.180578250044196,0.118577521427508,0.184518439855579,0.307863340304513,0.187416604528416,0.021045843839788
"340",0.131214135602883,0.313668261973286,0.170650108858425,0.025340993233769,0.04795996024115,0.311166540090487
"341",0.0806630913297769,0.195826135523964,0.188605153936856,0.191161879923878,0.11046838244137,0.233275356844155
"342",0.156917022096466,0.216807235104289,0.103180706109715,0.0479759671687111,0.0964703909614288,0.378648678559389
"343",0.201534423779936,0.114213093067943,0.143651478114901,0.202975741049844,0.315536699066973,0.0220885649204029
"344",0.0461396987541498,0.0707152176044213,0.363209819852001,0.32479693159318,0.195138332196249,0
"345",0.0750144067269534,0.134870428128917,0.177052380180822,0.301213258577176,0.0125799564382504,0.299269569947881
"346",0.162476587247557,0.240341513800758,0.198919513182528,0.183153799898676,0.186853342969438,0.0282552429010432
"347",0.123075993244021,0.169939600598333,0.230670799092436,0.0472981050853588,0.267911114090535,0.161104387889317
