"","neu","NK","CD4","CD8","B","mono"
"0",0.0989210503421616,0.0649452578435129,0.34182998008322,0.130623849456283,0.197410826503467,0.166269035771357
"1",0.110021982089376,0.134797181992708,0.283923122845794,0.0770289766832595,0.215308418822425,0.178920317566437
"2",0.0718107663146353,0.329389830582764,0.201293242817747,0.0962475669517937,0.064151877699738,0.237106715633321
"3",0.0673582068587437,0.228436567554016,0.246768619069441,0.162613828434136,0.149418866705471,0.145403911378192
"4",0.14972470476002,0.0451154878975023,0.154847815193828,0.173651090355032,0.247780223787177,0.228880678006441
"5",0.112886805288052,0.164231583063235,0.0856242407421024,0.193394465878745,0.162392589263397,0.281470315764469
"6",0.153349993093818,0.247849397723148,0.0726692323952182,0.100349155679297,0.087889997283174,0.337892223825346
"7",0.0859554926047044,0.133663754732697,0.200318539116277,0.160879905906153,0.0659568622870088,0.353225445353159
"8",0.117551466603095,0.213003608089214,0.282532545540177,0.161863505900199,0.173770545275709,0.0512783285916066
"9",0.0853301848554263,0.281032575145014,0.0769916015208945,0.336502090727574,0.0931807711798622,0.126962776571229
"10",0.0300753281856978,0.168415130641866,0.204453471552869,0.0578698256381136,0.212806527564547,0.326379716416907
"11",0.0523368789997524,0.322497707396335,0.198436231934129,0.0170141412626328,0.127666944167853,0.282048096239298
"12",0.0394613684191687,0.373045365244191,0.306651556124501,0.0819014675662485,0.0725718933050302,0.126368349340862
"13",0.24703301366492,0.245462089431447,0.107327137677145,0.0283262118578377,0.254882475222719,0.116969072145931
"14",0.054955539930121,0.0686086461678245,0.257334244337156,0.0959193279519124,0.147410536761329,0.375771704851658
"15",0.15662499879875,0.103309142613733,0.0839178750031578,0.252988118209677,0.107969697611722,0.29519016776296
"16",0.0846180377832055,0.157895962243887,0.196209053444483,0.414405130659105,0.0970382688747444,0.0498335469945758
"17",0.106520203001495,0.225045399384636,0.221810630823331,0.182646839130131,0.228170103407592,0.0358068242528151
"18",0.131834638778464,0.256150376395429,0.0940238501484114,0.240631117256001,0.211191848031573,0.0661681693901214
"19",0.169109656153945,0.114265182649545,0.335968899704419,0.164609555162075,0.021217794912018,0.194828911417999
"20",0.186208800100217,0.282082993527511,0.0805374637620855,0.032922708802068,0.336472976358068,0.0817750574500512
"21",0.162168800807154,0.117244724434338,0.344120667332949,0.133789861964795,0.0437592515500077,0.198916693910757
"22",0.1607393232747,0.261144883378807,0.175779295760478,0.130130012976023,0.240408104190885,0.031798380419106
"23",0.00129617461904751,0.0241821907578276,0.372090507355607,0.1349939275125,0.175429590282482,0.292007609472537
"24",0.165685696867406,0.0805387074228299,0.165657242730761,0.135493960723481,0.124997450545138,0.327626941710384
"25",0.0958377761778324,0.0291736637550907,0.320783675434292,0.0811336666331128,0.216513391505064,0.256557826494607
"26",0.141386404655787,0.0888719560511225,0.252645693447748,0.0767988788339026,0.218477584152204,0.221819482859236
"27",0.060433045586703,0.191557438836302,0.367848729905598,0.125037317132078,0.206917861133939,0.0482056074053797
"28",0.0432235887116571,0.121977028693982,0.0129835555820111,0.266835586456119,0.270991077998228,0.283989162558003
"29",0.0765046299762543,0.265405996781045,0.0556908445871277,0.172209536158413,0.155873415930689,0.274315576566471
"30",0.13731409750121,0.14133897028688,0.21604365825284,0.231097230210029,0.197892762401372,0.0763132813476699
"31",0.236698875869305,0.0594311339283329,0.332032883616075,0.082086157850731,0.0799764510021444,0.209774497733412
"32",0.0100344943918859,0.156387768507663,0.153671426640753,0.223207148597856,0.218076472140289,0.238622689721553
"33",0.021289132047679,0.323252293867965,0.24586572268236,0.372685808764779,0.0234977909038063,0.0134092517334106
"34",0.123407229557857,0.0929695218684967,0.204616468996219,0.117608129910592,0.176923340923179,0.284475308743656
"35",0.086423154695652,0.267200836914616,0.133227041092832,0.164215175485481,0.115471800626693,0.233461991184726
"36",0.12418829864615,0.0415266287837789,0.530783224238378,0.0291932645015696,0.26468429306834,0.00962429076178386
"37",0.143561698735783,0.271215914733192,0.357895750042945,0.145241693047737,0.0820849434403428,0
"38",0.12353134326998,0.160664634494723,0.202816980649248,0.0947594115885936,0.231877632370254,0.186349997627202
"39",0.166423304950743,0.0446096796231777,0.247384733947368,0.204730755249339,0.147850861369799,0.189000664859574
"40",0.111083991815358,0.0476361172716188,0.251984101890708,0.185812435644926,0.126470519940408,0.277012833436981
"41",0.0137853964238902,0.202980750128041,0.219328972867908,0.214966580612482,0.0825911956711799,0.266347104296499
"42",0.0701241184838242,0.164840355089967,0.121552222584545,0.267666355092825,0.163457154011814,0.212359794737024
"43",0.0628173059169892,0.248802748752526,0.166839109144286,0.244839563932117,0.0960424587815065,0.180658813472576
"44",0.155392864598213,0.351012960115485,0.0421664488147862,0.261399816275415,0.0830956883823963,0.106932221813705
"45",0.0350377155121842,0.0843911685419853,0.359721942104506,0.2585547545719,0.255459413234278,0.00683500603514632
"46",0.0455880662658243,0.284520889456221,0.220156393161177,0.223677495718496,0.141757197594779,0.084299957803504
"47",0.186692800853894,0.0823087397674573,0.103570723070001,0.305828214924658,0.0835722082103862,0.238027313173603
"48",0.058456321995631,0.231257156182285,0.312384748662928,0.051196219558266,0.0832960658755841,0.263409487725306
"49",0.0716061640950915,0.221364374417853,0.118960817588329,0.204867652906531,0.271735526975207,0.111465464016989
"50",0.0617786396095436,0.194659183946761,0.337567481699779,0.270619934609108,0.060708582883455,0.0746661772513532
"51",0.145225902316305,0.0578866671053823,0.293270905588228,0.0788413624174382,0.143496028244794,0.281279134327853
"52",0.0718331758565567,0.160709498922059,0.382958542402591,0.140646509958821,0.0768748581134874,0.166977414746484
"53",0.142961973656086,0.256823551946204,0.0782403279872454,0.139601408893825,0.192824561757745,0.189548175758893
"54",0.287159421777186,0.124539342316399,0.280513191196203,0.0710053863162309,0.177820413501052,0.0589622448929294
"55",0.166869639060889,0.217265827585408,0.14187601519172,0.175207471717665,0.113533600819086,0.185247445625232
"56",0.0552541450590532,0.0515968199238297,0.363776072633592,0.0505612259506903,0.283700224543298,0.195111511889537
"57",0.0241610980829128,0.183006995672124,0.268435432386692,0.0323244112808602,0.226765718243695,0.265306344333716
"58",0.0262935361893981,0.0104435709096842,0.333467988092638,0.093338289656257,0.283147616826866,0.253308998325157
"59",0.0407023797526265,0.175316544560335,0.0699611488365306,0.286986511904999,0.129544078644072,0.297489336301436
"60",0.0812730792599285,0.035159274652584,0.272167331239777,0.149779812878436,0.223788364390891,0.237832137578384
"61",0.142077158416828,0.147671954886675,0.125313155632256,0.144828031052551,0.146113649053764,0.293996050957925
"62",0.250645923777913,0.0294141879103955,0.213538731972498,0.186236088829694,0.0956236622656527,0.224541405243848
"63",0.180050852546831,0.2904464577491,0.156707941733399,0.0171603142530887,0.0289415885010114,0.326692845216571
"64",0.108957881980724,0.24634386784031,0.0964354726952057,0.0775925608988619,0.0889442842602466,0.381725932324652
"65",0.0199306720408562,0.196132708541179,0.322845674494483,0.119870880524947,0.233331162454869,0.107888901943665
"66",0.0262041476849758,0.193435471449702,0,0.129732322089356,0.211133908426946,0.43949415034902
"67",0.21875669002267,0.0435346722396536,0.107439271225125,0.343416542828446,0.0784387600509295,0.208414063633176
"68",0.00587494449283364,0.140401751986952,0.180884340895029,0.205562639226372,0.292939150236297,0.174337173162516
"69",0.0954868861659596,0.153266429372753,0.121047288052175,0.276975164772321,0.0735499394143974,0.279674292222393
"70",0.121622742526758,0.165387180446451,0.259973337507582,0.0741384184826389,0.166115436024941,0.212762885011629
"71",0.09423329393248,0.319418718646095,0.142852416280602,0.262785000987917,0.0472289926596861,0.133481577493221
"72",0.031246774173046,0.132237945339499,0.611639601034529,0.0273579621099709,0.197517717342954,0
"73",0.191253649919793,0.0279007611787605,0.330316560217808,0.231219662054889,0.191455996920551,0.0278533697081986
"74",0.167020261170546,0.247115759062164,0.185511428311041,0.203749512139762,0.176756218831284,0.0198468204852019
"75",0.134990665347375,0.147059511357845,0.392351617698094,0.0287752314253528,0.0433381551069383,0.253484819064395
"76",0.146438957959893,0.150403358281233,0.337347568758309,0.139380574557618,0.115715565640763,0.110713974802183
"77",0.174174287657267,0.102088516501217,0.137205989793486,0.0934865506282217,0.248699784404581,0.244344871015227
"78",0.140234403246026,0.194267593078969,0.302090211625228,0.0258812776252784,0.274490512343396,0.0630360020811024
"79",0.0438990896446292,0.148120323378356,0.327580966707055,0.109363025447389,0.247543385851305,0.123493208971266
"80",0.0438615751394413,0.109189975888973,0.201164957355067,0.354858886241977,0.275154341391681,0.0157702639828597
"81",0.0433480005871754,0.258774849601684,0.155042120289323,0.134786013669821,0.142537092855646,0.265511922996351
"82",0.181972511709709,0.147250154720174,0.325548256054782,0.172486607310178,0.0799249985847438,0.0928174716204135
"83",0.0147927533094572,0.124403145664524,0.143865688024232,0.15187572535678,0.17133660986777,0.393726077777237
"84",0.101681218782637,0.0627881413808675,0.242567746677804,0.262113828990513,0.204262359593065,0.126586704575113
"85",0.0644069187511283,0.0999068629925269,0.271961627515687,0.146397302273516,0.274226100390334,0.143101188076807
"86",0.0621604716524076,0.0798132971048446,0.253594667289164,0.252302759261289,0.0948810557729472,0.257247748919348
"87",0.107166104582098,0.0300243670582459,0.387169656831156,0.225385581333888,0.246447116675626,0.00380717351898542
"88",0.131302046226544,0.20942162513278,0.363263402770334,0.100471316050176,0.110107091736975,0.0854345180831911
"89",0.128156896596162,0.124663960090455,0.275080595146851,0.133833275821858,0.144818452871978,0.193446819472696
"90",0.211979868730384,0.0687688165636494,0.120836275493798,0.290865069117545,0.0853928027399643,0.22215716735466
"91",0.0571731381562698,0.217518309566845,0.283394070618781,0.236138957685654,0.159073947907279,0.0467015760651705
"92",0.0898254509832343,0.095511644477627,0.26673115380282,0.0415895920326835,0.144461726142202,0.361880432561433
"93",0.143442670450749,0.151913038931134,0.206184120414881,0.207152303626168,0.161074687699919,0.130233178877149
"94",0.116408805139735,0.344857248600281,0.0882202492382378,0.0269884293432361,0.263639356654623,0.159885911023887
"95",0.131003156658504,0.170941085867574,0.39689368218418,0.0621813386350906,0.137472142444475,0.101508594210176
"96",0.135232677562126,0.372424840213422,0.122722213044686,0.0942718614868014,0.265492086116181,0.00985632157678266
"97",0.174001179290706,0.0736738791721398,0.258908933682779,0.169074539590124,0.227476513272492,0.0968649549917599
"98",0.133512520444689,0.206628832609053,0.110368218485658,0.146523881586053,0.0952496358793799,0.307716910995166
"99",0.128374416952612,0.153510704715163,0.222688882306652,0.0401767078965128,0.208341199137446,0.246908088991614
"100",0.111312456378325,0.0492066719939818,0.445057214229421,0.0149659813090164,0.130679021289463,0.248778654799793
"101",0.105088262184267,0.161964232720445,0.221081834864213,0.210707948941959,0.126732854338035,0.17442486695108
"102",0.0507848586266755,0.196301081062486,0.179844192527739,0.183903554355145,0.203303148563366,0.185863164864588
"103",0.0885598754530331,0.189762378477211,0.369504590943085,0.171852630904129,0.139091629455072,0.0412288947674696
"104",0.0225368871576821,0.10746486404997,0.0151388348807092,0.257495534105045,0.184356844869111,0.413007034937482
"105",0.0241669253710694,0.205281478028838,0.0887851209477801,0.278442458263245,0.252985196010333,0.150338821378735
"106",0.0305715243623043,0.339095125333135,0.20692058847,0.266033213431431,0.0168185959858107,0.140560952417319
"107",0.146207174555289,0.194613390405544,0.340426632085244,0.0505539315439481,0.209018812643122,0.0591800587668532
"108",0.0218132989786641,0.471839806403167,0.0734532839785049,0.240122864350717,0.158514148553798,0.0342565977351479
"109",0.143555132548788,0.100800232923687,0.139451883341285,0.193128000876515,0.17414250477914,0.248922245530585
"110",0.190192310297756,0.183020151439292,0.167041619543704,0.150442964787139,0.127284398282128,0.182018555649981
"111",0.0427333154449132,0.205410553804091,0.211541819017979,0.00705943098634634,0.275286147728642,0.257968733018029
"112",0.16603444430697,0.206153469672452,0.235175560997243,0.246819099480494,0.0683628722556397,0.0774545532872
"113",0.00226917775458424,0.212669871154452,0.12929331770542,0.184651116201806,0.107799324982032,0.363317192201705
"114",0.170029805237613,0.306028962568981,0.15914410014841,0.0479508216624549,0.174778535177099,0.142067775205443
"115",0.0954756175834661,0.24699627722253,0.268264475397896,0.161008691697584,0.0250551298322002,0.203199808266323
"116",0.142595971184296,0.181220761502328,0.0946427752340871,0.174807883664639,0.107588129549344,0.299144478865306
"117",0.12373133375281,0.164533747564963,0.27660499746274,0.181261434704202,0.146241268617089,0.107627217898196
"118",0.127279282978334,0.283653085315139,0.0642342447305982,0.269798512233544,0.226267089669961,0.028767785072424
"119",0.0406757241092344,0.156366720043171,0.238335385561807,0.224545735490414,0.131972537522075,0.208103897273298
"120",0.0965984345030957,0.0684736043484663,0.332089875259028,0.201949382764679,0.0517293641831371,0.249159338941594
"121",0.207162308257065,0.225300973272025,0.188896143118335,0.1007220754354,0.100708857488187,0.177209642428987
"122",0.0780740526845717,0.130361783951868,0.310086422124864,0.056544703375159,0.108637696395367,0.31629534146817
"123",0.181602383284767,0.0579263211182395,0.1536327678986,0.251302598653232,0.15963005830636,0.195905870738802
"124",0.150598452826551,0.195235103123533,0.232407015790589,0.0239506331950916,0.152597588055204,0.245211207009032
"125",0.168885115698807,0.155718660227586,0.192471499394992,0.269645752937903,0.146840364433686,0.0664386073070257
"126",0.0885395379455665,0.222083783621035,0.139027670730752,0.158304894079113,0.243711657490594,0.14833245613294
"127",0.0922965179851116,0.170119388268908,0.152316920085194,0.0614995823888309,0.222969854232039,0.300797737039916
"128",0.260055269540348,0.290631941186396,0.114210194906675,0.0548485631517532,0.0352727438302072,0.244981287384621
"129",0.11228035629474,0.146718559296011,0.211966846137576,0.206694777405039,0.140698643362596,0.181640817504038
"130",0.0902777670362262,0.193182491901328,0.181765447944924,0.185494518227093,0.312526048065478,0.0367537268249504
"131",0.108808611464845,0.109229267468875,0.372638494823752,0.120384265119588,0.143614718268305,0.145324642854634
"132",0.317721665875753,0.0358475607479274,0.410430871081476,0.0519142985899679,0.107081262600197,0.0770043411046798
"133",0.158488570461869,0.18092553363983,0.0958100946580175,0.296346948326324,0.242873159768103,0.0255556931458562
"134",0.105709441692206,0.0404038081620645,0.362345645225685,0.2382133314288,0.148782337074131,0.104545436417114
"135",0.100247722683806,0.180138841100295,0.114726642152575,0.165892444227956,0.193909424194906,0.245084925640463
"136",0.174543857306396,0.0303023508423691,0.278682603123171,0.220071372873434,0.27617050311438,0.0202293127402504
"137",0.048962990485947,0.0565751404430278,0.249352446931121,0.278761001693161,0.00320752625682167,0.363140894189921
"138",0.0406538091672349,0.322149859364134,0.39372743141489,0.0690901570436612,0.155718413018316,0.0186603299917636
"139",0.245749009610589,0.10738454759193,0.121899065301887,0.139575540616487,0.347770682155959,0.0376211547231491
"140",0.258923969126224,0.0321429408301901,0.184626257811934,0.339170375917695,0.0676700597300804,0.117466396583876
"141",0.0941573235623349,0.185454120549475,0.282694215085174,0.0303623066044656,0.0983581194805556,0.308973914717995
"142",0.209009351050985,0.0527954415323297,0.147953388665767,0.118123480865605,0.136231244817799,0.335887093067514
"143",0.100921659697718,0.152006664137183,0.123701444144827,0.160510368892765,0.244644516901018,0.218215346226489
"144",0.0190519677116341,0.130954228275443,0.272113257738841,0.188157741367057,0.0822085977404848,0.30751420716654
"145",0.185597196976919,0.150915026386962,0.385308702663175,0.0725418656916309,0.0566639695663341,0.148973238714979
"146",0.145691075985086,0.213497637136341,0.328500346676191,0.0549557655085831,0.227680273144454,0.0296749015493451
"147",0.117716576088447,0.185796091326863,0.066802213892526,0.0308314266114354,0.261628730722028,0.3372249613587
"148",0.106856099806719,0.261648506766475,0.12771230854446,0.214670232557729,0.182585888680753,0.106526963643863
"149",0.0774773921187703,0.207759199258205,0.164189901338919,0.0231653298098623,0.134517780918691,0.392890396555552
"150",0.174293787916164,0.145289958093494,0.208001312327705,0.0416349060807615,0.0732444577760308,0.357535577805844
"151",0.0538201564749689,0.089078091602124,0.501109589723498,0.139571542198099,0.0940584655591664,0.122362154442145
"152",0.211513215559344,0.0884869094278644,0.114913676853536,0.288382751931477,0.0675394504341075,0.229163995793671
"153",0.0738431191818911,0.150382261920207,0.207811298277809,0.0937040855976562,0.203610168155846,0.27064906686659
"154",0.211080500702159,0.0340856524976815,0.421209653848649,0.0173186954162831,0.286399458121136,0.0299060394140924
"155",0.055481350474478,0.29616486624596,0.304026884194717,0.237221949354997,0.10416516593166,0.00293978379818812
"156",0.260819358455682,0.0842880564145251,0.377285550015063,0.0536319354164252,0.20383206517479,0.0201430345235144
"157",0.15356862679899,0.174096056562598,0.327667106516148,0.0557276744264177,0.242078013125493,0.0468625225703531
"158",0.145078934272024,0.157243498241469,0.0538439100395008,0.245965506085133,0.175260547233835,0.222607604128038
"159",0.203589691787636,0.219200751707449,0.37870289928744,0.0393671406010409,0.0443478048841793,0.114791711732255
"160",0.0991968559683472,0.160525220882637,0.217187607241642,0.143477295279382,0.170887166433884,0.208725854194107
"161",0.0371133114109379,0.272489432448406,0.297168666386253,0.254850729179915,0.138377860574489,0
"162",0.141966067295775,0.245226384455488,0.182645512333446,0.177552669201962,0.138362891908966,0.114246474804364
"163",0.0397940500005232,0.192428620805472,0.0322537546984248,0.417668365609933,0.234077947254856,0.0837772616307906
"164",0.076103620308352,0.057236471397026,0.182116620576278,0.321581489595366,0.038071607186955,0.324890190936023
"165",0.0221070181374756,0.0959479377103876,0.175437937345561,0.157463177833763,0.25021926781605,0.298824661156763
"166",0.140537650707004,0.165687582464837,0.338195299904797,0.0681432881997831,0.23719059456855,0.0502455841550295
"167",0.118244104162694,0.189024065137058,0.192963271420905,0.186196363836279,0.141797146766573,0.171775048676491
"168",0.0505477245558343,0.070417408212586,0.224485022553216,0.110381503844242,0.24742593922803,0.296742401606091
"169",0.0398367226793339,0.409329432677055,0.0320418548581878,0.0610797737324112,0.353716222135238,0.103995993917774
"170",0.173687172379438,0.188396120026001,0.120014558232926,0.235672458823857,0.105308109486897,0.176921581050881
"171",0.225232357782751,0.222004490570059,0.26406810141519,0.148025259015362,0.133612316411745,0.00705747480489346
"172",0.026478715731243,0.236502828706571,0.152872327896137,0.12006894928451,0.237039439150811,0.227037739230728
"173",0.056887129487554,0.146719080040972,0.245989439445493,0.150852293147055,0.140733920349981,0.258818137528944
"174",0.0466152886382957,0.190837995135014,0.234432248530605,0.0930677370630114,0.0200564792637412,0.414990251369332
"175",0.0851884640886629,0.196516449634722,0.23992387271103,0.237134686243953,0.0165943997896036,0.224642127532028
"176",0.252570631723555,0.13792104417201,0.150321555632111,0.162903541870613,0.181013751159621,0.115269475442091
"177",0.0368158194059535,0.361920844611923,0.0447161825214264,0.0724205324133077,0.127850538000756,0.356276083046633
"178",0.14625977261351,0.134610033201324,0.268136269071762,0.0724187149215813,0.181624623836028,0.196950586355794
"179",0.0229411107787853,0.276644506069022,0.0478012205932753,0.0580256208438602,0.425715221979564,0.168872319735493
"180",0.184224685425874,0.172713176545418,0.142461090724413,0.0938066212553956,0.198524091996607,0.208270334052292
"181",0.0853592873866311,0.10146085800958,0.304638773824094,0.0273620475877336,0.277891853824668,0.203287179367293
"182",0.15479322453075,0.196890669651172,0.248885035126857,0.196311863537459,0.167173739579537,0.035945467574226
"183",0.171831441919029,0.308859488525258,0.172776262113009,0.0851907295409166,0.156879135475953,0.104462942425835
"184",0.131657367365735,0.317668984884266,0.256493054542257,0.0394604564188968,0.139639418829411,0.115080717959435
"185",0.0784691714815227,0.15835026433112,0.265790376315077,0.0648184272159315,0.185590414468126,0.246981346188223
"186",0.175522467134246,0.234340613039479,0.24264251818056,0.14869493838587,0.031120106316354,0.167679356943491
"187",0.158383397909129,0.279969629630319,0.174199765918754,0.0602965426419648,0.16934864926501,0.157802014634824
"188",0.117090889107272,0.0613398432388272,0.321266258780432,0.127430302716262,0.239319309721027,0.13355339643618
"189",0.0461542981236971,0.218440313832604,0.215199638667497,0.207976343051584,0.150601813917043,0.161627592407575
"190",0.0380135976426845,0.123499349981648,0.433262976671964,0.16640371550711,0.211327018160851,0.0274933420357422
"191",0.108704264058709,0.159609556243698,0.350146454672508,0.221951102982117,0.0711756540299436,0.0884129680130242
"192",0.13159044876481,0.0624428825018927,0.0536767902135363,0.247498420312743,0.14518307557328,0.359608382633738
"193",0.0955193049856875,0.308731579425805,0.243198521575795,0.0205075252495092,0.159616283748463,0.17242678501474
"194",0.126947033836175,0.128648920570479,0.240106809488904,0.0347584356336777,0.166300129459746,0.303238671011018
"195",0.158643418393223,0.226607390409802,0.0368266574689672,0.277811619070312,0.201067101012525,0.0990438136451709
"196",0.0718450759111038,0.159957660685027,0.385149690633538,0.0383389533515221,0.2445252170611,0.100183402357709
"197",0.0396258986188941,0.152539648762671,0.155124919425482,0.204750668720662,0.225056488901323,0.222902375570968
"198",0.0875470345240753,0.226567296955363,0.239998383509717,0.182012824097784,0.148990255684065,0.114884205228997
"199",0.135844555561173,0.029857404214097,0.205394122554062,0.10808131672413,0.213086944908992,0.307735656037546
"200",0.103487726967029,0.211335110307279,0.335533110471212,0.243704620821237,0.0855422919432717,0.0203971394899708
"201",0.132987712799613,0.261948842947481,0.22801033113608,0.171687401311031,0.0384720565564401,0.166893655249355
"202",0.0229618681231862,0.139108126314474,0.283581473199487,0.216238928386962,0.33306562197176,0.00504398200413116
"203",0.0210028600673942,0.167392804047329,0.165862687742882,0.0621599559662874,0.320458696722754,0.263122995453354
"204",0.124315145696927,0.0649597474902301,0.387157479943166,0.237289062862271,0.151895169303728,0.0343833947036784
"205",0.103386534922157,0.201228099072443,0.212909504034226,0.182257769313683,0.0751314805018555,0.225086612155636
"206",0.0960370058737686,0.117395529507658,0.0842691514815575,0.229944627127875,0.225401470278194,0.246952215730947
"207",0.142345406591846,0.0332599701980965,0.225511131219096,0.254447163686358,0.0934485810625677,0.250987747242037
"208",0.174153485558838,0.329817910852176,0.273315000033995,0.0434124298911529,0.137451890465754,0.0418492831980838
"209",0.143541589454714,0.113056423271744,0.187647608728855,0.255832428151642,0.133955965192796,0.165965985200249
"210",0.109940600799564,0.198978969051848,0.243215808899293,0.20548842501174,0.028410205240929,0.213965990996625
"211",0.122224366306028,0.272777663550074,0.234981182406346,0.234007215098666,0.0831780656414652,0.0528315069974207
"212",0.0787339787858217,0.21583474928417,0.213985594048135,0.0990904132164032,0.0869289617114713,0.305426302953999
"213",0.123326890267318,0.221516157852718,0.182801408213242,0.138694678009713,0.182381107581803,0.151279758075206
"214",0.0850910257645997,0.0782253807784161,0.420211815877722,0.149243695094966,0.159435271286671,0.107792811197624
"215",0.0777594756395181,0.29180344386721,0.0749732837948701,0.18597406795914,0.263526522490806,0.105963206248456
"216",0.117773225156931,0.17488674699593,0.134790969622305,0.173054773661518,0.154061879957162,0.245432404606155
"217",0.125727930121972,0.236167129511715,0.0538779023511624,0.272741050541369,0.138063367143972,0.17342262032981
"218",0.14256014988792,0.140814731023229,0.175985114228754,0.172331629648059,0.178552242554909,0.189756132657129
"219",0.0632892136159198,0.0341066027643212,0.20965551610849,0.100149634532534,0.28553585122743,0.307263181751305
"220",0.0411866081405969,0.282399142651522,0.382064506780887,0.158774619427997,0.119236048391062,0.0163390746079344
"221",0.0701604312571807,0.114014434289743,0.21007825544417,0.181527137555464,0.250483742159552,0.17373599929389
"222",0.124013221385007,0.123671983618366,0.325488329836443,0.0338351603737387,0.0567499918942172,0.336241312892228
"223",0.0361758243006692,0.015897678283017,0.214067736636024,0.227053380775974,0.277178916950089,0.229626463054227
"224",0.156043385847111,0.0457748859000029,0.282395946007688,0.0661951750027878,0.0634452026078016,0.386145404634609
"225",0.105497123307022,0.0360598206626821,0.272711401817616,0.118886066055227,0.180182312048845,0.286663276108608
"226",0.079570010256554,0.11960642417898,0.247857686778188,0.0556721294712575,0.222274589454019,0.275019159861002
"227",0.180322707234531,0.0654720478636808,0.145670753627181,0.256298763474023,0.0780223452570839,0.274213382543501
"228",0.105868038505452,0.149342135479783,0.221998809916769,0.176143478810485,0.176607333331645,0.170040203955866
"229",0.221778162214168,0.213495713828015,0.193105062667465,0.0814205037744028,0.243634503049035,0.0465660544669135
"230",0.102072947707232,0.173310486566458,0.140155522170834,0.35450461351981,0.0395082415804648,0.190448188455201
"231",0.0329998639225656,0.106607733763281,0.394654068982276,0.237154363342837,0.165654089313349,0.0629298806756922
"232",0.205550418729728,0.137155945734317,0.175866290214559,0.215623253109522,0.199722776939354,0.0660813152725199
"233",0.0925342913741844,0.137953095065459,0.238099371558018,0.115790420167322,0.174618289898426,0.241004531936591
"234",0.143464125571752,0.2298804092083,0.189720129685677,0.241872683966269,0.171012960398843,0.0240496911691604
"235",0.0153893636133859,0.240554193541955,0.221620530019969,0.111536895189293,0.309353723069701,0.101545294565696
"236",0.0464035544511959,0.0295308224570701,0.338143040170254,0.303668007831458,0.091574954599586,0.190679620490436
"237",0.0108988442281535,0.202336626007199,0.177440311689212,0.241889942007462,0.215203813923586,0.152230462144389
"238",0.131229791722299,0.250319922660482,0.162138587225989,0.205180586889034,0.216158815382264,0.0349722961199312
"239",0.119862024706853,0.134475742906516,0.021404869597963,0.224001558774863,0.230585566971621,0.269670237042183
"240",0.107805205047662,0.218594172282071,0.191011406681836,0.208943290573274,0.253950265548804,0.0196956598663526
"241",0.136382931989257,0.234588749418863,0.08776775245385,0.268918443641323,0.0396140198484258,0.23272810264828
"242",5.40548149560121e-19,0.214491950466707,0.333695682785765,0.0951827491188387,0.0786365692780806,0.277993048350609
"243",0.198749032646653,0.270277833541703,0.198406423505808,0.0392964160988131,0.0178336284223347,0.275436665784688
"244",0.158359356777552,0.0604293886829841,0.294856976576245,0.0419845119589735,0.245905794501875,0.19846397150237
"245",0.0182760940616833,0.28299306321456,0.230314192966204,0.00505870827195064,0.272441026448622,0.19091691503698
"246",0.0520738383764116,0.197203992581385,0.177418025630853,0.209908059305395,0.14150114982885,0.221894934277105
"247",0.170666368510084,0.245954949360912,0.271592455754277,0.248033412279746,0.0408715255124632,0.0228812885825172
"248",0.0539510973576388,0.199574001755028,0.362719924276357,0.0376077673205696,0.18805953075643,0.158087678533977
"249",0.119633713408968,0.181538437377447,0.227406032536734,0.216945107986117,0.23457016157885,0.0199065471118829
"250",0.20560693405871,0.17918636421638,0.113541144400209,0.260572512284144,0.147624333715752,0.093468711324805
"251",0.146966116013536,0.265632208518442,0.1129163051909,0.0819238027166789,0.154741122764057,0.237820444796385
"252",0.0628007920071829,0.122386491212186,0.310601281173488,0.292703302103081,0.0741112584760276,0.137396875028034
"253",0.0500898446799881,0.0494377272255012,0.458304714469696,0.2024224962354,0.15277065877398,0.0869745586154351
"254",0.0272803895952106,0.203063432415709,0.169213305016648,0.210705763590497,0.129727522130448,0.260009587251486
"255",0.227712054245757,0.387029235907988,0.0586086841343767,0.165403753338385,0.0859777753204948,0.0752684970529993
"256",0.088352553363205,0.00706196014787326,0.312686132331287,0.0382878827230481,0.47849148553353,0.0751199859010563
"257",0.0798685853075178,0.254382189838426,0.249461532198078,0.0908191981883673,0.247424161485775,0.078044332981836
"258",0.0470943565869016,0.299339639036502,0.167469372217981,0.104729730575113,0.0924518245219251,0.288915077061577
"259",0.18420977483522,0.200109819478701,0.160629584610297,0.0666021499337203,0.212405329719646,0.176043341422415
"260",0.129292406816313,0.221997674742062,0.225562186384596,0.216410587397747,0.0488728141145403,0.157864330544742
"261",0.120553132229659,0.272029889633266,0.260017478490161,0.0328498173202993,0.206860653578976,0.107689028747639
"262",0.160157515633474,0.216872492492362,0.163838583423441,0.126726965990554,0.212107148668656,0.120297293791514
"263",0.09173155028164,0.151436071328953,0.249930714679664,0.0497358709924088,0.25111615247265,0.206049640244684
"264",0.160444760131401,0.0924013444147506,0.133507229754232,0.110288574905618,0.219299374182303,0.284058716611695
"265",0.0785959867198748,0.0593683904903069,0.33782869653884,0.206200223404525,0.0772648794703978,0.240741823376055
"266",0.120979858419598,0.162322674047165,0.374500384571965,0.271777639034137,0.0500752883729709,0.020344155554163
"267",0.0913235799198432,0.0325443587329286,0.249906334618637,0.00728202168483901,0.231904092174037,0.387039612869715
"268",0.0574548098303941,0.298847507656039,0.0527241004619493,0.274322635067764,0.0204775641122651,0.296173382871588
"269",0.149326547671747,0.0884704147634551,0.237789704318331,0.0469172171166166,0.427204016977869,0.0502920991519815
"270",0.292886745012331,0.089376520014732,0.202308441066249,0.113339594134368,0.0917689229942937,0.210319776778026
"271",0.0321873538993063,0.234590652256078,0.1702221250903,0.143814327829035,0.219504239879984,0.199681301045296
"272",0.0564198521186587,0.0715448258700636,0.371713788209564,0.296192741788686,0.045812935488276,0.158315856524751
"273",0.14350222035645,0.21945470702679,0.274526785512691,0.0543899353325265,0.0859883416627939,0.222138010108748
"274",0.166814341749014,0.218681369885263,0.158846020816303,0.0778499394054196,0.248730566670747,0.129077761473254
"275",0.038288868250062,0.336579162843218,0.165637826025462,0.156929197198151,0.234921904648903,0.0676430410342038
"276",0.102006017436146,0.144414201114142,0.142868546509868,0.428008077992253,0.0918415253308258,0.0908616316167654
"277",0.114710883277422,0.217973790649355,0.317111130079979,0.255164359747776,0.0459008133116915,0.0491390229337769
"278",0.0918066867232107,0.1777532405999,0.15341879416523,0.0110881535267646,0.251048428949841,0.314884696035054
"279",0.0588768581726109,0.229693707106048,0.0446867274256876,0.191427144462936,0.213680195517852,0.261635367314866
"280",0.0547232162252764,0.268231668484806,0.210418393235473,0.0962413162292906,0.135065938940808,0.235319466884346
"281",0.132787248542335,0.246982943065916,0.0865869917597295,0.259541176815211,0.249282176142434,0.0248194636743746
"282",0.0781596065955461,0.157384267510999,0.343256154527106,0.0970842416979279,0.0949961110784041,0.229119618590017
"283",0.0746361129583245,0.298101029416389,0.279461433016539,0.215346936320587,0.115915136307922,0.0165393519802384
"284",0.0859779912241032,0.236021657437107,0.282933106721691,0.181365322325497,0.0934463282486577,0.120255594042944
"285",0.0908838405282846,0.243715229655588,0.295615726470866,0.177278607366561,0.12814344715331,0.0643631488253918
"286",0.0525559212797292,0.267626988785463,0.110035374540964,0.241477551249774,0.195590162841806,0.132714001302264
"287",0.142941303246885,0.0711206728662441,0.245130312812635,0.206344831031552,0.21132624247475,0.123136637567934
"288",0.120500218221353,0.15742158415138,0.115295052574095,0.198311391889654,0.192225583291605,0.216246169871913
"289",0.123077141119659,0.170939288662274,0.207567976898015,0.182123415501894,0.167692761815504,0.148599416002653
"290",0.0429813156928297,0.0108853739181124,0.346089274448266,0.287409439181941,0.285388289722359,0.0272463070364923
"291",0.0330825646515482,0.13618486524676,0.271672939191303,0.151253894618233,0.193516552547488,0.214289183744668
"292",0.080749136542395,0.143917630293214,0.257653011138455,0.25899407076265,0.0835462446318722,0.175139906631414
"293",0.109390667554575,0.165828773168677,0.0858040605131096,0.294177785864266,0.138089724609931,0.206708988289442
"294",0.0376396690807896,0.129966591475618,0.0768177060609851,0.262793215892124,0.195571083174468,0.297211734316015
"295",0.129669066937059,0.175389029831275,0.111848430841526,0.132098604700181,0.190252376229257,0.260742491460703
"296",0.172672222461193,0.350153669454651,0.0682296775291891,0.303464352897389,0.0690411262720041,0.0364389513855741
"297",0.091292139809785,0.22882909792116,0.222603443094712,0.245131028131073,0.01752843402739,0.19461585701588
"298",0.0669514705072027,0.132506617646423,0.137637561925713,0.374188470393458,0.0459922352618901,0.242723644265314
"299",0.0499521126262148,0.263475172665235,0.188185163851418,0.198255999103209,0.113489135365174,0.186642416388748
"300",0.0507872891772415,0.391680343713573,0.0334275544210693,0.0124893373228271,0.352975156897475,0.158640318467815
"301",0.0132715847305413,0.304042277823306,0.106973483771838,0.190142231950782,0.0776865047417716,0.307883916981762
"302",0.0319167968593918,0.226785681898395,0.29534328611606,0.138999467601591,0.238220288235003,0.0687344792895591
"303",0.118184368796086,0.164733666666125,0.232878132311861,0.194569194900601,0.181804863604824,0.107829773720502
"304",0.0222459063867072,0.138015272947922,0.0656182507791131,0.102681754661849,0.320059814412733,0.351379000811676
"305",0.021590019681572,0.121316650959872,0.340272815248661,0.214054711264275,0.188456698265278,0.114309104580342
"306",0.212136836507927,0.219466611270936,0.298816733958127,0.0472217946833638,0.186294554068674,0.0360634695109732
"307",0.0762735740285793,0.231626511148715,0.056330711506459,0.0883347730633924,0.307825778157889,0.239608652094965
"308",0.118399416658801,0.0221917326084491,0.263275949488292,0.200643674685822,0.199455764212405,0.196033462346231
"309",0.0783365276136896,0.210962619367485,0.422528364686501,0.0979317023001616,0.190240786032162,0
"310",0.146636329266754,0.193019002900417,0.256357149226895,0.0511329321928126,0.172933856812216,0.179920729600906
"311",0.103853874954584,0.149166012752568,0.225027962343353,0.241043442388365,0.0538865091306333,0.227022198430497
"312",0.114069833159022,0.256203301277212,0.077942934627657,0.21684601923893,0.228484209664871,0.106453702032308
"313",0.127789605925545,0.241609272850148,0.116989571740385,0.0507797081852772,0.161825962273341,0.301005879025304
"314",0.157728231073587,0.106041607699451,0.259204849452192,0.0561240790249933,0.195131337123505,0.225769895626271
"315",0.0158177463149153,0.0838805912372015,0.383617233486123,0.310791721262183,0.112088491718263,0.0938042159813143
"316",0.176297186338091,0.173910060614894,0.267849970202314,0.0502815720118914,0.169566279755877,0.162094931076931
"317",0.194803367533467,0.270180660325786,0.13038110441436,0.0349944598959377,0.180134619814381,0.189505788016069
"318",0.0372097642933828,0.211932323136342,0.0944632059934835,0.295066723263182,0.205070146068427,0.156257837245183
"319",0.111021407794817,0.132442896939677,0.18618528068785,0.177489095621258,0.15242189921073,0.240439419745669
"320",0.122614348518377,0.0288554312473856,0.255400019171252,0.115848463884341,0.189162973881704,0.288118763296941
"321",0.0961833824859786,0.0974077068107607,0.170256734875532,0.288808543583427,0.1895930420807,0.157750590163602
"322",0.0863318724775447,0.0719402048402126,0.114143951896372,0.293221011909401,0.278939719698192,0.155423239178277
"323",0.170574477382754,0.13389490478953,0.3152273149845,0.230334565544227,0.0726313702747031,0.077337367024286
"324",0.231936776606075,0.165641692361573,0.125018529578541,0.341980807935683,0.0812860489293242,0.0541361445888045
"325",0.14998751051876,0.0453819494131516,0.235656344196335,0.216523380093785,0.238687785187087,0.113763030590881
"326",0.179826192936839,0.171483997253054,0.41415409420291,0.0682554918937749,0.0651099470904226,0.101170276622999
"327",0.0569698784976342,0.187627666708974,0.165426001314208,0.173522649504356,0.194043731052244,0.222410072922584
"328",0.0989156580847864,0.259494731037455,0.171275177957305,0.233122343507062,0.0373083084717785,0.199883780941613
"329",0.167488952160333,0.122210531678255,0.416788354456641,0.159344735246123,0.0501795082859305,0.0839879181727184
"330",0.0928114873616046,0.101539821938258,0.371862708057986,0.263723947916146,0.0271891408939208,0.142872893832085
"331",0.0833317624852783,0.200856270208097,0.256484600725522,0.0917113590517124,0.126219911953508,0.241396095575882
"332",0.168683447646061,0.0904250433514631,0.259564888324409,0.218141231731889,0.228960010875127,0.0342253780710514
"333",0.0941652723855884,0.140782950176617,0.137694500970188,0.241147101091972,0.0634816453441099,0.322728530031525
"334",0.0994793014902193,0.145712607392094,0.102597627646342,0.239463839252129,0.0481508603948624,0.364595763824354
"335",0.10674267329818,0.263206995915861,0.0434174091731061,0.195734666272985,0.181404221938645,0.209494033401223
"336",0.0697216721122087,0.0226669177642835,0.301293405647321,0.182446379690634,0.106138523275378,0.317733101510176
"337",0.150930005379769,0.0569464300274658,0.32739279785347,0.190509873160745,0.0414180892488007,0.23280280432975
"338",0.0922676596277243,0.10089566942036,0.36509395005531,0.155815452893979,0.142400386032107,0.143526881970519
"339",0.17277237032455,0.0691405367316902,0.0712230505635661,0.316014941173659,0.0133779241919932,0.357471177014542
"340",0.121794723888635,0.211447364533095,0.179740342684071,0.112554126948764,0.161957578406525,0.21250586353891
"341",0.21210295452161,0.0663580722899043,0.0887224765529756,0.160604662667127,0.29470892841063,0.177502905557753
"342",0.0523611682265947,0.129525332871876,0.225966795807168,0.244934971444056,0.195388370094051,0.151823361556255
"343",0.216237865345081,0.0758321068073949,0.23422148378499,0.153742236160786,0.184519043390757,0.135447264510991
"344",0.114571504870972,0.130598744626422,0.281354774553582,0.0480161076127684,0.141703917701141,0.283754950635114
"345",0.142164468914012,0.0487887826392178,0.496185100143799,0.08604011111492,0.107379805393007,0.119441731795043
"346",0.00455636046373675,0.246649320137286,0.141003154344365,0.35390902630406,0.0436946335374209,0.210187505213132
"347",0.117603080166482,0.190549949666753,0.319883816470241,0.0228631036341726,0.020438803444247,0.328661246618104
"348",0.229561893928358,0.0328634015597846,0.165411626263999,0.104235339991466,0.301057803941044,0.166869934315348
