"","neu","NK","CD4","CD8","B","mono"
"0",0.110313986713594,0.201461426593034,0.202101070413523,0.155311268862965,0.135186714956415,0.195625532460469
"1",0.15370487512357,0.235954260166756,0.176460670505499,0.0650541040397927,0.238553049946748,0.130273040217634
"2",0.211462735850669,0.0917475055612101,0.364046154390085,0.0922252009878617,0.13026510689011,0.110253296320064
"3",0.201483979308366,0.166206323970912,0.291263154588595,0.174774103485576,0.0733450117710447,0.0929274268755054
"4",0.0821123003250052,0.176960216870262,0.20965707518418,0.156588147972072,0.248673553448012,0.126008706200468
"5",0.143157906175549,0.0719471580956274,0.0933685716449393,0.187529000726955,0.199709064602419,0.30428829875451
"6",0.0993427888187669,0.163246345156499,0.148566892603663,0.0200835625223193,0.307953458840811,0.26080695205794
"7",0.0951715316789838,0.170726026327781,0.0765525135896227,0.223964279238728,0.170948168799559,0.262637480365325
"8",0.0230986132116933,0.208386389535613,0.182499414813967,0.192115476229147,0.266594037508075,0.127306068701504
"9",0.145728281577869,0.167651551669481,0.165776805020629,0.0918170902580191,0.0879621754627629,0.341064096011239
"10",0.151348493811692,0.210587381670217,0.203491279618268,0.0531743090649535,0.118790481708792,0.262608054126077
"11",0.169929005080203,0.0363660011606407,0.105275829150212,0.326625415631454,0.105407878708678,0.256395870268812
"12",0.214758553414121,0.0383823418618539,0.439019026795227,0.148700023311758,0.0167928677739421,0.142347186843099
"13",0.1699867108101,0.0483308120997462,0.221834136035038,0.269390927928829,0.196340837428812,0.0941165756974738
"14",0.122868943078008,0.224862988640394,0.293099388108171,0.179823303355577,0.127918808530444,0.0514265682874063
"15",0.0281858721164472,0.353872364058861,0.0995007242731473,0.301982228230686,0.0905199102700209,0.125938901050838
"16",0.0871318202002348,0.185995054046298,0.14676698353639,0.178557184795627,0.174295808640034,0.227253148781417
"17",0.00102543851635985,0.200289619438248,0.450415396683563,0.276376894388399,0.0333022882584569,0.0385903627149727
"18",0.0910952636741387,0.16413551183019,0.140297795149996,0.306442473071829,0.181777952223469,0.116251004050377
"19",0.0803188281842061,0.0529716356104056,0.412695499281529,0.0712443742287056,0.326192188598164,0.0565774740969905
"20",0.0552940899559824,0.215336203845602,0.203023185109764,0.142712858131392,0.1665778518761,0.217055811081159
"21",0.00935303847480571,0.219627527418551,0.195046883591954,0.196235938792905,0.195835716297639,0.183900895424146
"22",0.18188724913298,0.107151845529362,0.237901031411896,0.183596961140406,0.280631305046475,0.00883160773888047
"23",0.0506872665466738,0.213229647108999,0.356771230653664,0.343565641399809,0.0160911855368026,0.0196550287540512
"24",0.128109795159098,0.0905824908601278,0.0364518847463775,0.41706528486002,0.0404799792264936,0.287310565147884
"25",0.127089027911459,0.171611289901105,0.198853443739313,0.0419805257338142,0.170688434659653,0.289777278054656
"26",0.162486726252253,0.130477941666552,0.0872376435720188,0.169068672131482,0.235602829412112,0.215126186965582
"27",0.0718649392060578,0.209801262289174,0.238921996960756,0.17029755555038,0.0895838633182982,0.219530382675335
"28",0.0715116816548033,0.00906871106285085,0.109170968667951,0.197187785314561,0.258218883487472,0.354841969812362
"29",0.134776115660515,0.27465706703406,0.238871560454024,0.160410856621412,0.145752432802528,0.0455319674274598
"30",0.222002884153091,0.14869600968459,0.334194401540655,0.0857392659610968,0.0865927796425422,0.122774659018025
"31",0.0464902364563672,0.13613349344854,0.274283830480314,0.24001894318503,0.227360090374314,0.0757134060554356
"32",0.114295757324078,0.25287080513796,0.275511283254492,0.0833528632986774,0.103381082227352,0.17058820875744
"33",0.202765341524737,0.190843942398441,0.231750544285454,0.0493877393634682,0.260300843244152,0.0649515891837466
"34",0.0829833838582857,0.215547882838025,0.107378541029527,0.250819731573512,0.211968717760371,0.131301742940278
"35",0.012791764126027,0.134857702399115,0.362703205697106,0.184048933256318,0.139910412816826,0.165687981704608
"36",0.052050417117716,0.270452334997415,0.217393163459959,0.0713725862393119,0.0558739984701955,0.332857499715403
"37",0.213880992967941,0.207919182058126,0.283537033820407,0.0267363479377409,0.245926996260673,0.0219994469551119
"38",0.0453747239247391,0.32827901643014,0.164018871376156,0.179175382487478,0.1412796110956,0.141872394685888
"39",0.109889683622826,0.109915898169616,0.393431010280599,0.286359689719294,0.0455646333852548,0.0548390848224092
"40",0.0766866926089543,0.188402829760741,0.179022342458436,0.244372253305852,0.197729159173754,0.113786722692263
"41",0.040698666263397,0.0651074445193614,0.111503679049351,0.133844125571432,0.29036149836075,0.35848458623571
"42",0.0927375880383595,0.160437810123958,0.215739910927943,0.0585981477541718,0.251829463773223,0.220657079382344
"43",0.17199457069321,0.279513421433684,0.119933102182859,0.0384985319750782,0.239599783837473,0.150460589877696
"44",0.0121433989480591,0.114980630689387,0.341743446160624,0.109438613297626,0.165975516227437,0.255718394676867
"45",0.0145363660241159,0.208796524161394,0.247362058343885,0.197335297918759,0.101807664505921,0.230162089045926
"46",0.0950992771575556,0.198275292152336,0.158127871928964,0.211580381014186,0.240230118836879,0.0966870589100788
"47",0.0972274416257428,0.276044698609736,0.222728223709657,0.208028472088255,0.0185580122344206,0.177413151732189
"48",0.142655116604451,0.133684526681199,0.158516012321631,0.165586180946977,0.187423701032761,0.212134462412981
"49",0.023352404934127,0.105338940347581,0.38062981813412,0.050779818841523,0.121037490012015,0.318861527730635
"50",0.106013597699626,0.198222747373336,0.187412383890967,0.210434265340057,0.105185450575663,0.192731555120351
"51",0.168368321787131,0.255910197596533,0.0689086211518478,0.27025640403082,0.0436265738898695,0.192929881543798
"52",0.0293639921917484,0.022181803876435,0.178851095859414,0.244028858237955,0.259643952642106,0.265930297192342
"53",0.162022102540626,0.173955375595921,0.0453053507349791,0.0233345562708565,0.308377278884632,0.287005335972986
"54",0.0555921711486848,0.20916118649082,0.15070305092916,0.0559635178311409,0.247345780965846,0.281234292634348
"55",0.101825175249197,0.0605900147276179,0.100237082162327,0.215491189807868,0.198343241200936,0.323513296852055
"56",0.126497249338417,0.0624803391391729,0.192155678710539,0.329204385661751,0.174294786725042,0.115367560425078
"57",0.0895274368325197,0.0821593575894281,0.339487504248745,0.0334741242985291,0.226109183982477,0.229242393048301
"58",0.122279909345718,0.102537359167665,0.36886951563243,0.0246118344794362,0.295160299197691,0.0865410821770588
"59",0.114965999227339,0.311693620267503,0.261547502408991,0.243588442184533,0.0187445164933814,0.0494599194182521
"60",0.0959611038107241,0.152208787661674,0.167527939307626,0.207921300968335,0.267911303523472,0.108469564728169
"61",0.179734540098745,0.112562205738452,0.210323631379161,0.316160065328901,0.0778579619410867,0.103361595513654
"62",0.123243534374934,0.284801452220271,0.00952684912456859,0.190768495007481,0.0597477402727393,0.331911929000006
"63",0.114769800516258,0.150813762584448,0.0691969370354681,0.216884497807861,0.223437425965202,0.224897576090763
"64",0.00375813385289616,0.144061458104609,0.564887883314349,0.275149896302414,0.012142628425732,0
"65",0.0486516248715943,0.220938599321767,0.218718239985875,0.0221870597582013,0.270937400093329,0.218567075969234
"66",0.174477310261063,0.0721427917281881,0.227205715419335,0.210460250236886,0.291024066017928,0.0246898663365998
"67",0.0763943865328016,0.0314499795551826,0.304809254758825,0.219527288602662,0.238143935163978,0.129675155386552
"68",0.089792431734181,0.153801686592171,0.101813495032449,0.248836363853482,0.189167747915923,0.216588274871794
"69",0.0979991121057758,0.307548979829072,0.172095443159942,0.0574166617110469,0.258213096240653,0.10672670695351
"70",0.159745422258754,0.172920621544969,0.298794177261013,0.295012170926762,0.0465444562039068,0.0269831518045952
"71",0.0806520177294865,0.173199466502502,0.218124552368335,0.28569461369812,0.0221327038225341,0.220196645879022
"72",0.16489351734097,0.217127837706249,0.273859401515009,0.0913372310215688,0.183719327702253,0.0690626847139491
"73",0.0494657201699164,0.155683535490613,0.25334252830921,0.0521578984418919,0.229246392244349,0.260103925344019
"74",0.0594728314270237,0.231022721060681,0.149542923063586,0.252446418330884,0.179211186150381,0.128303919967444
"75",0.0251235237664156,0.0656832797864745,0.284730295981298,0.285870849069536,0.333683063894003,0.00490898750227309
"76",0.27636626321985,0.0603359892072844,0.197161206113764,0.190572253671823,0.178152062849065,0.097412224938214
"77",0.193212099631452,0.189846323105042,0.141847230090895,0.312272005254418,0.0637403345144047,0.0990820074037883
"78",0.123368937696934,0.27116757127189,0.0636369827985109,0.176641507794174,0.100842133763887,0.264342866674605
"79",0.0207579973726079,0.202397865585168,0.246905406985229,0.207423299007843,0.120550654989878,0.201964776059274
"80",0.0983906669640433,0.169768671891312,0.187487551298519,0.0846752222422137,0.160927303360054,0.298750584243859
"81",0.0209342036942438,0.272746100468133,0.0150641663801827,0.0539388433612873,0.273435413975138,0.363881272121015
"82",0.0456827552602914,0.199223955831026,0.391873033846499,0.145221999938762,0.0194614329645392,0.198536822158882
"83",0.0184379794271944,0.21611793592061,0.194822631839387,0.331172774638019,0.231463975595509,0.00798470257928064
"84",0.0210365843483563,0.257932367177858,0.059271982063313,0.0962822717805735,0.250389715837018,0.315087078792881
"85",0.0721505564755345,0.485363530023057,0.140332553343025,0.0952083164606173,0.131537989537732,0.075407054160034
"86",0.0905446198614534,0.310460491847422,0.299170974194447,0.127121563628715,0.0754792249786052,0.097223125489357
"87",0.0810254617753209,0.337639631999011,0.102260026921101,0.214134673896026,0.11162687641273,0.15331332899581
"88",0.0440567443708901,0.231948776769905,0.176667996067944,0.175004920609166,0.170509279331977,0.201812282850118
"89",0.0287592572036406,0.158304409992801,0.164779811939468,0.232284765745365,0.13496455273613,0.280907202382595
"90",0.0890528531069165,0.116064777643694,0.1007567470856,0.25919479634365,0.178712889700113,0.256217936120027
"91",0.128391281628805,0.188910340281689,0.257252792197954,0.124865994776467,0.185234986136277,0.115344604978809
"92",0.00371620801106043,0.215882515160672,0.0902391188666133,0.14710077407991,0.204372526352717,0.338688857529026
"93",0.148951875104269,0.070206715289749,0.17464855676199,0.205196085921462,0.151913707087842,0.249083059834687
"94",0.205669343423102,0.148517120800593,0.236172189565493,0.164117115564579,0.181043917988223,0.064480312658009
"95",0.118175852008626,0.108647070200688,0.247601979485674,0.171297063598178,0.199978112421468,0.154299922285365
"96",0.130994421305146,0.0621551024681243,0.220774609969007,0.230777031066352,0.169009697162526,0.186289138028845
"97",0.178766918572926,0.0532334787676642,0.338048895631817,0.115945399111075,0.252636214524829,0.0613690933916887
"98",0.0584928755186904,0.219255126337817,0.29913602331578,0.0174817842749902,0.114747610614083,0.29088657993864
"99",0.0991017892482633,0.0944888056824562,0.310845609579361,0.0928617095090747,0.253063029033505,0.14963905694734
"100",0.045441918788975,0.12833027745963,0.243432657606198,0.274531915739433,0.0774075672960008,0.230855663109763
"101",0.0682535992013543,0.118200293158959,0.25672199508718,0.0893999303836388,0.194866941523731,0.272557240645137
"102",0.0748824527778943,0.296748226713926,0.0545633502031961,0.132719398417913,0.159993516822903,0.281093055064167
"103",0.0584721169922805,0.146642535300441,0.259555241945371,0.179542241340117,0.32994153540513,0.0258463290166612
"104",0.141895213358419,0.0981174204672811,0.279790374365123,0.18700765050624,0.129668488261156,0.163520853041782
"105",0.134334410225947,0.271593175011532,0.160485887257725,0.0289063963464511,0.231461525815617,0.173218605342728
"106",0.0430382308131772,0.376832841391901,0.105352792014444,0.0187069111645083,0.256952760626752,0.199116463989218
"107",0.0616792764696686,0.283590222781331,0.170081570517941,0.237519638308421,0.0418986222631023,0.205230669659536
"108",0.0171836840927411,0.325256714518661,0.091269016033352,0.272002152389669,0.18497764848183,0.109310784483747
"109",0.171274011987802,0.279763262195046,0.108117444474232,0.108024097061133,0.079729507947363,0.253091676334423
"110",0.0197935136090109,0.226314833613123,0.136476961742138,0.145484199231209,0.0962723722817911,0.375658119522728
"111",0.227073998975964,0.212575098659811,0.211723555661959,0.186561753772826,0.0549914160808535,0.107074176848585
"112",0.17003671966971,0.154437272098451,0.100975734564766,0.285443523371488,0.182390739125287,0.106716011170298
"113",0.177431907900619,0.167843418697491,0.271418007550806,0.166276632066903,0.0947818711410393,0.122248162643142
"114",0.182733697623088,0.329277303541797,0.067447287734852,0.119489016721002,0.0731529785760039,0.227899715803256
"115",0.0699313368466871,0.268963808263504,0.219620748787662,0.21554485729853,0.152257189032393,0.0736820597712245
"116",0.199829637643121,0.222291751347796,0.0773747132464329,0.089169477058169,0.26215474229456,0.149179678409921
"117",0.152231578683785,0.193369757047323,0.303090448244146,0.0677054856024476,0.205045923689742,0.0785568067325561
"118",0.108169321996574,0.0374446164818035,0.447688396282333,0.0769092787199437,0.138011035200762,0.191777351318584
"119",0.103768511549941,0.148013112425774,0.104016703343584,0.264653323350794,0.238562600417504,0.140985748912402
"120",0.0437506738705487,0.166911869181642,0.293899242051319,0.12874012975449,0.211455342833062,0.155242742308938
"121",0.0506818890749468,0.0455288507432825,0.11640024482082,0.143550862720346,0.18678043229863,0.457057720341974
"122",0.0426720213068883,0.0426958638116521,0.31254515471111,0.260807790122024,0.210300999534803,0.130978170513524
"123",0.0961745999724133,0.143394770498065,0.361185509038526,0.057474109910775,0.119019772745524,0.222751237834697
"124",0.143307082895249,0.176970218792122,0.266732553998435,0.257870015990042,0.131338021275238,0.0237821070489138
"125",0.0927171010474847,0.20563472754464,0.109205421857557,0.16907799616612,0.1380988701653,0.285265883218898
"126",0.156694793443477,0.0537995272816558,0.092939124889738,0.234886887375519,0.174532706996055,0.287146960013555
"127",0.0921175580057146,0.306216362880992,0.166589416301795,0.0648514860924873,0.220255710742551,0.14996946597646
"128",0.081897701859182,0.227553644091077,0.25814932079525,0.182733337977974,0.203485804634611,0.046180190641906
"129",0.207438456745147,0.0533052030657848,0.314506530798882,0.213066359317611,0.0248969493446233,0.186786500727951
"130",0.118835840329154,0.0730949627153285,0.250816307922698,0.231570730427377,0.178113796813431,0.147568361792011
"131",0.123052300984638,0.258130050988462,0.0303578071414684,0.184469453985698,0.0551262642432716,0.348864122656462
"132",0.0693529919421369,0.034806340743727,0.328799025350681,0.155424081135274,0.241772356382937,0.169845204445244
"133",0.189936027127496,0.0970300436944794,0.0677390798083226,0.288905939294399,0.152654543376717,0.203734366698586
"134",0.176854170318711,0.0843609462612334,0.258155877924856,0.0307971606024457,0.251715085521829,0.198116759370924
"135",0.159802985891687,0.177601910677991,0.288423773857887,0.124815715815387,0.178378257332437,0.0709773564246104
"136",0.0366783431990904,0.125157671519089,0.345987022789241,0.196937428932003,0.127545939065265,0.167693594495312
"137",0.109128311883583,0.16216731036833,0.161688843857527,0.431016941770853,0.125300897702956,0.0106976944167517
"138",0.0509791576793431,0.157341200332997,0.357314274791863,0.284929390842852,0.149435976352945,0
"139",0.0550897465274984,0.00119114046696855,0.385960339825257,0.140486610193457,0.201069573751534,0.216202589235285
"140",0.129271799089643,0.151696640307759,0.242131104416114,0.139492070041462,0.110765118614449,0.226643267530573
"141",0.131666023313741,0.314103298426395,0.120303327475266,0.227357634363685,0.180639104028614,0.0259306123922991
"142",0.130713212238559,0.152652817127215,0.304272570342033,0.234872310206298,0.161610198663878,0.0158788914220165
"143",0.17253803239274,0.299812612335541,0.0306084797674401,0.196247497308787,0.0731996202123726,0.227593757983118
"144",0.1476128564848,0.195321790191075,0.171259773604682,0.121819373543718,0.192606854260055,0.17137935191567
"145",0.0564161632391628,0.017788861518177,0.300308130360381,0.172685011108624,0.234572903498758,0.218228930274897
"146",0.152608316311463,0.0702985409486811,0.314322596374934,0.153717292819172,0.149959437910466,0.159093815635283
"147",0.047092503871072,0.286663396401647,0.07508780095076,0.19159881031818,0.251296275856541,0.1482612126018
"148",0.0908414348744889,0.0886893550650681,0.161606984303219,0.238721463666674,0.282563074754285,0.137577687336265
"149",0.0900033076845146,0.228179335112876,0.271268772403756,0.0473608304926233,0.158708859548273,0.204478894757958
"150",0.0407684566769239,0.0942227932656166,0.233939405309348,0.233170662429497,0.199591555543267,0.198307126775348
"151",0.0873574312689644,0.130137504268196,0.278758148108437,0.275448598233218,0.0806158900572612,0.147682428063923
"152",0.0990849091661253,0.316556038285519,0.117548781700061,0.336234661829832,0.0373144949712436,0.0932611140472188
"153",0.030849886070731,0.357108989883984,0.205839298095411,0.164355312214269,0.182863800943651,0.0589827127919536
"154",0.0949946452701377,0.11479830005111,0.204465313651324,0.188302418561456,0.217952530859531,0.17948679160644
"155",0.0291451377290972,0.198516924086535,0.227898400528889,0.29058013672729,0.204142489106151,0.0497169118220374
"156",0.043529601800535,0.252216532237282,0.297295281796824,0.206207295147144,0.0989188507004359,0.101832438317779
"157",0.0178234726441497,0.29158355334409,0.312750763247315,0.139931988198394,0.0781001829906274,0.159810039575423
"158",0.211341501959964,0.36220545703859,0.232029554393445,0.136048999622047,0.0327038841406745,0.02567060284528
"159",0.195047519121063,0.035635836973234,0.191461070884018,0.0810832458501945,0.138344937814662,0.358427389356828
"160",0.161249041471926,0.214592530971967,0.0499293062746589,0.173972141057838,0.13863876370627,0.26161821651734
"161",0.0817881376682385,0.148125603601211,0.234678781993649,0.177982138535834,0.156646316612464,0.200779021588603
"162",0.121741066841672,0.249966622903801,0.303613182825576,0.0637455039192182,0.212771293032326,0.0481623304774064
"163",0.181978010434352,0.0375364523833356,0.123699838754296,0.235367811524896,0.186325343202204,0.235092543700917
"164",0.017595740423293,0.280197617041208,0.0470999652649943,0.101434083007408,0.330076306515298,0.223596287747799
"165",0.0818643288722218,0.124686442499876,0.0649469394224802,0.109405564963345,0.228024379265262,0.391072344976815
"166",0.097752766766892,0.148711947791438,0.222424565609113,0.157007625929291,0.124151020909788,0.249952072993478
"167",0.142348808610485,0.111606791583212,0.38237547677454,0.106822404192627,0.0302403473112532,0.226606171527882
"168",0.164245034734738,0.215177445628184,0.139513713112366,0.0187647400641812,0.210537347348115,0.251761719112416
"169",0.132380638475235,0.22305730303099,0.0326691452770062,0.220465708417837,0.19703197938155,0.194395225417382
"170",0.177477969992771,0.257064789384777,0.219792232065749,0.0696485974129104,0.193770796163406,0.0822456149803868
"171",0.0331543386454795,0.0202931173739167,0.218096807780125,0.191149433550365,0.158884374792069,0.378421927858045
"172",0.0324689235277008,0.147981082180014,0.188364360747551,0.0846980078638137,0.31143703546484,0.235050590216082
"173",0.15865362330043,0.26993065035607,0.250468717656835,0.250999071479539,0.0431250325286417,0.0268229046784843
"174",0.0979489028055332,0.0723613004347609,0.207556277330028,0.246647797806075,0.350330135486071,0.0251555861375323
"175",0.164379947506414,0.201439678478197,0.0535120334056158,0.0296871007907475,0.149899321325809,0.401081918493217
"176",0.0865785631354265,0.284859080590063,0.177119724907765,0.118038083258785,0.174491892707736,0.158912655400224
"177",0.0537924072229209,0.0422838217177984,0.551112077442504,0.158556141200921,0.120187829193086,0.0740677232227692
"178",0.143760216954108,0.056726687482217,0.254685188215368,0.213285212279434,0.300606189380954,0.0309365056879184
"179",0.0805003368639285,0.160873675096027,0.240893560957198,0.173091540292033,0.119802709026091,0.224838177764722
"180",0.084662539083193,0.223449834323205,0.236307040435191,0.176067855984354,0.0919250242564774,0.187587705917579
"181",0.186905176403684,0.165918195116312,0.281708483391972,0.03918212208746,0.105498988107306,0.220787034893266
"182",0.0479608787418892,0.14849307121242,0.306930700113997,0.0396580557178332,0.196259392908216,0.260697901305645
"183",0.161734744816259,0.168683738145981,0.0704662329429823,0.276948205672026,0.0366034616942574,0.285563616728494
"184",0.0379089785487679,0.308485292991721,0.038731797420534,0.260699507409982,0.346799077435183,0.00737534619381175
"185",0.0935921686757553,0.0742372430433952,0.235541541355189,0.136843002610911,0.247212716384163,0.212573327930586
"186",0.100178937216931,0.169484070393547,0.0635800148199255,0.166654400721767,0.16562401360925,0.334478563238579
"187",0.0858055752449642,0.0597772118867605,0.0714036136007913,0.274837706524352,0.180471547041005,0.327704345702127
"188",0.0249751104901009,0.357355156184876,0.0488309436321306,0.203586057179261,0.0112326179159647,0.354020114597668
"189",0.0747088771838075,0.199607479774195,0.178852595820034,0.0661545437583642,0.27007984227084,0.21059666119276
"190",0.0116952790219186,0.193041378276339,0.0330169019869353,0.345735311841552,0.0924910667002956,0.324020062172959
"191",0.000357482700468783,2.92019623019332e-20,0.30111875996393,0.133911549906323,0.0661290346770848,0.498483172752194
"192",0.296268492451505,0.120015398213541,0.175953017877826,0.29432141671801,0.0577472379838722,0.0556944367552459
"193",0.00214848540961354,0.180684859093157,0.305930124317559,0.286548101976105,0.0912792027639613,0.133409226439604
"194",0.0932812217376373,0.0482003693449693,0.326259164147785,0.292916758677667,0.120033356665619,0.119309129426321
"195",0.114760515879033,0.19334560891213,0.0162881399744358,0.255399212910574,0.195947421322386,0.224259101001441
"196",0.18528094373149,0.148348790180217,0.0588899246270241,0.249861216331916,0.0406878427584961,0.316931282370857
"197",0.146617235602649,0.172400513597531,0.216597939172734,0.209217393085803,0.0222359705681767,0.232930947973106
"198",0.0431512315408328,0.256446058242982,0.196519180777419,0.226440733206136,0.0269554226445258,0.250487373588104
"199",0.171584814779506,0.0298394484214824,0.0807536476940901,0.371965846891739,0.133211886114254,0.212644356098929
"200",0.185943378545087,0.142653340364729,0.266232707982814,0.27884092368366,0.0795644157543577,0.0467652336693521
"201",0.132822360981253,0.222575348738072,0.027603080528829,0.175237367891198,0.198140525896716,0.243621315963933
"202",0.143492916195406,0.235118346346614,0.106040125641043,0.0119593001830349,0.0182757607599056,0.485113550873997
"203",0.228839737950636,0.171395755596849,0.236998001850318,0.250735928539605,0.0968896023463045,0.0151409737162873
"204",0.139733002730732,0.0741502156372398,0.205793788664939,0.127161373262644,0.0959329072222668,0.357228712482178
"205",0.157148210460525,0.271416753955198,0.100892910027019,0.0179509270541059,0.14521087487968,0.307380323623473
"206",0.0967977232412382,0.181768514516542,0.300919504067183,0.0473362198979684,0.2049628209902,0.168215217286869
"207",0.081149085207672,0.121193749865947,0.317101307304655,0.264469981875845,0.106395250353654,0.109690625392227
"208",0.16384080745648,0.286635910727172,0.266434742191049,0.0455462909346033,0.191930462317358,0.0456117863733385
"209",0.0864669329664454,0.305017991783529,0.185207104985672,0.2529457531213,0.0672852878544784,0.103076929288575
"210",0.133332264204608,0.242586303219711,0.194777424960175,0.097154359255189,0.0907535433963841,0.241396104963933
"211",0.147139736808871,0.0426402465377634,0.276830196651174,0.0681516951316397,0.254889707936505,0.210348416934047
"212",0.177704409175561,0.107709746544132,0.380246532335576,0.156347477428614,0.148318289185237,0.0296735453308798
"213",0.0652458271152273,0.191052745364149,0.0972986130264413,0.134953560629714,0.317704209132333,0.193745044732136
"214",0.0532718702603593,0.0297677313207777,0.134198825533787,0.214718834170046,0.300181035350003,0.267861703365028
"215",0.0686805124681878,0.10761830766595,0.0638219312106038,0.277233017616214,0.253620943082518,0.229025287956527
"216",0.0145784677715823,0.34704239078881,0.116324440057899,0.265797356180167,0.127328339268561,0.12892900593298
"217",0.169138905754095,0.202590058962725,0.170389330324311,0.224270046697827,0.228244573183128,0.00536708507791347
"218",0.117056303751023,0.0972910369165226,0.215192279248848,0.304060638434,0.0326017951129332,0.233797946536673
"219",0.139897616023802,0.0810328336254162,0.164963352595341,0.260342303286893,0.327762690907379,0.0260012035611692
"220",0.137413506502965,0.459598069902764,0.184829780418497,0.0914028462371675,0.0629814731343075,0.0637743238042986
"221",0.111059829175452,0.264308276025979,0.225349504403109,0.0804810801579703,0.292875286724943,0.0259260235125455
"222",0.116321723028853,0.0959636988789416,0.192920434573117,0.1870389949354,0.14315846641843,0.264596682165258
"223",0.0921754620339271,0.120505306830078,0.294522765332147,0.127488121640866,0.142325138133388,0.222983206029595
"224",0.0993199257867493,0.0488082385329765,0.176795311930542,0.099043216776056,0.210882434202986,0.36515087277069
"225",0.033890191814759,0.203772715932114,0.202973555150221,0.168282978638607,0.225979369066093,0.165101189398206
"226",0.099193327618306,0.198603327510479,0.296219587626895,0.235598915965201,0.167215570885296,0.00316927039382213
"227",0.0910625921514126,0.144635692380712,0.023436847646063,0.204113241096876,0.281579282871207,0.25517234385373
"228",0.0661845007351428,0.0355616857928132,0.272358370329544,0.288215189875538,0.202173618869677,0.135506634397284
"229",0.0442341195798944,0.0846420958833301,0.254668092804539,0.229438367603151,0.0710515385942922,0.315965785534794
"230",0.1766187818454,0.0160019049343499,0.265913383149062,0.124928750824044,0.109430880673527,0.307106298573617
"231",0.0281100584604555,0.254576414993098,0.112209140586479,0.169822040363727,0.242522063597737,0.192760281998505
"232",0.0554374646193981,0.22770889030295,0.0578852375644897,0.291793858492442,0.265897901981739,0.10127664703898
"233",0,0.293207871302701,0.343628921912823,0.0106591626164652,0.289834630248615,0.0626694139193964
"234",0.139798425505616,0.203382265077431,0.266013952355545,0.165017635545371,0.0737600026849041,0.152027718831134
"235",0.115715809885778,0.0668314106425002,0.29097481682976,0.171009042741918,0.134405557329206,0.221063362570838
"236",0.216788791112359,0.152937276540277,0.187753365390906,0.29307363244297,0.127084602524957,0.0223623319885302
"237",0.121335424430693,0.257603133573081,0.118135128010108,0.261188870761051,0.221665604693293,0.020071838531774
"238",0.0386302437187407,0.238858718194906,0.443834867421211,0.0299004622634026,0.116067244553923,0.132708463847817
"239",0.0851881052408064,0.125086813306884,0.153488046125548,0.258154028675866,0.258774900223444,0.119308106427453
"240",0.208491847773483,0.242289197700552,0.202952249937771,0.228516390933835,0.0529024662034106,0.0648478474509484
"241",0.0876292821153406,0.328357979743012,0.0635741701103941,0.24640380390781,0.0538310385666451,0.220203725556798
"242",0.194331859358364,0.142966786795513,0.138135360278592,0.247252298689955,0.257177495128175,0.0201361997494012
"243",0.0334793603441692,0.233795795809192,0.196082026419303,0.233738054456764,0.13948184064906,0.163422922321512
"244",0.0698389016101542,0.0636094410060023,0.174346488812097,0.215616243673115,0.167870322330504,0.308718602568128
"245",0.151199562515148,0.141052117678381,0.340840364429336,0.1316583568711,0.0965251326524875,0.138724465853547
"246",0.0104981618720717,0.163426964216477,0.330892320462508,0.329593280042784,0.121258002516539,0.0443312708896202
"247",0.0943025560428989,0.113465584403822,0.212363203928427,0.205925842371723,0.153176287065834,0.220766526187295
"248",0.0986739532280344,0.259369404296362,0.171010816556992,0.0605573752257092,0.216545971973821,0.193842478719081
"249",0.195878123585365,0.170658184064048,0.257061673154053,0.138576328968506,0.104026093997232,0.133799596230796
"250",0.0476420964451775,0.23793522232767,0.375764426044326,0.104440743464812,0.132565453459378,0.101652058258636
"251",0.198190245900494,0.129534412715401,0.267195395798833,0.283331969529,0.111260390150605,0.0104875859056677
"252",0.159043256460301,0.157227197932613,0.117543864261414,0.0623591302855213,0.17304508306384,0.330781467996311
"253",0.026277325258309,0.308386447529495,0.115892649907448,0.0875187709830885,0.22504903148603,0.23687577483563
"254",0.106543320659387,0.0526913609366428,0.205378330165423,0.207158797371653,0.212334464327689,0.215893726539206
"255",0.0905484513736169,0.314918581080573,0.349677176091351,0.0774710406886953,0.152227529667634,0.0151572210981297
"256",0.0399223282125704,0.0575261202320327,0.231490716192306,0.166401491297709,0.252625283725927,0.252034060339455
"257",0.00991846335784809,0.137282945879402,0.391777048683367,0.153161257622939,0.0124066434079097,0.295453641048534
"258",0.23993716335609,0.190554937668739,0.0929497056922624,0.105801064816911,0.223752983267325,0.147004145198672
"259",0.150342178389825,0.0603813133919907,0.0411508341839708,0.316255851851688,0.0448172720437858,0.38705255013874
"260",0.0186825914903128,0.176161837248903,0.0862018646026085,0.173791342279938,0.317195099373256,0.227967265004981
"261",0.0822566142163848,0.199278732100468,0.0505433896193436,0.259576102074141,0.106140753416784,0.302204408572878
"262",0.192194083180011,0.189461795381347,0.233644850170008,0.0485961176919139,0.0170784893854011,0.319024664191319
"263",0.0466962205390317,0.0488801552803085,0.0657478321855789,0.427452153333928,0.317697452338463,0.0935261863226895
"264",0.109895978491299,0.046032528691833,0.310255703240376,0.246763584181295,0.0230246103782546,0.264027595016942
"265",0.167394320971828,0.288810077270627,0.105229582082687,0.127887538787697,0.231581163040438,0.0790973178467221
"266",0.122564144801894,0.0873055803451115,0.331544237858434,0.135185875411366,0.198521952425141,0.124878209158054
"267",0.114045068009752,0.0621260463849042,0.155746890659186,0.213658304060472,0.200292202537345,0.254131488348342
"268",0.0192978725712078,0.287328033264551,0.256459827138375,0.204306578848403,0.159852390289193,0.0727552978882703
"269",0.0845296725447118,0.241452845706648,0.124708211621274,0.239785433884427,0.228054995015381,0.0814688412275587
"270",0.16495144376448,0.0376733636721345,0.0425956032845763,0.250993684562413,0.222199205018164,0.281586699698233
"271",0.0381868967030363,0.297909312416923,0.190095388750435,0.232884419185794,0.0369662610435738,0.203957721900238
"272",0.104669599532468,0.14321178008948,0.24622352988017,0.203917562231394,0.171437822394978,0.130539705871511
"273",0.132381052203599,0.196673632127599,0.146825655865792,0.190389163126052,0.194227866490944,0.139502630186014
"274",0.114733237839073,0.118098193260377,0.195410821791526,0.217339498888215,0.239186507906257,0.115231740314551
"275",0.19892628045264,0.0757618054959656,0.384813623652209,0.074325323932955,0.0806082912708902,0.18556467519534
"276",0.0835040857491197,0.250883866941848,0.212429192234312,0.145840297867788,0.0103105703640903,0.297031986842842
"277",0.117666071517763,0.283061993459908,0.241488842126874,0.254857412362874,0.0577661799522402,0.0451595005803403
"278",0.0669077231641756,0.277284601788626,0.386612975038232,0.1954788265233,0.0387117980054503,0.0350040754802158
"279",0.321469387396209,0.214172520892429,0.277324940808723,0.0406845699570785,0.0726218222882986,0.0737267586572626
"280",0.0723992523692761,0.0577947882275755,0.20801443739539,0.267819849858389,0.207530341783392,0.186441330365977
"281",0.00440611341527434,0.0867803968842377,0.115686862623823,0.173452615979938,0.180601778747689,0.439072232349037
"282",0.175006666254399,0.0189819963480521,0.154827630283204,0.157777769309697,0.311376733909458,0.18202920389519
"283",0.0664982812144459,0.0976147828640067,0.297519074562838,0.145386289248967,0.0846479516626448,0.308333620447097
"284",0.13579810386373,0.0244126055313017,0.228662350032964,0.179880858250747,0.104997425639806,0.326248656681451
"285",0.0894961893155858,0.190780458537144,0.0982270692647918,0.178964199034437,0.276076898548826,0.166455185299215
"286",0.163875102715851,0.0871208126733022,0.274512210781074,0.0237334628274481,0.172025927443773,0.278732483558552
"287",0.0444148816572395,0.0379632370154104,0.726729817749889,0.137879256491732,0.0371405429105193,0.0158722641752091
"288",0.03039290238256,0.121910484734948,0.216723501761567,0.240044234057202,0.305743479316246,0.0851853977474769
"289",0.0499320076276415,0.163973182778852,0.376385202402903,0.295201407965927,0.0418414752273199,0.0726667239973564
"290",0.0893732183151688,0.112984218688792,0.0740812514884543,0.26412874206976,0.182845843056039,0.276586726381787
"291",0.0747905705028166,0.120582310016825,0.288955531012674,0.211077132342061,0.115179477155878,0.189414978969745
"292",0.0743505987686431,0.237993225867335,0.187770882639992,0.138816532976046,0.142108153090911,0.218960606657073
"293",0.105106721772743,0.264087222105541,0.269643374880562,0.158287087690367,0.181919932507935,0.0209556610428525
"294",0.0348662520802707,0.284908958438325,0.362449291170403,0.232816128588377,0,0.0849593697226244
"295",0.0522741768135214,0.0242231468759404,0.270780691505158,0.211233464144588,0.20380209158694,0.237686429073853
"296",0.00861302603985291,0.256045553681526,0.196451859828227,0.259025332930751,0.0700386745553978,0.209825552964245
"297",0.127178352438671,0.184948113875034,0.327662189010208,0.120204197216795,0.185113484006577,0.054893663452715
"298",0.137562692287287,0.238856748376752,0.282572190649978,0.0850637661145654,0.0186400501168909,0.237304552454527
"299",0.0501028883149568,0.0600271324571396,0.396348267322708,0.216613090017704,0.161967956482634,0.114940665404858
"300",0.0762996937767786,0.19847756610803,0.0737897604914316,0.0981766212860039,0.289075274698665,0.26418108363909
"301",0.17987533533838,0.110053872723057,0.112789669247086,0.168091167698027,0.213317689596029,0.215872265397421
"302",0.104064130665563,0.191725934742019,0.280393945999077,0.170443768282172,0.107520051553298,0.145852168757871
"303",0.0970536136382356,0.231956237763287,0.217219020458246,0.114883048740155,0.146736992247346,0.19215108715273
"304",0.00137068017562954,0.352191820087899,0.309796091649009,0.0222952644825885,0.0632428406112636,0.25110330299361
"305",0.112142578520632,0.208512170606133,0.284715748302381,0.10079581036488,0.0291830576113454,0.264650634594629
"306",0.121591702345226,0.00529604136327887,0.0570613012573966,0.177469247263256,0.298075800999509,0.340505906771333
"307",0.133938120893604,0.264070008824386,0.261587810289898,0.118789805420493,0.145150738400127,0.0764635161714927
"308",0.181795863064468,0.0148139110161566,0.236072957142016,0.131589822039981,0.0517450933988056,0.383982353338572
"309",0.00831765206896679,0.106141535876918,0.303097189670821,0.206664639248143,0.180467252315923,0.195311730819227
"310",0.244448620252908,0.143349462592888,0.0934242815218475,0.0718228356400534,0.124063371836365,0.322891428155938
"311",0.0486192843459066,0.241812007438877,0.220245514773203,0.222330985175685,0.0221465733438285,0.244845634922501
"312",0.0852194427824469,0.246103315346285,0.247587452131794,0.0260259918175256,0.254694385704747,0.140369412217201
"313",0.153267027242916,0.222466686850228,0.254804757920219,0.213482144523836,0.116526654191741,0.0394527292710605
"314",0.0953121491994783,0.03620663994023,0.0368988977749683,0.0564884481540855,0.334750326154347,0.44034353877689
"315",0.236779103749358,0.146154091702579,0.0956925612841933,0.198396044846353,0.246900878018388,0.0760773203991287
"316",0.263655193594498,0.14306249085127,0.24828103895905,0.0736780022665907,0.162027185164168,0.109296089164424
"317",0.173387089347075,0.0755340998408064,0.139948882993439,0.186407722385579,0.165935351397264,0.258786854035837
"318",0.0434121350672287,0.303596576429912,0.248356159305142,0.144618738450053,0.198407247532645,0.0616091432150201
"319",0.204019680575221,0.0684591872882065,0.408282313205463,0.0382070009423925,0.205700603366669,0.075331214622049
"320",0.179982215084834,0.158478889136662,0.231149283569063,0.225880765349776,0.138183169170687,0.0663256776889775
"321",0.196338244004303,0.0691624214638469,0.0694768990416242,0.231059315658494,0.339719412252919,0.0942437075788122
"322",0.108987110909063,0.0210530430407649,0.0423389331226812,0.255457912419613,0.262458171910604,0.309704828597274
"323",0.0396057677865815,0.202669829455781,0.356058786116907,0.100041464626086,0.0588832418035271,0.242740910211118
"324",0.121785212616625,0.251272205273716,0.246848249683381,0.0256179708835306,0.254568154549502,0.099908206993246
"325",0.171936356620643,0.0724494977741482,0.259151163808066,0.308407915224843,0.0273659088447388,0.16068915772756
"326",0.0958021651748582,0.255567152538271,0.18895072569745,0.125160339758355,0.0521053949551755,0.28241422187589
"327",0.127867728547381,0.27231386311743,0.269952836883497,0.25396599369107,0.0475668366588149,0.0283327411018062
"328",0.0137459396391218,0.20109297186728,0.255739636281186,0.210849130329556,0.118815615607296,0.19975670627556
"329",0.159776228654236,0.0410170665820234,0.312203541804917,0.0629301847620987,0.236635498224232,0.187437479972492
"330",0.143156522118367,0.0921694627557865,0.212389248654736,0.181468507662059,0.21129446269685,0.159521796112201
"331",0.0920296555496643,0.180821501583741,0.216022908789407,0.093332623952006,0.178781917993406,0.239011392131777
"332",0.126735048682007,0.308421246106079,0.179153167536519,0.0192578664524441,0.18368924367413,0.182743427548821
"333",0.141087559556932,0.337529112585907,0.075631683295476,0.192492230368371,0.0624009173512386,0.190858496842075
"334",0.0186155811018664,0.110206942033427,0.142078117238687,0.269684031805976,0.193439407885059,0.265975919934984
"335",0.036806973593941,0.148343714601937,0.279445045570763,0.0984055650365364,0.186764636255356,0.250234064941466
"336",0.189342481615617,0.0590675656314056,0.297941117947763,0.130270711380431,0.17104127470437,0.152336848720413
"337",0.178489613110263,0.141237752428824,0.187426540403773,0.0891680559814227,0.156452734300875,0.247225303774842
"338",0.104951100584856,0.185460887823018,0.211668811109651,0.128829823178643,0.176612592540556,0.192476784763275
"339",0.135094690790421,0.058512438345932,0.307292257380348,0.218907759438565,0.110319802783251,0.169873051261484
"340",0.240018814584586,0.243677896996317,0.142320902180922,0.206526263437751,0.119373623140793,0.0480824996596313
"341",0.0518992223492804,0.186320609584905,0.304844625595291,0.124604285621622,0.310856428256948,0.0214748285919537
"342",0.0300544796869876,0.0382345150131243,0.382267557002153,0.110227424775868,0.185482608539442,0.253733414982425
"343",0.0525340399174355,0.21726093940138,0.204446183109556,0.305509299205279,0.0703814670758269,0.149868071290523
"344",0.0465378069634811,0.0963491038109686,0.264857115591022,0.262176640730415,0.154285832050641,0.175793500853472
"345",0.142700829486415,0.148666400384874,0.13133758099964,0.194973243500292,0.15554283656707,0.226779109061709
"346",0.0896055296442364,0.171639295072391,0.052355682977819,0.226120913047786,0.22934368046496,0.230934898792807
"347",0.0179738189868353,0.275434292445287,0.153856426583875,0.00910470803340069,0.221578781760994,0.322051972189608
