,HS,VA3,VA1,FI2,FI1,IM1,IM2,VA2,AV2,PE2,AV1,AV3,IM4,BA,PE1,IM3
0,0.06092872,0.10623666,0.09712515,0.045848932,0.05996263,0.07241585,0.046615686,0.059864234,0.022825269,0.064866066,0.035926074,0.032105487,0.047317576,0.09309789,0.055554137,0.09930968
1,0.07207474,0.06066026,0.09835341,0.046416778,0.06266492,0.0605748,0.05064988,0.06460271,0.048043545,0.05788276,0.054127555,0.04263064,0.041718856,0.080509834,0.09792026,0.06116906
2,0.06026265,0.04406528,0.029900879,0.085278474,0.06952563,0.09444597,0.061651524,0.029262982,0.034312487,0.07095931,0.058016937,0.07599675,0.052263964,0.09638769,0.06541934,0.07225015
3,0.078526266,0.055126876,0.046676267,0.09932842,0.1120458,0.04196861,0.042616904,0.044067632,0.043316513,0.059090424,0.07546699,0.043602336,0.027120976,0.08277571,0.049306292,0.09896395
4,0.11092287,0.02987364,0.05003648,0.034688134,0.05838655,0.05419528,0.06410367,0.050133202,0.04673614,0.055581715,0.06721292,0.04201168,0.048473317,0.079110734,0.06795142,0.14058223
5,0.074678324,0.093501724,0.08947092,0.04767208,0.08556221,0.062361926,0.06932561,0.041061547,0.0412153,0.040142197,0.040981907,0.034501437,0.073521614,0.044827644,0.054986488,0.106189035
6,0.09926801,0.064306796,0.03361283,0.056314897,0.06444968,0.07940506,0.052883822,0.024903512,0.040852346,0.05191884,0.067684986,0.08292807,0.08414751,0.077006735,0.058951404,0.061365504
7,0.070567876,0.047801662,0.066050306,0.07049398,0.057943355,0.057604164,0.04971694,0.068186454,0.044747178,0.07175108,0.054702494,0.078538865,0.03304453,0.07878659,0.06667922,0.083385326
8,0.08111411,0.07246593,0.04830681,0.06833749,0.10303065,0.06105898,0.06416588,0.035702955,0.03902422,0.06195419,0.03855692,0.048509717,0.078583784,0.05454406,0.07243094,0.072213374
9,0.09964714,0.076150835,0.064300835,0.035261713,0.060091924,0.09504046,0.088060595,0.023881257,0.07276577,0.020217136,0.10468208,0.054059725,0.0919761,0.020841291,0.025828945,0.0671942
10,0.055618793,0.02675774,0.040080518,0.08928132,0.10208919,0.049760085,0.0994147,0.060795028,0.056800187,0.07230857,0.0522425,0.034289587,0.044280108,0.058313865,0.05965084,0.09831699
11,0.08542546,0.023243109,0.038643446,0.04370718,0.03850876,0.08822873,0.091051094,0.059097428,0.07729325,0.08353037,0.078409255,0.050090123,0.053919572,0.034330353,0.05544114,0.09908075
12,0.10564414,0.030894836,0.021972915,0.08983165,0.11047375,0.04723079,0.06800502,0.02891844,0.035120737,0.05998819,0.06904748,0.06060872,0.05422862,0.08685731,0.035977326,0.095200084
13,0.0855636,0.041343898,0.045282517,0.06801658,0.07965269,0.03337614,0.042693485,0.049460974,0.072630346,0.050728824,0.08214924,0.074794136,0.03751893,0.09086999,0.07115335,0.0747653
14,0.10849425,0.06213182,0.085238,0.064581975,0.10900518,0.045750093,0.07788228,0.0605209,0.053175822,0.050520826,0.052486945,0.024958992,0.053877283,0.028704723,0.04069942,0.08197152
15,0.12834737,0.035794538,0.044324327,0.03879473,0.08254679,0.072786994,0.06379453,0.021991206,0.027099252,0.032828137,0.041680675,0.095899254,0.052275177,0.086378306,0.06922125,0.10623745
16,0.09493601,0.047957342,0.043194074,0.046835024,0.059757244,0.07989872,0.07627523,0.040603872,0.044298146,0.063885845,0.062491607,0.048194528,0.09994712,0.06661482,0.068463236,0.05664717
17,0.10062342,0.06864676,0.062233448,0.055776164,0.07717734,0.034415852,0.042217452,0.058454294,0.068170466,0.05082838,0.07699505,0.077368475,0.050506037,0.06953507,0.05295135,0.054100465
18,0.1176463,0.08137988,0.07323122,0.059934884,0.110132046,0.041657943,0.051354695,0.034911122,0.07978514,0.03830782,0.057521325,0.058331627,0.058833122,0.026355458,0.056144577,0.054472897
19,0.074392796,0.06910623,0.07431055,0.038594693,0.05780076,0.08000616,0.08913684,0.03503175,0.06091896,0.022289218,0.07022103,0.089087486,0.09034721,0.041986804,0.039362624,0.06740687
20,0.12130531,0.047090575,0.03844266,0.06500523,0.13320045,0.050846603,0.07470439,0.028431347,0.05139162,0.048321646,0.06625325,0.038006976,0.0769809,0.04442337,0.055833947,0.05976173
21,0.090687014,0.036398795,0.057976678,0.04712178,0.051253777,0.08221289,0.06846827,0.044737753,0.03257614,0.03389404,0.08094805,0.09570929,0.034873787,0.09020364,0.04056177,0.112376355
22,0.11134266,0.058434304,0.06544273,0.042373035,0.06886602,0.07689,0.07931483,0.043907803,0.054338355,0.04865727,0.081448354,0.03336049,0.08380293,0.04536003,0.050746262,0.0557149
23,0.066937216,0.028666623,0.021858543,0.08453655,0.088805586,0.063576944,0.08779939,0.028065994,0.035697788,0.0538537,0.042424127,0.11019159,0.08169082,0.08788217,0.05612257,0.061890412
24,0.10733553,0.055787187,0.027329838,0.0895831,0.061182916,0.059974086,0.035864413,0.03620191,0.051990125,0.10124672,0.095303684,0.07362184,0.038359623,0.058384363,0.04599763,0.06183705
25,0.066312276,0.04544039,0.040969174,0.08041206,0.1028592,0.03883383,0.051883474,0.03519503,0.069697864,0.0503318,0.05231333,0.08800032,0.05270992,0.060532827,0.09405112,0.07045738
26,0.11548158,0.027157435,0.049828887,0.06452036,0.09149537,0.04143273,0.09536334,0.060018685,0.07821066,0.044960257,0.09113007,0.033210333,0.042367127,0.03201875,0.030333467,0.102470934
27,0.106375314,0.037036512,0.03360188,0.057279658,0.101636894,0.046476085,0.04316653,0.025645377,0.044238817,0.06423449,0.046348024,0.06370878,0.049742807,0.09825897,0.13301373,0.04923613
28,0.06391201,0.08737733,0.06336375,0.07062895,0.104395546,0.037205037,0.040136945,0.045271207,0.048995208,0.052018344,0.04810928,0.064778276,0.05698335,0.088226974,0.07956135,0.049036402
29,0.11728678,0.03591921,0.023443827,0.09720149,0.1505587,0.03996274,0.06731012,0.017921269,0.051325053,0.02941749,0.068617575,0.092918545,0.044269666,0.033497658,0.02344802,0.10690186
30,0.041194316,0.020575006,0.05349512,0.12848066,0.08632266,0.0387269,0.10387709,0.096912645,0.080900334,0.042095006,0.07634169,0.05050248,0.01944349,0.03637792,0.02328586,0.10146884
31,0.103735484,0.032910187,0.039449267,0.031773444,0.05009192,0.064822935,0.049158275,0.021200037,0.07753586,0.029348105,0.12985821,0.09407989,0.0550033,0.056901008,0.07680705,0.087325044
32,0.11895073,0.030351594,0.046845835,0.04744797,0.066371374,0.069554225,0.09057041,0.047214907,0.036874417,0.0470771,0.06754265,0.051259637,0.04800942,0.059896175,0.040648073,0.13138548
33,0.14477237,0.049562443,0.067075096,0.058013413,0.06311039,0.034517933,0.037638072,0.09001756,0.06945527,0.06651708,0.1236118,0.039119307,0.022746058,0.04736173,0.027825164,0.058656316
34,0.059154123,0.057304773,0.030349622,0.083624505,0.054588284,0.07383154,0.038096294,0.033612195,0.047562215,0.08322295,0.07254314,0.10526234,0.041530523,0.09883335,0.060941786,0.059542358
35,0.096546926,0.08658749,0.07462443,0.047995213,0.06021327,0.08508111,0.052612454,0.044178426,0.04361319,0.07826791,0.048923682,0.02711005,0.06652507,0.03974567,0.07448006,0.07349506
36,0.15297359,0.043717545,0.0250135,0.06925726,0.12016469,0.050116763,0.041301858,0.01598583,0.027575439,0.04889706,0.03884625,0.079914406,0.0617038,0.07674857,0.08584443,0.061939027
37,0.06705467,0.08064201,0.07544482,0.061156318,0.1055459,0.056582157,0.0782225,0.049880434,0.045358237,0.050509278,0.04589503,0.027161919,0.08647988,0.047102436,0.06326178,0.059702653
38,0.08035582,0.025693526,0.05185568,0.06956496,0.12565444,0.04095011,0.09182352,0.04320659,0.06535739,0.04215296,0.045691658,0.04154211,0.043808844,0.045333993,0.08755281,0.0994556
39,0.12607457,0.102277875,0.07049585,0.035690017,0.06782117,0.085695006,0.03638649,0.021472292,0.032655537,0.044298083,0.050358143,0.04411404,0.060452957,0.05838689,0.087096125,0.07672501
40,0.07156972,0.053302705,0.055769946,0.03297336,0.047187477,0.07621154,0.058380205,0.028898949,0.053392276,0.025787799,0.093609154,0.11111381,0.06809439,0.08901293,0.053948868,0.08074686
41,0.07607846,0.07263014,0.06524491,0.067537785,0.07312972,0.08653772,0.08809916,0.058143225,0.024082845,0.062938854,0.045398865,0.034545388,0.05407754,0.055279985,0.027187183,0.10908816
42,0.083466075,0.0456641,0.03807042,0.08346345,0.08012814,0.025170855,0.032504108,0.06796157,0.07176102,0.07673295,0.11305824,0.064889126,0.026631804,0.09518829,0.039755028,0.055554777
43,0.08907773,0.05650301,0.06514969,0.041806754,0.0609604,0.07186415,0.06684697,0.042371336,0.046196055,0.03417581,0.073324524,0.06991317,0.06274293,0.08452437,0.054435465,0.0801077
44,0.059464302,0.023920795,0.06967198,0.042401355,0.06980283,0.0503531,0.096942246,0.05150345,0.0982404,0.028568402,0.060161065,0.073095486,0.04866593,0.055487085,0.08480596,0.08691562
45,0.0781874,0.032795284,0.06266577,0.053637385,0.17465822,0.034868117,0.09513521,0.04074216,0.026807955,0.022644898,0.029005034,0.040312536,0.05151851,0.11340082,0.06194989,0.08167079
46,0.063148856,0.03173305,0.0444161,0.0662288,0.062323187,0.07640336,0.11260548,0.064980455,0.050642144,0.057248484,0.08707694,0.059088152,0.060320545,0.07173001,0.032232273,0.059822142
47,0.043423463,0.07276595,0.051036403,0.12038491,0.04897308,0.057624977,0.028635964,0.06972315,0.040893275,0.10117475,0.07354948,0.0762113,0.020192908,0.09987992,0.040414844,0.05511558
48,0.100386105,0.019608803,0.04020055,0.08368096,0.07757965,0.026211135,0.0584093,0.08370817,0.07025013,0.04748102,0.09868634,0.10204033,0.017425716,0.048070252,0.020273704,0.10598784
49,0.083632976,0.054117262,0.039263118,0.060606536,0.06974284,0.08413025,0.05886467,0.041470457,0.022586787,0.08757045,0.043305874,0.05497336,0.050210163,0.1067082,0.05109551,0.09172151
50,0.08259133,0.024662433,0.056407545,0.049694497,0.096396424,0.06388673,0.11973539,0.05670926,0.030701945,0.05070894,0.046002384,0.031628538,0.045441914,0.088118486,0.049802694,0.10751148
51,0.099998444,0.047463015,0.042737115,0.08482438,0.16500302,0.0152759785,0.024530517,0.02320213,0.1086094,0.030412385,0.063568525,0.078635305,0.027864575,0.03922839,0.109761514,0.038885336
52,0.1494667,0.060373146,0.096970536,0.027852004,0.048098847,0.038813453,0.033039827,0.07298559,0.042338293,0.041006047,0.08468458,0.063067764,0.03226438,0.10341992,0.043307547,0.06231141
53,0.07315586,0.022418663,0.05347608,0.020179098,0.029326096,0.07971725,0.07290664,0.05556464,0.055593792,0.046415012,0.093526386,0.044435155,0.06539703,0.118853755,0.082654394,0.086380176
54,0.118473284,0.050651807,0.031804822,0.063423604,0.05839486,0.0864909,0.06650236,0.03107336,0.04643096,0.060215384,0.10099033,0.07236756,0.06408437,0.049521804,0.03197399,0.067600615
55,0.07098954,0.056776967,0.04077385,0.06942042,0.10569496,0.051960867,0.06592519,0.024644457,0.06528599,0.03293011,0.059720635,0.08556268,0.076211415,0.05364732,0.06545622,0.074999355
56,0.10503757,0.04817365,0.068948604,0.052772928,0.115588546,0.03918158,0.062923215,0.03607433,0.06909236,0.02895677,0.05636372,0.063874125,0.06072675,0.05423187,0.08964198,0.04841199
57,0.081891246,0.054290902,0.039765432,0.038789567,0.038283013,0.1468125,0.07491825,0.030771287,0.06640169,0.0761631,0.095033884,0.05283435,0.080578245,0.027462507,0.0495299,0.046474118
58,0.07357865,0.062196027,0.076753296,0.03604011,0.06639335,0.08850651,0.079007216,0.041034058,0.024591222,0.041202705,0.038483907,0.04239877,0.07493169,0.098621465,0.06804814,0.088212825
59,0.0955211,0.06147027,0.07795199,0.049588665,0.08857948,0.06854432,0.08065898,0.046997517,0.04788774,0.053434152,0.043445442,0.03164481,0.065368555,0.03578678,0.070934325,0.08218584
60,0.08497376,0.066302545,0.08595123,0.0672523,0.085399784,0.058452208,0.075119846,0.05716303,0.06513819,0.03596397,0.0793771,0.046936005,0.04163213,0.031120291,0.032447655,0.086769946
61,0.08151839,0.044021662,0.040174954,0.07977045,0.096032165,0.062180627,0.078617476,0.035115886,0.06072099,0.056160074,0.054978877,0.069720216,0.06117999,0.044562843,0.06262532,0.07262012
62,0.093355455,0.0189039,0.035233106,0.044270325,0.06419946,0.07742496,0.10253045,0.03312212,0.04927628,0.036243808,0.07230846,0.07827351,0.055294365,0.082621254,0.0609341,0.09600844
63,0.092950135,0.06544416,0.068822354,0.05457255,0.08959177,0.061057802,0.06985132,0.046473596,0.055126023,0.049950838,0.060656697,0.039836567,0.06796252,0.05524816,0.0648448,0.05761077
64,0.051751297,0.03887782,0.035876065,0.060704205,0.040967155,0.070188165,0.06913266,0.06794437,0.061982293,0.08485594,0.07818641,0.08087171,0.063676156,0.07591906,0.045012575,0.07405415
65,0.1262902,0.024203258,0.036023315,0.07972503,0.059281707,0.048424672,0.05993022,0.05983329,0.05423649,0.050378513,0.11207456,0.0908269,0.022742344,0.050005388,0.022841705,0.1031824
66,0.03727759,0.06536067,0.11886421,0.09453958,0.11998278,0.037439015,0.07672376,0.07854652,0.06548712,0.04084265,0.02747873,0.031361178,0.04359689,0.031071695,0.086063825,0.045363832
67,0.093812086,0.060928132,0.07472077,0.049779277,0.11985144,0.040408302,0.0742661,0.04491466,0.07845708,0.040172268,0.071481675,0.028945478,0.067382686,0.03357405,0.056752313,0.06455367
68,0.075232856,0.031707074,0.033392813,0.056259066,0.046843123,0.059262406,0.04914153,0.051406205,0.047676653,0.05608432,0.11998516,0.08147143,0.027037947,0.10958453,0.029177139,0.12573777
69,0.08191411,0.076467894,0.030378679,0.09342739,0.075087234,0.029546836,0.022822453,0.049918536,0.04716307,0.12158995,0.06063121,0.08148421,0.038844977,0.08691936,0.053354844,0.05044927
70,0.13835888,0.043240633,0.038134888,0.048753753,0.057581615,0.07006436,0.051961664,0.03707957,0.04331686,0.06459973,0.083991684,0.0670055,0.049220975,0.06679822,0.05081762,0.089074075
71,0.08783569,0.037722174,0.06488454,0.030805381,0.06746398,0.08018932,0.13212998,0.057644624,0.032138318,0.05290595,0.03823976,0.03177872,0.1001508,0.054655746,0.054734964,0.07672006
72,0.12114509,0.042220116,0.03441966,0.06338518,0.11506795,0.04155014,0.04088242,0.02938866,0.033225324,0.06846217,0.049684823,0.051434707,0.039771866,0.099804915,0.07712249,0.09243447
73,0.09714693,0.10982055,0.06335375,0.085652806,0.11078157,0.034281254,0.029973844,0.043631464,0.04564005,0.063627236,0.041372746,0.053797245,0.04506762,0.054614957,0.07180906,0.0494289
74,0.066876,0.07121888,0.051022742,0.07435156,0.09353957,0.07657665,0.0811984,0.038565103,0.04358074,0.074401446,0.039498754,0.03140164,0.09031051,0.036378145,0.069082014,0.06199783
75,0.093054146,0.025243366,0.027626676,0.055845916,0.054096937,0.07803295,0.083916724,0.036904685,0.057159092,0.063682,0.08164209,0.06189466,0.057713825,0.057666015,0.055607904,0.109913014
76,0.09856012,0.059249207,0.062130895,0.06346339,0.059745684,0.074581265,0.067762904,0.07317268,0.04986648,0.07456202,0.09234869,0.043390874,0.039054338,0.039133105,0.026257992,0.07672038
77,0.07968951,0.09554475,0.11583667,0.029121578,0.055446524,0.03516335,0.037485067,0.063263655,0.06846422,0.032029677,0.067020915,0.063963614,0.05460687,0.080258444,0.061418485,0.06068666
78,0.10434484,0.022883398,0.028528614,0.03753968,0.06225382,0.060343374,0.08040685,0.03343581,0.0489157,0.047810674,0.08060155,0.06528345,0.07149554,0.093331374,0.059078693,0.10374659
79,0.05432418,0.061976116,0.027538275,0.122310944,0.08398214,0.055645768,0.0466864,0.036300223,0.05562514,0.08304339,0.07049016,0.07348287,0.044645775,0.068036,0.044334907,0.07157778
80,0.082125865,0.062973745,0.032867156,0.084486134,0.10813529,0.05791825,0.039490018,0.025341602,0.045299977,0.10267115,0.047049772,0.03514788,0.04876125,0.04756761,0.10776931,0.072394945
81,0.058876436,0.06860182,0.06036375,0.11377931,0.15624619,0.032766078,0.044618085,0.043371577,0.04743864,0.05701698,0.035574436,0.04206489,0.036284436,0.056724194,0.084245674,0.06202747
82,0.07827253,0.04020292,0.041690305,0.037135344,0.04340932,0.077868454,0.05109216,0.02903162,0.07031778,0.045109306,0.090912975,0.07278105,0.06268932,0.069736145,0.09328238,0.09646839
83,0.09212464,0.08154469,0.08737352,0.03889965,0.060347855,0.048574626,0.042371552,0.047635984,0.118263714,0.0555705,0.06500711,0.04040468,0.06098384,0.022288704,0.10151813,0.03709084
84,0.09348952,0.054730523,0.0866566,0.030495888,0.060185473,0.07939643,0.0671744,0.04267806,0.03634287,0.037606567,0.06845337,0.03622607,0.05455568,0.08088267,0.061269984,0.10985588
85,0.083392374,0.023577766,0.037287924,0.079789005,0.09606264,0.045299057,0.105888344,0.054906454,0.0553848,0.043813128,0.09731396,0.039024767,0.041819315,0.067823075,0.026084738,0.10253265
86,0.061779667,0.09930482,0.08220047,0.062761,0.0543173,0.0717239,0.053770993,0.065502524,0.03778021,0.054460064,0.06894059,0.06434695,0.0417165,0.071412265,0.028242504,0.08174024
87,0.11371415,0.028789831,0.043222863,0.04695207,0.061412584,0.07453129,0.09419054,0.04951762,0.048354287,0.06907498,0.05754264,0.051003065,0.074176274,0.054312896,0.068024606,0.065180264
88,0.068165936,0.036444858,0.049464583,0.06690221,0.11388373,0.082921885,0.14462595,0.027316933,0.026482292,0.021341704,0.038343966,0.05203377,0.05588763,0.04796803,0.03135219,0.13686441
89,0.10861043,0.044695273,0.053545672,0.052246626,0.059092384,0.03859033,0.037453126,0.067883916,0.07416741,0.0895021,0.080596864,0.06894447,0.032182995,0.0591535,0.06389059,0.06944428
90,0.07418863,0.04935905,0.07180036,0.06753095,0.08368749,0.052280266,0.060437396,0.06464928,0.04672567,0.07499766,0.047094796,0.03441156,0.03447406,0.05067739,0.07252603,0.11515939
91,0.06346651,0.049530935,0.063241124,0.06573841,0.061943382,0.05780707,0.059350684,0.078780316,0.04860161,0.05924134,0.0999274,0.05414472,0.033656936,0.09514984,0.034798715,0.07462102
92,0.072154365,0.034099195,0.05156855,0.055666942,0.0724867,0.047091525,0.077992976,0.057816118,0.086436875,0.05471787,0.077076726,0.053373516,0.06527565,0.06540608,0.0768621,0.051974814
93,0.07547865,0.05413023,0.028367864,0.097571515,0.0822977,0.078734525,0.060185168,0.024575755,0.04290401,0.04461148,0.088999815,0.10119156,0.04739355,0.07052347,0.031595528,0.07143918
94,0.07407152,0.05906275,0.047030162,0.08607327,0.10158416,0.0413473,0.04345295,0.040563215,0.04785401,0.055918455,0.06193483,0.068005785,0.032996472,0.07850256,0.05331624,0.10828634
95,0.091834635,0.03740781,0.06049268,0.072211094,0.13040014,0.036580738,0.09537464,0.05335485,0.08593035,0.034026857,0.08717298,0.032696564,0.043237984,0.026910437,0.032432467,0.079935744
96,0.10312036,0.06815967,0.055023286,0.062012237,0.09101836,0.04514283,0.04796548,0.045051407,0.043052625,0.058883984,0.044341225,0.078424364,0.0653714,0.066505976,0.070812106,0.055114686
97,0.07050938,0.057336926,0.043816555,0.09432772,0.08631066,0.06652832,0.10617578,0.05589132,0.041552346,0.060759336,0.049455002,0.056116953,0.08788381,0.03776938,0.02828733,0.05727912
98,0.13204414,0.09863785,0.0729923,0.04578431,0.11389148,0.028982267,0.02253536,0.025956914,0.031588882,0.025965095,0.057141367,0.062578075,0.028859705,0.11294951,0.0494771,0.09061564
99,0.14605427,0.04455613,0.062494542,0.040936172,0.15252407,0.028909625,0.038344458,0.025497183,0.028798675,0.03261276,0.03170763,0.045505624,0.03259496,0.07981614,0.07966212,0.12998562
100,0.053819776,0.05388379,0.057193518,0.07762671,0.1089575,0.03711332,0.06451166,0.044437557,0.11294025,0.04420316,0.064768024,0.05378161,0.06411106,0.044450533,0.086019374,0.0321822
101,0.0663471,0.075578384,0.10364568,0.07140476,0.106559925,0.020541815,0.034454823,0.08937753,0.08409629,0.054269146,0.06369195,0.032964807,0.028105779,0.0625884,0.06388574,0.0424879
102,0.082319744,0.025029726,0.04735641,0.04656835,0.08808289,0.06010607,0.09307324,0.041568343,0.054189276,0.051867995,0.059754718,0.04095519,0.05565561,0.07300695,0.089194275,0.09127126
103,0.08264003,0.026836202,0.04747523,0.06973436,0.101192564,0.061791033,0.12708475,0.04226254,0.0411439,0.03245398,0.052276988,0.05923474,0.047301024,0.05335403,0.035933938,0.11928467
104,0.12053806,0.041887015,0.04933079,0.035683457,0.056175534,0.10284216,0.071033835,0.042400356,0.028233774,0.08099216,0.052203745,0.038173016,0.055197794,0.07063866,0.061942026,0.09272757
105,0.10343629,0.04633755,0.03684931,0.04600769,0.043614,0.091916494,0.056052785,0.032842815,0.058448955,0.065282576,0.09065232,0.089649834,0.0656758,0.055513706,0.0629346,0.05478524
106,0.08238255,0.051279563,0.06641268,0.066142865,0.07856841,0.06808226,0.078782074,0.051099967,0.07795671,0.05990836,0.060316697,0.046958458,0.051098097,0.028734645,0.06273756,0.06953915
107,0.108294636,0.0660894,0.057088893,0.079806484,0.08990472,0.06408248,0.075154826,0.051821828,0.040074456,0.062211502,0.05035444,0.042040173,0.06121108,0.04024329,0.039356187,0.07226561
108,0.10178999,0.06534155,0.08832165,0.028801411,0.046726536,0.093181945,0.07321373,0.04692729,0.039263085,0.03795242,0.06270456,0.05103771,0.07600408,0.059000093,0.055280715,0.07445326
109,0.051999465,0.075452335,0.07714244,0.055938076,0.109706976,0.059247058,0.08530632,0.039422262,0.04607649,0.045184594,0.024796814,0.030510103,0.10670266,0.03483449,0.10701886,0.050661076
110,0.10077208,0.03548839,0.033348333,0.055083916,0.0826035,0.05589937,0.052110855,0.028540919,0.04174951,0.05055061,0.065888256,0.07702663,0.05306377,0.1136991,0.08136829,0.072806515
111,0.08022874,0.045024753,0.077273905,0.08280429,0.09947083,0.041476738,0.07038961,0.07034395,0.07243206,0.055392165,0.0513106,0.034161452,0.03518029,0.030957611,0.06007868,0.09347432
112,0.15054889,0.016411947,0.01572322,0.07255586,0.14931345,0.040550154,0.085372776,0.015722735,0.044700786,0.03516523,0.07127893,0.068980575,0.062253937,0.06067441,0.046503395,0.06424373
113,0.101436056,0.05366831,0.037374087,0.08067401,0.08555194,0.04611406,0.06666968,0.041915845,0.053318005,0.035092358,0.122079015,0.07833502,0.048795987,0.054174323,0.016074998,0.07872629
114,0.082950465,0.04023174,0.07861503,0.050725702,0.08831725,0.057268113,0.07425604,0.050429728,0.04152812,0.04369824,0.037282888,0.04697823,0.051089596,0.072418,0.11389568,0.070315115
115,0.09964261,0.0309865,0.08538888,0.03394814,0.042213578,0.07458616,0.08905775,0.070793785,0.061322074,0.026571626,0.119123936,0.0782894,0.036328446,0.05115083,0.028467223,0.07212904
116,0.068467185,0.044661004,0.05282143,0.099658094,0.082205504,0.038254675,0.06435115,0.07066106,0.076418184,0.055159535,0.07993915,0.060155977,0.03705464,0.048678827,0.035038244,0.08647534
117,0.07739806,0.053304847,0.019969067,0.09906604,0.07245872,0.073642425,0.05819227,0.031309653,0.03368073,0.08946163,0.070127614,0.09316831,0.059920926,0.08276951,0.02854713,0.056983043
118,0.0817796,0.03871944,0.056677382,0.074886456,0.08958315,0.051794033,0.07962192,0.07626467,0.029805833,0.05500378,0.06506181,0.038629502,0.026665151,0.07195202,0.02316091,0.14039439
119,0.05626512,0.041305427,0.058129545,0.14448132,0.087356515,0.019311968,0.03715415,0.10518179,0.065008305,0.039773125,0.10981669,0.07635096,0.010430381,0.053912133,0.013214842,0.082307704
120,0.113079004,0.0855437,0.033058304,0.067261815,0.0778316,0.058572486,0.045588363,0.023269517,0.051049322,0.0423121,0.09031906,0.08899716,0.07408952,0.050243463,0.03145102,0.067333505
121,0.099024825,0.094392665,0.067063875,0.05775432,0.08447906,0.05567656,0.04524693,0.04033032,0.029628882,0.038492624,0.070049584,0.05225067,0.044164296,0.10057688,0.029351093,0.091517426
122,0.12955487,0.01804949,0.013224293,0.05341877,0.093613975,0.06025712,0.078869484,0.012845333,0.029850185,0.042535752,0.051028837,0.10530841,0.0873228,0.08415214,0.05692625,0.0830423
123,0.11598281,0.032469217,0.045914277,0.052659128,0.09270779,0.051141974,0.08141505,0.031535637,0.0608227,0.02963456,0.059399966,0.094724245,0.061333496,0.049441934,0.0606353,0.080181934
124,0.103217214,0.03924426,0.048115566,0.039790392,0.070723444,0.07035387,0.078192405,0.0340945,0.044570174,0.037990425,0.07463497,0.08025367,0.07168686,0.08097506,0.057305504,0.068851694
125,0.06554109,0.058212236,0.068540655,0.08406489,0.0846682,0.044417873,0.043490753,0.060676243,0.05566914,0.06487692,0.06513399,0.059161585,0.027713126,0.068913125,0.0692535,0.07966662
126,0.10194945,0.081295,0.08305016,0.06301056,0.11630016,0.04160959,0.056032535,0.0515003,0.06242546,0.058951396,0.042166498,0.029909471,0.059382856,0.029804884,0.077970356,0.044641394
127,0.07901052,0.03292905,0.06875337,0.056171905,0.08032075,0.051767703,0.06566975,0.054846037,0.04343337,0.04462911,0.056177113,0.04180057,0.031481702,0.09519512,0.07729812,0.12051583
128,0.07883235,0.062683545,0.08494735,0.08106712,0.06622979,0.03579996,0.037218392,0.09353373,0.092213325,0.0777443,0.08867609,0.038997456,0.023321047,0.035113994,0.046635848,0.056985736
129,0.1030275,0.09050738,0.10310609,0.05008604,0.07021462,0.060720682,0.07297614,0.05650795,0.04996859,0.03164326,0.074988626,0.04265787,0.055785943,0.03249998,0.02243404,0.082875244
130,0.08943558,0.066598766,0.08332476,0.058947008,0.07609316,0.06286445,0.07223176,0.057937365,0.034796286,0.03324354,0.06284067,0.069307685,0.047785014,0.08080643,0.033402156,0.07038537
131,0.09622669,0.018277189,0.017756099,0.046181947,0.067887716,0.057986017,0.052800655,0.02036559,0.038166355,0.05721633,0.060250282,0.1061286,0.04810385,0.13256796,0.08339816,0.09668658
132,0.09854188,0.046912983,0.053438414,0.060874116,0.068694286,0.051228017,0.057637196,0.06869484,0.051265374,0.08225715,0.065445155,0.061057623,0.048692837,0.072363235,0.058752466,0.054144442
133,0.052794203,0.06852266,0.07255076,0.07191473,0.07432217,0.046753835,0.043563277,0.060646918,0.04729432,0.056669578,0.054581407,0.06852278,0.03407759,0.09567534,0.06678728,0.08532312
134,0.06801167,0.012880121,0.020061443,0.08241301,0.12962444,0.02778711,0.07858458,0.033795517,0.059493463,0.04519936,0.052375253,0.092022635,0.042532068,0.114999615,0.08826057,0.05195919
135,0.1162121,0.037695546,0.04504692,0.054454863,0.07048748,0.06888735,0.084325194,0.045452613,0.05154359,0.061785627,0.060029436,0.05038025,0.06306669,0.041705925,0.053809974,0.09511637
136,0.120885484,0.04604963,0.030140206,0.06719962,0.07143443,0.058569442,0.039902717,0.035284746,0.059157345,0.09214295,0.111556716,0.054869816,0.03784052,0.07492409,0.05053584,0.04950641
137,0.09040341,0.028985808,0.040689353,0.06970208,0.078288026,0.047970656,0.05941577,0.05729535,0.054304305,0.08560803,0.0766879,0.050983947,0.038371347,0.08381817,0.07897598,0.058499873
138,0.11801979,0.04169641,0.046978075,0.07596772,0.17377923,0.03680955,0.061520502,0.036746856,0.03102222,0.042520985,0.051595364,0.0280921,0.030614441,0.063644744,0.040144444,0.120847546
139,0.057434086,0.07662582,0.06357208,0.11182784,0.12533212,0.03997511,0.05637459,0.049715277,0.034355894,0.03585656,0.046965066,0.06319774,0.034738913,0.08378148,0.03048789,0.08975953
140,0.13818859,0.08991301,0.07750001,0.058472883,0.070817836,0.037000556,0.03327282,0.05530329,0.0727596,0.049589198,0.08661673,0.071660854,0.03559954,0.037109286,0.03618632,0.050009415
141,0.09025826,0.028961001,0.029682426,0.037968893,0.04321167,0.10946334,0.103963204,0.026371239,0.057979416,0.047079843,0.08098198,0.081894346,0.09522953,0.03790832,0.04466233,0.08438418
142,0.052427936,0.015301636,0.019664774,0.10306785,0.058578756,0.055501346,0.07143682,0.04364134,0.07369418,0.07345497,0.07894057,0.09748882,0.030762916,0.07617195,0.057288114,0.092578
143,0.11044241,0.025569385,0.04114066,0.04928951,0.055693507,0.05263518,0.053274024,0.06396374,0.06352782,0.07626861,0.13521777,0.034084175,0.020304913,0.0461439,0.027002292,0.14544208
144,0.07982305,0.057191223,0.064038105,0.06158134,0.079615235,0.042466346,0.041013334,0.052560568,0.052559923,0.0541311,0.059770424,0.07846657,0.039628144,0.09823236,0.08765621,0.051266033
145,0.05735003,0.010279031,0.032307405,0.042273775,0.042540807,0.04423732,0.07088364,0.06388215,0.10589697,0.058318228,0.11767862,0.06660587,0.028237455,0.08962926,0.08157554,0.08830387
146,0.052155066,0.054855034,0.06390721,0.09399978,0.12236732,0.046635073,0.087137245,0.055744525,0.04499103,0.03316912,0.05008522,0.06164305,0.04485956,0.07730749,0.037656017,0.07348723
147,0.13231604,0.057567205,0.033458527,0.073566824,0.11399111,0.053622693,0.04026588,0.01914928,0.041521285,0.044260528,0.05947785,0.08453763,0.048558548,0.06991015,0.06814359,0.059652906
148,0.08864436,0.06861066,0.05921131,0.053562265,0.079601906,0.08317873,0.08793563,0.037803248,0.045547653,0.04309848,0.068087116,0.03961734,0.0708693,0.042764407,0.036616545,0.0948511
149,0.1146014,0.03630326,0.07013223,0.05913117,0.10203876,0.037601415,0.052135188,0.068518184,0.0352354,0.04843789,0.0786468,0.04243054,0.021707557,0.099873066,0.03819878,0.09500835
150,0.11506454,0.049735054,0.07938087,0.06946575,0.09162123,0.0184457,0.025921078,0.088799335,0.06428442,0.06607186,0.067544594,0.051461767,0.020073697,0.0783043,0.07588694,0.03793889
151,0.086782016,0.035258394,0.028711729,0.0939411,0.07695355,0.05210049,0.0706655,0.045378406,0.07208696,0.07289345,0.085030586,0.08368942,0.049138844,0.03830199,0.033877533,0.07519
152,0.06062745,0.026697755,0.023384476,0.12139835,0.09467065,0.06966881,0.09539062,0.038429037,0.052231994,0.08804941,0.060505927,0.045480724,0.046084773,0.04410932,0.050464515,0.08280615
153,0.12630518,0.06674326,0.06141408,0.07386362,0.09166209,0.041058883,0.045083914,0.06810257,0.0399982,0.0819416,0.0658594,0.033837974,0.029454067,0.04633828,0.030144706,0.09819215
154,0.09311026,0.021370323,0.015550894,0.0831611,0.08511153,0.067046456,0.08377838,0.021131672,0.043155134,0.049267948,0.106783055,0.07183025,0.041737463,0.05641356,0.022285245,0.1382667
155,0.12711367,0.037124734,0.04049431,0.06964817,0.11951065,0.047631685,0.079687856,0.039099585,0.03302485,0.051461298,0.043676097,0.051544826,0.059059788,0.06347554,0.049263556,0.08818343
156,0.14588837,0.025481172,0.026749926,0.07127867,0.10886415,0.034524266,0.0465872,0.03717104,0.040776446,0.08395961,0.066714235,0.040965855,0.029927246,0.07396481,0.053864587,0.11328236
157,0.09902089,0.037074536,0.03602371,0.07855532,0.10375879,0.033421252,0.05579282,0.046706747,0.06404543,0.05442226,0.09871847,0.054690436,0.044558913,0.078579195,0.04384898,0.07078226
158,0.10406049,0.052469183,0.036734566,0.10948911,0.080964915,0.045932557,0.042150762,0.05534487,0.04837805,0.11692668,0.055929396,0.06567065,0.036989044,0.046622235,0.051029313,0.051308196
159,0.042066365,0.04997276,0.04274602,0.07233504,0.063847534,0.081031814,0.07622705,0.048580494,0.05353721,0.111717634,0.03595185,0.03667969,0.071554996,0.04351859,0.0900859,0.08014709
160,0.06776198,0.06424126,0.057700653,0.043060288,0.03593343,0.111198656,0.057224166,0.051440652,0.0594507,0.09637963,0.07464873,0.04892085,0.07356921,0.04912463,0.06743876,0.041906442
161,0.0848011,0.043825615,0.030587064,0.14794102,0.10623968,0.044436585,0.048463974,0.033465322,0.062449355,0.07087794,0.05959336,0.07326735,0.030594474,0.029836943,0.046714216,0.08690599
162,0.09594789,0.07952143,0.0617516,0.054997426,0.07795581,0.08351046,0.07028368,0.024157973,0.04160169,0.022325357,0.062675074,0.09796723,0.067686126,0.043854844,0.0361167,0.079646684
163,0.08768946,0.031879246,0.044125814,0.07329626,0.07902545,0.07283776,0.08093684,0.050418716,0.03672099,0.053819474,0.07113236,0.067192815,0.032592367,0.08388745,0.036365118,0.09807987
164,0.10822779,0.052948836,0.06695234,0.059416402,0.07601268,0.06374121,0.07209387,0.05138269,0.06462255,0.04954214,0.07089353,0.06597031,0.05159591,0.037374537,0.047981173,0.061243985
165,0.12002442,0.0609816,0.08091024,0.05590896,0.09728076,0.02459115,0.04135033,0.08037516,0.048690367,0.042918544,0.08258211,0.04464693,0.034469295,0.08864135,0.03623354,0.060395304
166,0.100164704,0.043093145,0.085493885,0.10261499,0.18001693,0.0124847265,0.036276463,0.06638861,0.09463617,0.029222662,0.06678755,0.03856206,0.0175539,0.033452038,0.04967309,0.043579087
167,0.060429662,0.01965071,0.035865013,0.06891008,0.10544199,0.05994771,0.13454483,0.03324076,0.07110695,0.04899824,0.037042174,0.051334996,0.079480134,0.039797243,0.110720836,0.043488663
168,0.09476298,0.06916059,0.081356585,0.035821974,0.095649004,0.035973046,0.05588283,0.03465097,0.10495748,0.022669181,0.07178617,0.054216836,0.07794214,0.04044495,0.0879839,0.036741395
169,0.13223064,0.045999322,0.05905096,0.047531802,0.09401784,0.041617647,0.045693193,0.036399975,0.05177191,0.040872212,0.071247004,0.059069753,0.045049075,0.076047026,0.08290264,0.07049901
170,0.04142892,0.052008346,0.08454045,0.044357274,0.046491493,0.09109893,0.05716065,0.048725437,0.032246873,0.035723325,0.04578666,0.07000834,0.038585406,0.12824991,0.08386693,0.0997211
171,0.115394376,0.041814763,0.032850232,0.06102878,0.092826806,0.06477821,0.06856955,0.030298948,0.035869215,0.07151829,0.046632048,0.060738128,0.07364259,0.07363733,0.07017242,0.06022835
172,0.0974991,0.019977821,0.012068492,0.038817108,0.039435893,0.13622268,0.08145208,0.016124062,0.024425395,0.07794955,0.06312075,0.07983816,0.088159174,0.10242013,0.04128925,0.081200354
173,0.1309617,0.03405802,0.04996131,0.059913803,0.05933221,0.062862076,0.06278602,0.077010445,0.03702792,0.076525874,0.09772492,0.041493997,0.026011355,0.057125192,0.0253409,0.10186427
174,0.0628831,0.0424052,0.08987951,0.045423076,0.09570461,0.047472674,0.10136062,0.059576478,0.064249694,0.040020417,0.043966264,0.025369657,0.062328022,0.038849097,0.07404747,0.106464125
175,0.0802367,0.053291637,0.060918454,0.050566122,0.050286833,0.049289275,0.034405526,0.04987608,0.07431015,0.051033225,0.1026986,0.078271694,0.029332317,0.071164705,0.06974264,0.094576
176,0.067668766,0.047967225,0.033056106,0.0761534,0.07297886,0.062335264,0.08788075,0.046461716,0.05528453,0.067936234,0.07055524,0.070840575,0.08956342,0.052124124,0.03347585,0.065718
177,0.06807972,0.03547208,0.06864517,0.075546056,0.10877198,0.031263974,0.058373954,0.06981113,0.05174118,0.05285226,0.044119406,0.041030563,0.02843204,0.07885714,0.079420865,0.10758249
178,0.087831944,0.06331771,0.06498226,0.06900052,0.10374919,0.068543814,0.08536776,0.04128411,0.04127124,0.03422456,0.06935199,0.045802668,0.058295157,0.059937794,0.035551872,0.07148744
179,0.14999823,0.026829205,0.031509593,0.028398516,0.08126446,0.10982919,0.08846124,0.013820144,0.019351024,0.043344453,0.034958687,0.035449073,0.083068945,0.060302872,0.08534643,0.10806794
180,0.10377687,0.033250164,0.043565307,0.05977811,0.06775867,0.047560718,0.049170446,0.05935754,0.05484174,0.08682241,0.08261909,0.04460205,0.03311521,0.08419197,0.06656462,0.08302509
181,0.09506696,0.053072974,0.061005384,0.07386877,0.08152334,0.040438507,0.041729044,0.06980562,0.054280605,0.083612084,0.07687374,0.04413708,0.030403921,0.07795007,0.059711743,0.056520175
182,0.061387975,0.015898786,0.018659905,0.10189275,0.094936706,0.03871833,0.08799157,0.047302675,0.05228086,0.06503544,0.06973976,0.09029636,0.04618037,0.11033174,0.042787552,0.056559224
183,0.06395208,0.054799233,0.043730687,0.09109342,0.079853706,0.0810301,0.08420458,0.04750603,0.0698951,0.073775046,0.075987175,0.048365366,0.054717075,0.033090293,0.041696463,0.056303654
184,0.07553091,0.025262324,0.04394123,0.039075855,0.08415848,0.082378894,0.10775545,0.030916883,0.03206681,0.054538038,0.034642126,0.031396203,0.07068617,0.07125429,0.10610545,0.11029085
185,0.06924172,0.04438727,0.04197244,0.08936003,0.07416479,0.05248408,0.07226879,0.064445265,0.08085754,0.07709805,0.08218121,0.05446462,0.0495209,0.041002046,0.03922608,0.06732515
186,0.07135529,0.04736464,0.05776314,0.06356677,0.08871729,0.078883536,0.093238495,0.042046398,0.046855856,0.061106782,0.041515943,0.03688437,0.0638827,0.045189764,0.07753447,0.08409455
187,0.08673176,0.040026303,0.037847612,0.07547747,0.124451734,0.05234534,0.08384421,0.029666139,0.04856192,0.04044194,0.044116158,0.09150931,0.06877031,0.060953315,0.06331559,0.051940877
188,0.053161204,0.047516044,0.036178432,0.08875238,0.121018074,0.043207277,0.06373315,0.035103876,0.06261086,0.06941405,0.038205538,0.04688123,0.06831158,0.057855885,0.101238154,0.06681233
189,0.05300976,0.017480532,0.02310475,0.09303883,0.055750456,0.060266662,0.06903203,0.05825472,0.0537229,0.09800428,0.08335984,0.0571539,0.027084803,0.09316042,0.04599449,0.11158168
190,0.11205099,0.05289331,0.067068435,0.041755814,0.07963724,0.048994783,0.07859747,0.041645397,0.04251049,0.020296406,0.07219273,0.079064064,0.06444054,0.06488895,0.028110748,0.10585264
191,0.04965877,0.05487153,0.10590092,0.09819511,0.1044241,0.028959366,0.046072554,0.069076605,0.117110856,0.0350301,0.07205383,0.040751517,0.0169296,0.024041919,0.04677857,0.090144694
192,0.064172275,0.04328081,0.089019984,0.039376467,0.04425475,0.09341439,0.075100236,0.083322614,0.038268592,0.06489926,0.06386004,0.046463866,0.04294145,0.087742925,0.059709534,0.06417278
193,0.10541269,0.03313872,0.025611416,0.10794642,0.13335519,0.037402134,0.046957552,0.026141679,0.04174928,0.074299835,0.037808444,0.062024545,0.04185484,0.05556345,0.08886439,0.0818694
194,0.09545676,0.015971078,0.032071255,0.06361854,0.073747985,0.051712662,0.11105618,0.045709133,0.08014766,0.056136858,0.06725439,0.05382896,0.05349356,0.036144108,0.06573393,0.09791696
195,0.113963656,0.06608188,0.053158294,0.054755528,0.082457446,0.07907823,0.07912559,0.030473383,0.059110373,0.043480244,0.07038796,0.037242357,0.08127064,0.02770262,0.0453967,0.076315105
196,0.14235157,0.09649817,0.07654656,0.027674602,0.06924942,0.028555244,0.026970781,0.029706402,0.0895469,0.02574226,0.07532154,0.086012565,0.06610172,0.045118824,0.08071753,0.0338859
197,0.04643942,0.03684632,0.077023454,0.053553227,0.059993383,0.083303384,0.14322722,0.066178165,0.07514597,0.046963964,0.044472147,0.039140202,0.07227527,0.02402242,0.060712386,0.07070304
198,0.10071174,0.040184494,0.04022903,0.08292025,0.10576758,0.050222848,0.06357677,0.03785856,0.06302043,0.057359595,0.08439979,0.04578291,0.043835614,0.044388622,0.05788294,0.081858814
199,0.09170383,0.05156237,0.043631494,0.07290664,0.065858334,0.06796997,0.048683435,0.04224914,0.031847958,0.055760637,0.07319846,0.08157984,0.034657788,0.10158277,0.041146312,0.095660985
200,0.099630184,0.044561863,0.049201626,0.06356909,0.11170796,0.0590388,0.07362331,0.027497655,0.05178227,0.034649137,0.047838178,0.07843397,0.058879953,0.049655538,0.075449586,0.0744809
201,0.11764269,0.030243529,0.038936738,0.067496516,0.11005459,0.08323697,0.13355519,0.021995554,0.026752805,0.020056367,0.051815923,0.055044264,0.043299172,0.027688771,0.016842091,0.15533887
202,0.101871885,0.059923153,0.05778103,0.046617422,0.07352334,0.0690963,0.08330348,0.038508687,0.040722165,0.03497627,0.05671348,0.08938687,0.08673659,0.055063773,0.03991592,0.065859646
203,0.08434654,0.075224675,0.057582717,0.042741697,0.05167159,0.09640369,0.07012933,0.042747844,0.03698948,0.05868377,0.05334142,0.06405607,0.090540685,0.061621327,0.051952664,0.06196655
204,0.12679441,0.037722874,0.017301003,0.088447876,0.13535462,0.05867189,0.058129013,0.013113772,0.04120198,0.05186097,0.05092753,0.08267239,0.0712429,0.048251923,0.061821233,0.05648561
205,0.04935971,0.033218835,0.036345076,0.056462716,0.05683657,0.07652245,0.08108235,0.047261853,0.0369684,0.0692263,0.043628294,0.07535874,0.075555466,0.115934014,0.080708645,0.0655306
206,0.12748423,0.11723875,0.07225574,0.05030093,0.065214075,0.063220985,0.027348407,0.029868247,0.046558022,0.061536808,0.05236441,0.055834785,0.043424156,0.044392228,0.084237255,0.058720928
207,0.11341989,0.06722195,0.06200583,0.043093044,0.06056956,0.082751624,0.068845935,0.0414047,0.07181746,0.059612453,0.065753795,0.058510024,0.069859125,0.026912183,0.051518768,0.05670367
208,0.1208933,0.051997628,0.035656124,0.073189594,0.112395704,0.04391847,0.045857426,0.027883163,0.032822028,0.03953102,0.06493942,0.080065966,0.04176518,0.08996612,0.03841715,0.10070171
209,0.079396985,0.077070855,0.056528997,0.057912234,0.07985973,0.078610994,0.06535638,0.037990015,0.046083447,0.070222385,0.045180786,0.04048416,0.0801957,0.04640305,0.07884967,0.059854586
210,0.13898331,0.035707604,0.032303292,0.07092604,0.10982,0.04488902,0.07842156,0.03273848,0.058834717,0.05070135,0.06957516,0.053641517,0.06387027,0.037012484,0.035973493,0.08660173
211,0.08147544,0.052181635,0.065358825,0.06468884,0.056071382,0.05067624,0.04136319,0.08214973,0.044779193,0.07640979,0.08374003,0.0498827,0.024924517,0.09241106,0.043887306,0.09000009
212,0.08407784,0.055540036,0.075333275,0.058226954,0.10551268,0.03107667,0.043389667,0.050282165,0.07198727,0.045263056,0.061709713,0.047023878,0.038485665,0.07299035,0.09579593,0.06330491
213,0.110615395,0.051001776,0.06256256,0.041610003,0.055396765,0.060298394,0.058040738,0.05690853,0.056525182,0.05862978,0.07935399,0.060931295,0.053163946,0.05715993,0.0549091,0.08289265
