,HS,VA3,VA1,FI2,FI1,IM1,IM2,VA2,AV2,PE2,AV1,AV3,IM4,BA,PE1,IM3
0,0.07104074,0.06547386,0.04227772,0.05579455,0.10092849,0.078463346,0.06860059,0.032867994,0.03420017,0.09290573,0.05961672,0.080382496,0.081276245,0.04036403,0.043825284,0.051982015
1,0.12485526,0.064682625,0.035383146,0.040079072,0.102744184,0.058732986,0.07434302,0.01463529,0.090091735,0.022129104,0.08585858,0.0644644,0.05288558,0.053702738,0.051871587,0.06354074
2,0.061292365,0.10227851,0.06991411,0.05630474,0.09302124,0.06977281,0.052344274,0.03277797,0.047928076,0.04951187,0.054771435,0.05178606,0.035941973,0.04345742,0.05758017,0.12131695
3,0.082267046,0.06887188,0.030522754,0.06395493,0.097963504,0.059743196,0.039704356,0.019200813,0.059507597,0.047526896,0.061347295,0.06133834,0.047465485,0.0906131,0.100308634,0.069664165
4,0.08247375,0.08468864,0.08471197,0.044213206,0.078136034,0.08028882,0.060671825,0.04276012,0.037460353,0.058641497,0.057529826,0.07205423,0.05675135,0.040730853,0.048757613,0.07012991
5,0.10781223,0.08956492,0.07217118,0.045223314,0.1033982,0.07154155,0.043043137,0.016383134,0.048870742,0.024598567,0.043239087,0.06323715,0.021914342,0.02405835,0.086493485,0.1384506
6,0.11469519,0.05026463,0.03753165,0.086458944,0.13635945,0.022894979,0.040896107,0.0363746,0.09386311,0.030827248,0.13353252,0.07581522,0.037024584,0.040659927,0.022097187,0.040704623
7,0.1268541,0.036566496,0.041939568,0.06681702,0.15524112,0.061534446,0.089229465,0.03210244,0.053429145,0.08893531,0.046156157,0.029980844,0.032652296,0.014857043,0.057244416,0.06646014
8,0.032305315,0.09419617,0.060327385,0.046215717,0.05453534,0.07481559,0.072969496,0.04010016,0.050974485,0.033555318,0.061340347,0.070087336,0.08190776,0.100829035,0.045034926,0.0808056
9,0.089282066,0.07256165,0.060882103,0.06598126,0.17189772,0.051957402,0.07756919,0.03241841,0.04441738,0.058669418,0.04284628,0.041626018,0.03653603,0.0270484,0.060614813,0.065691814
10,0.063400686,0.06911954,0.03591953,0.0642276,0.094559915,0.054766674,0.0601026,0.029412694,0.07901912,0.060371798,0.06395269,0.04206146,0.05709495,0.05221184,0.10721749,0.0665614
11,0.078935996,0.075748704,0.04966639,0.038274284,0.09535608,0.07410649,0.10974691,0.018283486,0.05938233,0.018341763,0.053267922,0.082624026,0.07220968,0.057864726,0.036960136,0.079231076
12,0.089847654,0.070694484,0.07437751,0.06052603,0.11748001,0.031549796,0.047491927,0.06517139,0.041816372,0.061829884,0.06479019,0.08395556,0.051329564,0.06604073,0.034115124,0.038983762
13,0.07130628,0.045134336,0.049063653,0.07942768,0.10714957,0.057827413,0.093013965,0.04669699,0.083159454,0.061154842,0.08128664,0.047086198,0.0327609,0.019074932,0.029309928,0.096547246
14,0.09564135,0.035445403,0.03433569,0.10387641,0.124079764,0.051565617,0.049743187,0.03471568,0.039760426,0.08005793,0.0434287,0.09251089,0.0345544,0.07002655,0.06254683,0.047711167
15,0.112579785,0.034211975,0.03567131,0.09244458,0.094018064,0.053110074,0.04205052,0.03218941,0.073118016,0.06731216,0.06280961,0.073157735,0.022481717,0.058404356,0.08042868,0.066012055
16,0.077631764,0.07375464,0.11219738,0.06327013,0.07470951,0.03901954,0.053473365,0.069948964,0.08484242,0.037447106,0.08066721,0.036077656,0.024525078,0.032329805,0.055104893,0.08500054
17,0.05499533,0.054047883,0.088935934,0.08887336,0.07771913,0.036775004,0.05104525,0.077618755,0.067421146,0.056167345,0.07010738,0.08803473,0.030757165,0.06118996,0.044098888,0.052212756
18,0.084025346,0.053330053,0.094647385,0.060894024,0.095074035,0.035560228,0.054032866,0.07983088,0.054778025,0.054922905,0.06762907,0.0747946,0.032815985,0.05403654,0.039988372,0.063639686
19,0.079747654,0.0878193,0.06308212,0.046053182,0.08211886,0.07204982,0.070254646,0.024081811,0.09453539,0.027241476,0.07745502,0.039454352,0.033684198,0.025694862,0.05790059,0.11882669
20,0.07867086,0.04599086,0.041209567,0.05343612,0.07710058,0.060051873,0.063432656,0.045725595,0.073856324,0.06195168,0.06518214,0.035523444,0.04500332,0.07252089,0.08708922,0.09325487
21,0.07252155,0.060757414,0.0371275,0.050558478,0.07007261,0.037716758,0.037057023,0.037508287,0.080481805,0.054459352,0.11029654,0.08782846,0.070965335,0.0919509,0.057721417,0.04297656
22,0.078829,0.08608154,0.05158602,0.040403683,0.09128511,0.0773316,0.07388825,0.029249007,0.043527722,0.06656006,0.06180008,0.059783217,0.0852058,0.038710196,0.05648182,0.059276868
23,0.09233498,0.07681728,0.06801797,0.03020052,0.07486456,0.08021761,0.08380262,0.043031264,0.056097504,0.06347884,0.061628312,0.03322309,0.07222126,0.026720613,0.05989921,0.07744434
24,0.074206494,0.025790451,0.026063442,0.08612174,0.06952249,0.050691754,0.07127956,0.04087117,0.09760111,0.064655066,0.08950586,0.09661532,0.05295187,0.071798,0.040479247,0.04184642
25,0.077516,0.020816343,0.033483833,0.06816403,0.0632656,0.08044535,0.14704187,0.055124987,0.08855707,0.081514485,0.06907136,0.057298075,0.059491914,0.020201454,0.027431324,0.050576344
26,0.12124697,0.042941082,0.04264382,0.084880255,0.15267311,0.036861602,0.050201777,0.03974352,0.041404378,0.058136582,0.035204154,0.072345816,0.038562406,0.059459325,0.07685047,0.04684478
27,0.071826644,0.061387587,0.04165795,0.064619966,0.11157024,0.05713578,0.08396995,0.036715157,0.061984003,0.049357425,0.07081228,0.07215614,0.06345286,0.050853427,0.03565004,0.066850595
28,0.10107181,0.05733527,0.06049444,0.050117154,0.07584554,0.04996075,0.043588344,0.05076274,0.060936313,0.05821089,0.09176013,0.08563676,0.044428427,0.06458398,0.03890759,0.06635983
29,0.06004381,0.076786056,0.02330225,0.07248313,0.14252819,0.10324501,0.09120316,0.009540137,0.041569714,0.03542207,0.036389425,0.0720745,0.062027883,0.03086845,0.050506417,0.092009805
30,0.09608042,0.0897972,0.075816266,0.05924003,0.10950303,0.058095213,0.059602845,0.029810505,0.06749042,0.03074721,0.06024463,0.06893484,0.032057915,0.03605256,0.043125484,0.083401375
31,0.09971994,0.08503404,0.065875806,0.048312098,0.11610564,0.06133841,0.07319925,0.034492146,0.054772492,0.04231644,0.060908195,0.06457898,0.054209035,0.033829223,0.034997907,0.07031044
32,0.069317915,0.10059898,0.086846314,0.029621147,0.101192355,0.0586725,0.070759565,0.042225927,0.025596222,0.06691515,0.04497373,0.051457483,0.07590149,0.061996024,0.062595606,0.05132958
33,0.0655177,0.06915463,0.05097794,0.09224237,0.11256185,0.04878296,0.069194786,0.041158255,0.08041488,0.0475885,0.10823202,0.059105475,0.041620657,0.02375371,0.024383878,0.06531041
34,0.062854044,0.05415888,0.03929754,0.032928016,0.050597,0.09779062,0.080608286,0.030233359,0.08516344,0.056360006,0.11151433,0.05993311,0.06895437,0.046348512,0.04051319,0.08274525
35,0.14066766,0.027323114,0.025989985,0.061721195,0.085259624,0.05031244,0.046772953,0.036157917,0.049052496,0.1536833,0.08104849,0.041393723,0.060587924,0.027600346,0.083724625,0.028704247
36,0.123506464,0.055469323,0.068512455,0.049777627,0.13155065,0.051531006,0.05564784,0.04012099,0.036808785,0.06466032,0.043703724,0.050328437,0.034306552,0.04905195,0.07312802,0.07189583
37,0.059048798,0.058621075,0.044428874,0.11547329,0.1208559,0.03855243,0.05602227,0.051019967,0.053827707,0.051186282,0.09628389,0.07777292,0.043448523,0.051671863,0.024205536,0.05758067
38,0.11959163,0.05952953,0.07931916,0.04124326,0.069535285,0.03415534,0.027993292,0.044127673,0.043551523,0.040143512,0.061290476,0.068593234,0.03349046,0.1280541,0.102389336,0.046992216
39,0.09564119,0.08937844,0.07650352,0.04132101,0.10353444,0.03250505,0.02794838,0.038950045,0.037857667,0.08152402,0.06113283,0.06384466,0.04515494,0.0640019,0.09808075,0.042621117
40,0.079572015,0.065506615,0.049110185,0.074772745,0.12927304,0.046987515,0.05249852,0.03456263,0.049894657,0.057224084,0.061020136,0.10686623,0.042215932,0.044561837,0.03824432,0.06768958
41,0.08600236,0.09547687,0.03960231,0.052851308,0.09206075,0.06282701,0.04775469,0.017230723,0.09573398,0.041708585,0.09398038,0.056012798,0.047534645,0.02610272,0.061865807,0.083255075
42,0.067255266,0.043108348,0.052630614,0.07337308,0.079001576,0.043769468,0.044513244,0.061390877,0.06277641,0.09060058,0.0700866,0.06702353,0.03213371,0.07199287,0.061772693,0.07857115
43,0.059638213,0.037925623,0.044004474,0.07136354,0.07739109,0.058934093,0.06759906,0.052467246,0.04718977,0.15154587,0.07772345,0.076639794,0.060832884,0.029021204,0.047595587,0.040128075
44,0.060326796,0.07020924,0.084302306,0.044191796,0.06186952,0.062894486,0.07040724,0.058924556,0.046759073,0.061972305,0.057556372,0.06055936,0.065136515,0.074463695,0.07191063,0.04851615
45,0.15542386,0.036223337,0.037351158,0.026441256,0.054272562,0.06187476,0.04115658,0.02753728,0.07867219,0.042770326,0.1334228,0.07399759,0.045190692,0.07787531,0.036568422,0.071221896
46,0.08756443,0.028003523,0.02348438,0.08334538,0.1047801,0.050757784,0.08058423,0.03692597,0.054089483,0.07280489,0.059884448,0.07754165,0.06833441,0.07557679,0.054704964,0.041617587
47,0.090197064,0.041806757,0.040251788,0.056286063,0.08577854,0.08239528,0.07029001,0.03819482,0.04999334,0.07651546,0.07718461,0.07864227,0.053176988,0.051800177,0.034352124,0.07313471
48,0.04777491,0.055095524,0.040203903,0.060168523,0.070744485,0.06297943,0.08724218,0.040212438,0.078499086,0.048187163,0.081262894,0.083611995,0.06836354,0.08007601,0.034192,0.06138592
49,0.11199706,0.023801997,0.039458472,0.03971454,0.04885423,0.07290576,0.062148754,0.051038638,0.062766634,0.07158858,0.10764729,0.08540947,0.056767773,0.08546874,0.03529359,0.04513843
50,0.1040408,0.0698067,0.08458641,0.026407955,0.043877665,0.045233738,0.03787775,0.043271232,0.09159481,0.0319173,0.12208355,0.06640396,0.044781417,0.067139104,0.061134726,0.059842855
51,0.07966586,0.102015294,0.067688964,0.041927498,0.113989055,0.071623154,0.0669165,0.022762155,0.046628024,0.03897727,0.050197896,0.06966795,0.046727955,0.027817791,0.04809016,0.1053045
52,0.06957515,0.03980382,0.035701703,0.081230104,0.10411029,0.041046266,0.07226012,0.045012552,0.07805463,0.049552497,0.08502787,0.09750075,0.046019953,0.07293079,0.024865493,0.05730794
53,0.12902261,0.05430269,0.08183693,0.06460593,0.08726075,0.035682958,0.032878447,0.061110172,0.060254734,0.05635096,0.07298559,0.045086402,0.022204539,0.046485096,0.08348171,0.06645048
54,0.057109106,0.04752904,0.041425254,0.096469514,0.09404036,0.03704435,0.050496396,0.057040524,0.06941747,0.12822036,0.09516706,0.04965368,0.04447503,0.035125334,0.0545285,0.042258058
55,0.05784599,0.089689694,0.061457496,0.029021049,0.06259947,0.072677456,0.061090935,0.03424393,0.0632929,0.07331955,0.08860672,0.056414127,0.066263914,0.04353224,0.05927461,0.0806699
56,0.116885416,0.027126214,0.068752356,0.031648677,0.06722295,0.05084989,0.06766111,0.09025969,0.03538176,0.100891985,0.053056613,0.05292654,0.05933404,0.06773523,0.0647134,0.045554113
57,0.06529008,0.04790676,0.03239483,0.066447765,0.08962882,0.05126841,0.07169508,0.036525313,0.05890158,0.039989237,0.09331726,0.10250046,0.07531312,0.08976779,0.025791137,0.05326232
58,0.13417013,0.09792637,0.052222397,0.026444279,0.08940366,0.042546537,0.043538466,0.023100475,0.067503214,0.03578434,0.14619623,0.055823628,0.07091689,0.029250806,0.04151891,0.043653686
59,0.08159942,0.025458783,0.028662926,0.06097999,0.06838151,0.06668493,0.09473733,0.044549644,0.08243596,0.06835092,0.08937377,0.0685135,0.05975443,0.067745164,0.036970306,0.055801447
60,0.07974951,0.0883204,0.04276328,0.040309865,0.102082014,0.060784664,0.053031374,0.02595354,0.0419872,0.07746861,0.05217955,0.058150396,0.09582713,0.03340002,0.08711713,0.060875308
61,0.08142081,0.06646112,0.053570654,0.042213082,0.08691022,0.08138778,0.09228896,0.033949174,0.058413595,0.059764933,0.06033431,0.050935153,0.07131643,0.029616788,0.060722798,0.07069424
62,0.095744394,0.04455181,0.047838032,0.06277431,0.103120476,0.054990787,0.05549131,0.04460716,0.035858717,0.0876208,0.066861995,0.10034432,0.05627784,0.05809748,0.04125567,0.044564877
63,0.06510032,0.076446846,0.09664011,0.02679673,0.0826472,0.086166404,0.10527068,0.048492346,0.04049912,0.0797118,0.05062108,0.030948946,0.057642568,0.022938987,0.046898063,0.083178796
64,0.07381377,0.036601957,0.031889413,0.06140715,0.09252594,0.07407833,0.087594904,0.03642072,0.047704857,0.09034326,0.06280448,0.07456881,0.06726828,0.051890407,0.044574175,0.066513576
65,0.116759695,0.05470174,0.045102388,0.07637007,0.13874823,0.045089245,0.05066106,0.03313354,0.06762058,0.056872923,0.07251778,0.03380821,0.023864603,0.042844724,0.06550469,0.07640048
66,0.06251436,0.055258512,0.035041522,0.04573537,0.044831425,0.08486727,0.06192438,0.021167716,0.13165316,0.024458108,0.1405471,0.09194404,0.04757111,0.031354453,0.01984225,0.10128921
67,0.060557768,0.09747038,0.07155111,0.03047054,0.094117664,0.06666065,0.08095586,0.040995345,0.035797786,0.07181584,0.047736894,0.037324626,0.078936934,0.03925246,0.07232123,0.07403495
68,0.08769959,0.07416513,0.060129866,0.041473176,0.08820195,0.069432616,0.07733611,0.03160518,0.046370473,0.034718912,0.060801577,0.0833115,0.067043394,0.076278694,0.038898196,0.06253362
69,0.07994943,0.06364029,0.028729806,0.06670471,0.1000852,0.0918904,0.0767513,0.022118032,0.051029216,0.085041285,0.061705533,0.052933533,0.079945184,0.022449823,0.059426736,0.057599474
70,0.07973871,0.035672136,0.0365241,0.060976665,0.08317652,0.043555703,0.049973954,0.065248266,0.03593312,0.11257997,0.04129998,0.033098117,0.062020857,0.09675994,0.11833882,0.04510315
71,0.045125645,0.058567926,0.047562957,0.11211601,0.16447116,0.028728858,0.04913469,0.05038182,0.036194902,0.06426778,0.028513597,0.046585348,0.033548977,0.101424724,0.08173288,0.051642727
72,0.08798391,0.030717261,0.045596953,0.06518345,0.0753066,0.0560758,0.08179874,0.056839436,0.082194366,0.07147795,0.07931075,0.080542065,0.04445988,0.0342676,0.038990326,0.06925485
73,0.050238375,0.055777173,0.055307712,0.042145874,0.05733527,0.076130986,0.07283247,0.056677792,0.069348186,0.059836205,0.056061536,0.048033234,0.052538667,0.07304283,0.059686255,0.11500748
74,0.08859392,0.080702335,0.05338457,0.055229098,0.11816549,0.037119698,0.03568737,0.038537335,0.056135114,0.056841537,0.111563794,0.07547126,0.03831583,0.052054103,0.029191568,0.07300698
75,0.114244394,0.07493334,0.03193066,0.07784896,0.2261581,0.050318975,0.05116755,0.015463387,0.044712666,0.058881212,0.05642112,0.046978757,0.033847246,0.014336848,0.035427738,0.06732907
76,0.13819005,0.054971308,0.041047666,0.046560347,0.09891852,0.058607895,0.040516052,0.023959463,0.047083,0.08090808,0.07765005,0.083779074,0.056729794,0.028760597,0.06570367,0.056614447
77,0.08210587,0.11750001,0.07107491,0.05285278,0.15498032,0.050890476,0.07500279,0.02362184,0.05101488,0.040623993,0.048139315,0.03962719,0.041640323,0.021047214,0.069050685,0.060827404
78,0.12751298,0.02599331,0.048280716,0.050091326,0.06983678,0.06706195,0.06200211,0.054876383,0.06653562,0.07136919,0.0544868,0.040565897,0.026959756,0.06799232,0.07760137,0.08883351
79,0.117923595,0.051954195,0.03568991,0.050554816,0.10399819,0.07452902,0.07876884,0.02406857,0.09303886,0.059182435,0.07114513,0.039211545,0.04101322,0.017900305,0.050912093,0.09010922
80,0.09768199,0.045351997,0.039299596,0.03799056,0.058016594,0.0871295,0.040340994,0.02628274,0.045401704,0.05539299,0.07733882,0.08133025,0.04996485,0.10897518,0.071223445,0.07827876
81,0.10651767,0.039256338,0.033954453,0.046937834,0.11381116,0.055535078,0.07343166,0.037162196,0.055995565,0.09974825,0.060619403,0.061407197,0.06404919,0.035744157,0.051972643,0.06385725
82,0.068797864,0.07753962,0.041808862,0.033825953,0.075905316,0.102609366,0.08832988,0.019214457,0.06731849,0.06441245,0.08995978,0.054173425,0.07624139,0.025201218,0.047261175,0.06740067
83,0.059663877,0.047198907,0.0393353,0.095603704,0.09156531,0.044760305,0.05630507,0.046336666,0.051054228,0.060408443,0.09644363,0.08621195,0.057293367,0.08865104,0.03576247,0.0434057
84,0.118117,0.038546156,0.04802653,0.040170815,0.09188068,0.06857263,0.074264966,0.042584334,0.03253473,0.11728797,0.03500862,0.030979095,0.07016916,0.023741147,0.12062606,0.04749011
85,0.07393014,0.07697408,0.05120489,0.062176585,0.10172274,0.05638051,0.04579046,0.041205306,0.03639307,0.10754877,0.05379337,0.040301144,0.055134896,0.05001582,0.08908983,0.058338437
86,0.04540977,0.07642137,0.042620763,0.085025124,0.06489975,0.06994585,0.047206044,0.032790303,0.08482801,0.06156106,0.07473556,0.06385478,0.040666282,0.051353175,0.0741241,0.08455809
87,0.11683483,0.059196085,0.028361296,0.090180516,0.15040512,0.0220671,0.030096918,0.023592157,0.1142047,0.028575508,0.13074039,0.05344675,0.02767089,0.050122634,0.026081378,0.04842375
88,0.10492742,0.053358067,0.056876015,0.06294001,0.1297845,0.044498336,0.061251044,0.037555408,0.07841127,0.054969877,0.104737915,0.061401222,0.02712267,0.022033723,0.024241453,0.07589101
89,0.085779704,0.14645062,0.067499034,0.027212745,0.101216905,0.050212245,0.059958052,0.027357273,0.037893947,0.046834752,0.06357025,0.037925113,0.09363144,0.03369752,0.07439367,0.046366747
90,0.08770621,0.062029023,0.06660371,0.04250985,0.06799405,0.0739458,0.041627288,0.04797254,0.035030603,0.09444642,0.060221303,0.06165214,0.049032852,0.060764726,0.072853215,0.07561036
91,0.08072732,0.079174675,0.034738358,0.09055117,0.23275495,0.026617676,0.0431202,0.020582298,0.04211053,0.042636637,0.051264014,0.09176761,0.0446253,0.045505676,0.033895884,0.039927702
92,0.05574585,0.08547112,0.07476925,0.047821697,0.07975522,0.047549635,0.05117858,0.070597924,0.035733018,0.06614916,0.07334034,0.07044418,0.07626113,0.07401982,0.037093334,0.054069772
93,0.12790482,0.047708485,0.02327417,0.09044314,0.17145045,0.063659586,0.061029624,0.016563082,0.049258333,0.05828059,0.09055582,0.057437513,0.044015985,0.016108908,0.024227014,0.05808249
94,0.056556094,0.10212523,0.06591516,0.08851386,0.09384606,0.023739487,0.021848993,0.047882903,0.055086557,0.058288187,0.07747865,0.07807835,0.034891166,0.09302362,0.06205323,0.040672492
95,0.06384393,0.035607595,0.04312976,0.038990024,0.048680365,0.054848924,0.079018526,0.059489746,0.08861842,0.03970695,0.10473137,0.07151558,0.074049585,0.098579735,0.034665197,0.064524315
96,0.08155864,0.064891815,0.046836227,0.060923446,0.13060223,0.06088702,0.07835555,0.032830816,0.050603617,0.050510306,0.046938974,0.04273576,0.04515483,0.05592515,0.07007668,0.081168965
97,0.061130617,0.039202526,0.043901492,0.04340564,0.064466424,0.070794225,0.07815604,0.04231449,0.06353322,0.05316819,0.08642178,0.11946937,0.058657516,0.0749306,0.023069574,0.07737827
98,0.086883664,0.035007656,0.056099057,0.061920334,0.06996506,0.06399178,0.06951958,0.05109115,0.098369785,0.07779198,0.08723914,0.052301656,0.023754993,0.022314148,0.041944128,0.10180595
99,0.06001846,0.056516707,0.032133576,0.07951137,0.11733412,0.060526952,0.07613466,0.03746574,0.050737742,0.10844731,0.06880816,0.033191513,0.06418762,0.02588842,0.057329327,0.07176836
100,0.08730894,0.055356156,0.06794124,0.056584332,0.07062683,0.06830037,0.062036965,0.057745725,0.05301571,0.08303555,0.062198147,0.061200168,0.050706748,0.037476465,0.06531785,0.061148822
101,0.12853877,0.015399374,0.03014416,0.055984262,0.06359285,0.05807549,0.048592936,0.06087445,0.037834518,0.15377147,0.04582185,0.052342337,0.040508505,0.073866524,0.091756225,0.042896237
102,0.09234444,0.05976511,0.10892743,0.04448243,0.08928659,0.06606003,0.0723218,0.05256002,0.044217795,0.06208703,0.0398151,0.05107929,0.033233557,0.032916237,0.07535408,0.075549066
103,0.08481467,0.09175863,0.08209123,0.046017822,0.086489916,0.049710553,0.05443116,0.044964056,0.04975896,0.044674844,0.054698538,0.053789187,0.05046873,0.05827413,0.07996821,0.068089314
104,0.05755185,0.06866873,0.040416367,0.0985375,0.16447248,0.03473218,0.042129744,0.03399387,0.047558308,0.070671014,0.0735498,0.05968834,0.033595253,0.05763483,0.04925641,0.06754332
105,0.10137653,0.03790034,0.061208073,0.04796617,0.07006798,0.05727188,0.06547245,0.05251616,0.08778938,0.042469386,0.08861217,0.07912806,0.030696211,0.056626707,0.029859362,0.09103915
106,0.053689063,0.030246144,0.027142877,0.08710725,0.091551505,0.08632804,0.11489948,0.03230938,0.05352421,0.06826678,0.04642166,0.08423587,0.050255448,0.07412034,0.03848681,0.061415136
107,0.067503676,0.038319126,0.032767415,0.06402438,0.15691096,0.06841672,0.11265663,0.03413102,0.03518504,0.09548526,0.04615106,0.04800779,0.05544248,0.028294569,0.027460685,0.08924321
108,0.046421874,0.0371054,0.030991828,0.048668906,0.05829068,0.0909277,0.10440159,0.03709952,0.098210655,0.062102336,0.06294256,0.039687216,0.05291042,0.056729853,0.066016786,0.10749268
109,0.100126356,0.043737333,0.03722531,0.0560295,0.0873344,0.07482803,0.07136158,0.03052088,0.06552372,0.071871765,0.10487936,0.046490937,0.049376663,0.038562924,0.052664813,0.06946644
110,0.08915335,0.031617567,0.026539808,0.090182565,0.11111164,0.050463784,0.045971233,0.03144192,0.04125743,0.11016288,0.04870234,0.08762789,0.043505814,0.08465346,0.07236495,0.035243403
111,0.11548117,0.08212388,0.05419651,0.04530782,0.1303572,0.05115385,0.052237127,0.028768877,0.055452615,0.05088806,0.09025348,0.060196143,0.04429412,0.031136116,0.032229234,0.07592384
112,0.064955555,0.059210923,0.05747712,0.05756803,0.08407694,0.05752789,0.068199195,0.05337223,0.068708695,0.0822377,0.08558146,0.032771077,0.04091459,0.030328145,0.05893959,0.098130874
113,0.06239808,0.04097374,0.048405528,0.053796876,0.060801845,0.114708744,0.07974684,0.036782052,0.0512608,0.055596907,0.068583935,0.08170708,0.039913848,0.05320269,0.03516747,0.11695355
114,0.08122572,0.045608114,0.07246924,0.05757801,0.08728195,0.053668737,0.05319929,0.059499133,0.041193936,0.076383784,0.050427634,0.047182333,0.029866874,0.067949794,0.082912706,0.093552686
115,0.069969535,0.0611197,0.051012676,0.0592564,0.08673557,0.049715444,0.0606885,0.042641312,0.09035099,0.07270249,0.14216739,0.051355887,0.04371071,0.027129987,0.031803843,0.059639573
116,0.04384465,0.1294231,0.04173228,0.06381432,0.17179473,0.05990645,0.07608796,0.020642774,0.04324837,0.039541963,0.050030377,0.027635837,0.047790263,0.024088288,0.03582817,0.12459049
117,0.077744044,0.10025006,0.114685975,0.03512269,0.06724912,0.044956088,0.053977698,0.052447855,0.067902975,0.034739923,0.064816244,0.04652478,0.041000884,0.051023986,0.067068316,0.080489345
118,0.12493669,0.091035254,0.0738734,0.038556393,0.10295338,0.045556005,0.05392444,0.040524617,0.054385584,0.049552377,0.08423174,0.035300825,0.049886838,0.03504699,0.06256371,0.057671715
119,0.0885321,0.07782837,0.027123472,0.06747057,0.16581692,0.060773045,0.068164416,0.017513674,0.065867774,0.056697946,0.07382682,0.035493433,0.052267343,0.01706742,0.044871878,0.08068482
120,0.115631066,0.034449223,0.06168072,0.07907254,0.14679547,0.026130574,0.05352472,0.08152116,0.05583122,0.059990674,0.10317648,0.054841604,0.025943564,0.024707394,0.018102864,0.05860066
121,0.088080764,0.043412074,0.02937094,0.074444205,0.12914956,0.034129858,0.050156135,0.046212185,0.053877577,0.09223658,0.086566426,0.06306396,0.06403863,0.06390206,0.041030347,0.040328693
122,0.13602905,0.044737425,0.037637625,0.04570799,0.15603118,0.057947308,0.086658694,0.022826388,0.0707775,0.046911646,0.05901357,0.021629551,0.029172808,0.01558284,0.054608017,0.11472837
123,0.11224702,0.039860386,0.035103347,0.06398554,0.07687186,0.062448177,0.0481787,0.03763987,0.072521694,0.07926961,0.065752216,0.06538928,0.042440653,0.054805543,0.07574534,0.06774076
124,0.10468007,0.06736392,0.06587358,0.052767515,0.13462146,0.05725788,0.07478559,0.027656475,0.060606673,0.03570293,0.04381493,0.06325048,0.03250044,0.01781406,0.048330743,0.112973236
125,0.091932476,0.042520124,0.061002467,0.039230622,0.06154442,0.055249825,0.050236057,0.06263412,0.047130536,0.09902128,0.08770571,0.10561201,0.06508459,0.041006263,0.03836892,0.051720608
126,0.0678739,0.04868992,0.037592743,0.09995943,0.1114477,0.047449242,0.05656004,0.036725223,0.066856794,0.06888231,0.07238459,0.060118426,0.03502189,0.06415247,0.062382936,0.06390234
127,0.07853279,0.07374891,0.07672358,0.056170393,0.07956418,0.05556767,0.057958383,0.043997984,0.07992492,0.034886867,0.092918724,0.07310141,0.031146303,0.048598032,0.02767083,0.089488976
128,0.09026014,0.03228643,0.024279727,0.08469842,0.08516666,0.033588935,0.04422903,0.0409847,0.08376268,0.06443236,0.08480203,0.06443714,0.056165475,0.106195144,0.06806356,0.03664759
129,0.0970126,0.07181972,0.057009924,0.059739742,0.119368136,0.0529429,0.07185849,0.038535085,0.05541857,0.052037116,0.077226646,0.07668264,0.057077613,0.026399264,0.029693315,0.05717827
130,0.13206446,0.06670805,0.0625568,0.054441974,0.12034348,0.055639703,0.061794396,0.03637424,0.0398423,0.035812132,0.05916345,0.087159514,0.051968973,0.047390964,0.032448944,0.0562906
131,0.10053775,0.12014169,0.04064629,0.051701795,0.18355443,0.05123819,0.06631652,0.014924776,0.044078004,0.029252404,0.055799473,0.04897802,0.06393223,0.025465867,0.040271785,0.06316075
132,0.08155894,0.058249146,0.07603607,0.046594452,0.13742413,0.06417691,0.10194752,0.043248888,0.041646082,0.08954588,0.043104995,0.039471295,0.041256875,0.024381265,0.044656698,0.06670084
133,0.09709227,0.054020498,0.04528667,0.046933133,0.10599211,0.0818496,0.09172278,0.030769745,0.062348355,0.079176135,0.051170576,0.03891712,0.04874244,0.014864049,0.052927684,0.09818692
134,0.100668825,0.085719205,0.0963851,0.053913433,0.12202672,0.02213569,0.023986766,0.06163271,0.028029924,0.11059952,0.043312352,0.03092187,0.03549769,0.039167732,0.11886236,0.02714011
135,0.046083525,0.03677719,0.042779118,0.021532184,0.021468064,0.11013672,0.06449141,0.0350656,0.11038884,0.03624032,0.14001667,0.057328727,0.055312645,0.08988855,0.044012327,0.088478096
136,0.06557236,0.08000263,0.08687684,0.04992695,0.07030036,0.046245728,0.04514719,0.05150905,0.051442116,0.05681933,0.056291014,0.10423925,0.052430317,0.07098043,0.06335702,0.048859406
137,0.0774633,0.08506641,0.08544067,0.04730782,0.080010556,0.07134124,0.0710932,0.04263602,0.04997922,0.05289005,0.061506003,0.062656924,0.056082312,0.033099826,0.056989294,0.06643715
138,0.11262856,0.07804139,0.058883876,0.03421656,0.07965601,0.051968936,0.04868181,0.041790977,0.04717574,0.08617666,0.099455856,0.046356898,0.07699781,0.03355799,0.0641766,0.04023431
139,0.10260142,0.07477535,0.062372044,0.044191826,0.105169885,0.07353966,0.0782766,0.036154613,0.049525026,0.044565003,0.06325205,0.046905514,0.053108435,0.044024307,0.039394643,0.082143605
140,0.13222907,0.037610542,0.031227292,0.09858185,0.13427691,0.02272214,0.029810948,0.03449862,0.09705132,0.06806553,0.06631802,0.04572123,0.024339268,0.039300684,0.098938204,0.03930841
141,0.076652706,0.0739821,0.07232528,0.068584695,0.12860833,0.06314853,0.08188721,0.04123072,0.039164577,0.054352295,0.042932313,0.050819974,0.043164596,0.04813327,0.057701018,0.05731238
142,0.072616994,0.043343674,0.033223014,0.08566451,0.0899205,0.06646492,0.059568513,0.039644234,0.071707994,0.07483391,0.08107922,0.06530935,0.0359071,0.044890165,0.03389964,0.10192624
143,0.064666495,0.050399646,0.048160065,0.060404968,0.10697541,0.09113473,0.098894805,0.034015767,0.043774202,0.070463285,0.04008912,0.04712522,0.04341178,0.06336451,0.06086867,0.07625135
144,0.08168185,0.14281335,0.08361491,0.047744375,0.13537858,0.027482852,0.033849124,0.032058824,0.061133057,0.04022154,0.0884887,0.04758145,0.032227505,0.02481187,0.04461271,0.07629933
145,0.076118305,0.040170167,0.042069912,0.05113967,0.07891297,0.074537344,0.10552778,0.038771104,0.10356846,0.056324605,0.06634092,0.044999048,0.04041027,0.0358571,0.0482128,0.09703954
146,0.07541674,0.115201704,0.0614389,0.038214024,0.100949176,0.048387717,0.0692459,0.020527268,0.06667853,0.015179967,0.058175534,0.098317325,0.06553221,0.059302736,0.031930316,0.075501956
147,0.094869815,0.04514615,0.04834569,0.07228627,0.09698942,0.040998634,0.06362892,0.058832992,0.093014,0.04840682,0.108267665,0.045263916,0.040827706,0.04107968,0.03200799,0.070034385
148,0.10069034,0.023392603,0.037366007,0.0855158,0.06467084,0.056931455,0.073433094,0.06425891,0.09886853,0.06320873,0.096593656,0.07523103,0.03612235,0.03535313,0.02366964,0.06469389
149,0.092725635,0.05644378,0.102253415,0.031293113,0.051528204,0.0655696,0.055893045,0.05691728,0.07264587,0.06503973,0.08131311,0.045215752,0.03258239,0.033240605,0.0719958,0.08534265
150,0.06279987,0.040620897,0.07287025,0.034074362,0.042795736,0.052916974,0.06406837,0.10159189,0.052796777,0.09344932,0.07066324,0.025680246,0.05930519,0.082202874,0.09853109,0.04563293
151,0.070926405,0.04781002,0.0568874,0.051106405,0.06811209,0.053414922,0.059455976,0.056441743,0.0722632,0.09251768,0.077928044,0.07479494,0.048661277,0.049516086,0.05767046,0.062493343
152,0.06394898,0.11251526,0.054163802,0.07741834,0.16252917,0.028369041,0.049469087,0.02561157,0.09106368,0.029508078,0.08423323,0.055592943,0.034412604,0.02215459,0.03862349,0.070386164
153,0.12427711,0.05619931,0.12438181,0.06255553,0.096714176,0.025498977,0.057247687,0.06777745,0.07608383,0.023078693,0.06718915,0.047400463,0.021998698,0.04918595,0.05108449,0.049326703
154,0.08997569,0.05191717,0.02893625,0.06317199,0.17297114,0.08346558,0.10675157,0.015948603,0.040956292,0.069161914,0.038011823,0.06497915,0.06300187,0.018906876,0.03578635,0.056057762
155,0.08947849,0.021836067,0.056672852,0.04217319,0.04858373,0.08741343,0.081552096,0.07847064,0.058468554,0.08383503,0.060190376,0.040022954,0.030642256,0.06943485,0.05624348,0.09498203
156,0.083935864,0.11828464,0.061896544,0.041593842,0.10585632,0.04965925,0.048255756,0.026419142,0.051411822,0.04972635,0.07991534,0.06189896,0.05971961,0.035930686,0.06151906,0.06397681
157,0.09760777,0.08082852,0.06868732,0.04985187,0.1052487,0.059444625,0.058200065,0.04124522,0.039990287,0.048879024,0.06864957,0.06358258,0.05125965,0.061459053,0.04053008,0.06453566
158,0.08530296,0.0571494,0.024186589,0.07743853,0.1194269,0.06508536,0.049982328,0.01794683,0.05812471,0.087259196,0.10925776,0.074041896,0.055488493,0.02390345,0.039425824,0.055979773
159,0.08210972,0.0330334,0.03278853,0.09929616,0.11928978,0.05322023,0.07532821,0.053081658,0.055366296,0.117931575,0.058250833,0.036409695,0.0397971,0.033600014,0.048382122,0.06211466
160,0.061803598,0.035285756,0.034721036,0.10141794,0.093774565,0.049783435,0.09645804,0.048978385,0.1087355,0.033679046,0.1085901,0.064935885,0.034839388,0.030709023,0.010669383,0.08561891
161,0.11374659,0.11456034,0.029851174,0.022386173,0.106437095,0.08481633,0.052251518,0.010037545,0.03810386,0.050764013,0.059388265,0.039294776,0.10608098,0.02232083,0.06360815,0.08635235
162,0.08589071,0.049682677,0.043446776,0.06775438,0.12032644,0.06560866,0.062492058,0.038643744,0.04875811,0.0878038,0.045169283,0.05392179,0.03526693,0.053434547,0.0539246,0.08787554
163,0.064786434,0.09474341,0.069399625,0.03652072,0.07675149,0.070753984,0.060505807,0.029960616,0.047355015,0.03312312,0.084237434,0.072832905,0.05343251,0.08019664,0.039572813,0.08582747
164,0.098663844,0.06955537,0.07778498,0.030470684,0.054077458,0.059571877,0.06520312,0.049234852,0.06824451,0.032021783,0.11206166,0.077257566,0.07283119,0.047252834,0.03124986,0.05451839
165,0.0969185,0.028940946,0.032937806,0.09199891,0.13321026,0.041535124,0.060907718,0.05832891,0.047652025,0.09880075,0.06146953,0.06447045,0.037394885,0.05753228,0.03047297,0.0574289
166,0.093752645,0.0713313,0.05688079,0.026012043,0.07361642,0.094323725,0.06745753,0.025633648,0.05211522,0.05505535,0.08628639,0.05253436,0.060995102,0.024779668,0.039604064,0.11962175
167,0.08047775,0.057143703,0.07271854,0.044258345,0.06050685,0.06313078,0.053488422,0.054023247,0.058040638,0.060218573,0.06290323,0.0634667,0.045506835,0.06481118,0.08308243,0.07622272
168,0.15181558,0.035792794,0.066559084,0.045420896,0.07609435,0.038782433,0.03922221,0.06558758,0.050009694,0.09844742,0.064856194,0.042719077,0.03816639,0.037801392,0.10741177,0.041313127
169,0.08887377,0.028808163,0.030197473,0.068799034,0.106471926,0.06844599,0.08628013,0.035311915,0.052679297,0.0871196,0.05092844,0.07582604,0.048871603,0.055660695,0.052156832,0.06356915
170,0.123342894,0.07546466,0.07955107,0.032001108,0.059158746,0.059571017,0.043572966,0.0345566,0.07237399,0.04444809,0.09742362,0.06716927,0.042611618,0.045781743,0.064434476,0.058538143
171,0.072873056,0.054340497,0.046554387,0.10801057,0.12353464,0.044838827,0.06396879,0.052227076,0.07558607,0.05970894,0.081107266,0.040273514,0.03328065,0.031192848,0.03752554,0.0749773
172,0.12710606,0.07175908,0.058339592,0.029802376,0.14548513,0.05499998,0.07601086,0.025374828,0.044791967,0.061496347,0.050879087,0.03011661,0.04878516,0.018046476,0.07713545,0.07987095
173,0.06565804,0.09226217,0.056631286,0.07191322,0.14410502,0.06181095,0.054996043,0.025171818,0.043884292,0.07560447,0.05226833,0.053134352,0.03465941,0.019063113,0.056277186,0.092560254
174,0.12282982,0.054025475,0.061999995,0.045357108,0.0776447,0.059233267,0.06453043,0.044412892,0.07907892,0.041543666,0.087427676,0.045612916,0.043219626,0.0380249,0.05211057,0.08294801
175,0.07305628,0.038391996,0.036381636,0.08943645,0.10067603,0.058925744,0.10662669,0.035192057,0.07330561,0.047475222,0.06095856,0.08936679,0.0559016,0.0448589,0.038470004,0.050976474
176,0.07124579,0.04124317,0.085113,0.06375605,0.06681589,0.06924206,0.08204233,0.06877334,0.06656045,0.052367676,0.050654728,0.06742702,0.029916862,0.04091725,0.054575205,0.08934923
177,0.079361275,0.054867994,0.044258397,0.07666266,0.12785031,0.07366403,0.10210955,0.029756015,0.07122358,0.034559183,0.07159015,0.051445443,0.033591207,0.022813864,0.019413797,0.10683256
178,0.046618164,0.08692061,0.048346832,0.09371408,0.1289608,0.040102635,0.045633167,0.040521134,0.061673865,0.06495541,0.08482769,0.058512527,0.03231588,0.03710698,0.031728897,0.098061346
179,0.10573906,0.07761214,0.051497813,0.08458072,0.19541351,0.03793912,0.04682788,0.02107399,0.049589712,0.032244653,0.057740014,0.09413397,0.026781939,0.020533457,0.029165387,0.06912666
180,0.07062398,0.07139743,0.035650875,0.05099838,0.12192128,0.049256455,0.046949923,0.019635001,0.06931084,0.025137315,0.07442049,0.06644678,0.034235362,0.09100124,0.0413809,0.13163374
181,0.05563261,0.022725074,0.015979804,0.10298068,0.09260321,0.06683283,0.08380484,0.03218471,0.049273636,0.097575665,0.04917522,0.08338193,0.064991534,0.08632403,0.04838502,0.04814918
182,0.05712773,0.060413644,0.05310606,0.08782664,0.13081849,0.029106775,0.064130984,0.052821677,0.090504795,0.058206674,0.1100474,0.057878256,0.03376702,0.028038645,0.02714734,0.05905788
183,0.10741057,0.082006484,0.06614176,0.039541114,0.08515646,0.069975615,0.065850794,0.021942971,0.07885325,0.02038943,0.087964885,0.054895375,0.03360486,0.04172319,0.04294999,0.101593256
184,0.061704487,0.061128195,0.056706104,0.09118233,0.1053546,0.038232084,0.040417694,0.05016778,0.05237906,0.094984315,0.055708144,0.052005243,0.031568434,0.043883175,0.09354844,0.07102989
185,0.09430578,0.050752923,0.05961071,0.027182663,0.04463323,0.08207672,0.051409762,0.054995954,0.046536323,0.1078653,0.086762585,0.04392603,0.07138842,0.048996795,0.07146012,0.058096677
186,0.08171336,0.022555662,0.03403831,0.089571685,0.07478827,0.045629352,0.050222497,0.05413365,0.08513553,0.14475426,0.07617542,0.056251332,0.022849262,0.033013742,0.061466534,0.06770113
187,0.06758907,0.09218776,0.038586754,0.07146152,0.17786472,0.034313794,0.04726543,0.031603713,0.051357582,0.07593724,0.09014752,0.03963511,0.049522597,0.026197322,0.039322194,0.0670077
188,0.10295462,0.11296046,0.044608112,0.03579406,0.08245083,0.044270176,0.034815934,0.022340665,0.059923604,0.03431046,0.08332495,0.08772138,0.0856677,0.062137008,0.05579516,0.050924834
189,0.07817503,0.07856723,0.034527343,0.06341349,0.16244455,0.060207095,0.061739996,0.01861198,0.03959098,0.059956294,0.04518951,0.08314616,0.062149446,0.040831853,0.049882933,0.061566174
190,0.07696812,0.10551532,0.044666708,0.04430966,0.121449985,0.052317962,0.046531152,0.020990482,0.05547147,0.056381434,0.079449035,0.07561863,0.057455387,0.029731622,0.046193797,0.08694923
191,0.06949895,0.010005288,0.016419144,0.04671204,0.029402306,0.050411284,0.06487081,0.02698637,0.20830983,0.02489625,0.2468204,0.07611375,0.029659485,0.041448385,0.009459309,0.048986375
192,0.11421164,0.046725065,0.086121194,0.027270317,0.040678527,0.07808589,0.050503027,0.060158074,0.058137428,0.09006676,0.08943542,0.055524856,0.05102179,0.031120686,0.065824226,0.055115048
193,0.08904731,0.05190487,0.04432891,0.0760597,0.09893406,0.0336947,0.04648584,0.052076414,0.067423366,0.081474334,0.079833984,0.054584686,0.055953834,0.060986597,0.07389977,0.03331161
194,0.1901205,0.11179241,0.047944326,0.036190484,0.18281148,0.018906957,0.023537794,0.015537035,0.027008863,0.019852607,0.07053378,0.08907271,0.055055708,0.040642995,0.040176492,0.03081586
195,0.06584988,0.026485264,0.04555428,0.043444976,0.04263507,0.07990764,0.09726552,0.06031254,0.12408998,0.07998202,0.11008191,0.036372382,0.035792045,0.026183859,0.037864495,0.08817816
196,0.09200285,0.030522348,0.017816013,0.11735403,0.1359744,0.048850525,0.05354993,0.024691792,0.055987637,0.07831904,0.10644194,0.085673235,0.045445967,0.033443306,0.019867655,0.054059293
197,0.100202344,0.0519663,0.06320124,0.044094812,0.07742244,0.076232515,0.06922892,0.04722616,0.040281292,0.07938429,0.060278524,0.06377288,0.06407621,0.04647489,0.06157246,0.054584786
198,0.039167065,0.10754568,0.06347836,0.055648584,0.13107361,0.05376193,0.06744176,0.036209077,0.018538075,0.068408474,0.024424905,0.043728884,0.06818368,0.09396354,0.08278668,0.045639694
199,0.06751979,0.051228505,0.030728428,0.080584794,0.13874952,0.07202014,0.07846783,0.02299293,0.044486236,0.09447419,0.05540276,0.07981111,0.054505944,0.026570907,0.04081773,0.06163917
200,0.06932787,0.09750842,0.049121037,0.03800076,0.12874068,0.06868395,0.0977777,0.023445874,0.056391682,0.042399675,0.06497973,0.040299535,0.06340779,0.024278097,0.039804857,0.095832385
201,0.04930641,0.06907162,0.060288027,0.07432012,0.096919976,0.048194215,0.053593487,0.060371894,0.034581814,0.08583206,0.047150075,0.07215462,0.05617184,0.07450771,0.059484694,0.058051396
202,0.06523667,0.03821617,0.044185173,0.083431296,0.10673052,0.077046655,0.08417494,0.047286753,0.027427094,0.09572207,0.029290058,0.06522594,0.05210514,0.07328407,0.062426686,0.04821078
203,0.09446897,0.048619878,0.057555407,0.056639224,0.070134714,0.07841868,0.061732892,0.03985976,0.054468483,0.047431353,0.07163875,0.08899289,0.042845342,0.080088496,0.04444371,0.06266142
204,0.08887703,0.055489153,0.03411207,0.07623295,0.14167559,0.04758362,0.047472686,0.030251728,0.038046736,0.10114797,0.06743041,0.06237122,0.055660695,0.040220913,0.06237595,0.051051278
205,0.06625811,0.06305852,0.063770406,0.06886875,0.09913259,0.055634756,0.057988342,0.040293533,0.058082223,0.08716989,0.07011721,0.09048846,0.03966766,0.029340968,0.0474104,0.06271819
206,0.0965934,0.044053134,0.089169405,0.09477526,0.13360147,0.031422082,0.06378269,0.0730096,0.055461306,0.0798901,0.039497796,0.03322867,0.02348681,0.020732228,0.072616994,0.04867904
207,0.052096654,0.071439534,0.073637374,0.064603664,0.10568484,0.05316615,0.06785662,0.051768273,0.045647535,0.07822314,0.05780272,0.08135041,0.043999735,0.05281848,0.039209202,0.060695663
208,0.11046418,0.10184241,0.06696636,0.027544444,0.09552274,0.05965835,0.05344532,0.027062641,0.042179406,0.04443894,0.0634379,0.054208606,0.06715095,0.04275332,0.06766047,0.07566395
209,0.11688491,0.035634696,0.04560857,0.07366439,0.098510556,0.06393427,0.059313755,0.0454451,0.043419387,0.06770388,0.06197955,0.07843293,0.03683011,0.06912953,0.046726868,0.056781497
210,0.076449044,0.04093531,0.032691512,0.038300112,0.061158597,0.0626944,0.07005986,0.025321782,0.11622683,0.026370326,0.09821612,0.09461883,0.050447494,0.086648285,0.034626696,0.0852348
211,0.07471791,0.07343153,0.04058307,0.028423503,0.09879112,0.07065819,0.107165456,0.024421087,0.051766425,0.051006764,0.08424696,0.069415025,0.12253445,0.023559825,0.026644917,0.052633747
212,0.07004281,0.05774985,0.0605641,0.10103195,0.10037581,0.03139496,0.034394477,0.059762876,0.07611903,0.08767887,0.08860945,0.037142713,0.019187173,0.035596322,0.060869034,0.07948056
213,0.10415733,0.04077572,0.061684925,0.04978074,0.084019266,0.05305445,0.059925992,0.05545571,0.058312967,0.10051453,0.06501577,0.05293728,0.042125467,0.040212035,0.08063844,0.051389407
