,HS,VA3,VA1,FI2,FI1,IM1,IM2,VA2,AV2,PE2,AV1,AV3,IM4,BA,PE1,IM3
0,0.04583447,0.096301906,0.06937373,0.082434036,0.10016582,0.047584336,0.037809245,0.049058948,0.04445569,0.058899958,0.06628126,0.052078616,0.031193456,0.0717181,0.054916155,0.091894336
1,0.07183761,0.08024373,0.10934927,0.035840474,0.087208964,0.062780164,0.05221477,0.04727249,0.04584263,0.05016305,0.045199763,0.05218781,0.031325813,0.053814586,0.07482782,0.09989106
2,0.08910368,0.0750282,0.040439423,0.020355001,0.038430203,0.13507427,0.05242045,0.017526416,0.03846008,0.048134442,0.060070265,0.08967618,0.069594674,0.07077912,0.05201912,0.10288846
3,0.038211334,0.049536336,0.037122607,0.084875286,0.06530425,0.07990097,0.048135724,0.044031963,0.0429394,0.11820173,0.07643213,0.056184176,0.039336707,0.054103386,0.04845379,0.117230214
4,0.09161047,0.056085944,0.08040669,0.04567103,0.07527723,0.04658289,0.06455109,0.05784981,0.084993534,0.040803775,0.074354775,0.07443545,0.041488577,0.04240809,0.050379947,0.07310072
5,0.03543065,0.056407213,0.064199015,0.06619227,0.094635606,0.061066244,0.08044583,0.064212516,0.0381202,0.05245923,0.049081054,0.10305992,0.031319916,0.077599354,0.02638802,0.099383
6,0.06975586,0.08665315,0.040775925,0.040995304,0.11728325,0.060087275,0.04831895,0.025914332,0.036629084,0.057148516,0.07613608,0.08655718,0.043272983,0.07823009,0.030585103,0.10165692
7,0.088503204,0.063125715,0.053828236,0.049889237,0.069286816,0.07340246,0.07185164,0.040488392,0.06367286,0.051331356,0.0738771,0.06679563,0.06270579,0.042840797,0.05197845,0.07642231
8,0.04497774,0.08765167,0.05535975,0.05230652,0.05841321,0.08339266,0.06322705,0.046930235,0.041902225,0.07538642,0.05286637,0.10899005,0.060486097,0.05801772,0.03798969,0.07210261
9,0.06680436,0.067759074,0.076623775,0.033746198,0.060019147,0.087926455,0.058614697,0.032530848,0.058342982,0.034206763,0.06550257,0.12530568,0.031451996,0.04619727,0.031239575,0.1237286
10,0.09067736,0.09608352,0.09275947,0.038967382,0.08016578,0.07597304,0.07711792,0.04541527,0.04058578,0.03820226,0.04607584,0.054147806,0.05236058,0.04751271,0.055844862,0.068110414
11,0.055740405,0.043037087,0.0684383,0.05525893,0.200332,0.0675224,0.0816252,0.053319354,0.020587096,0.085205905,0.023304293,0.07227782,0.015313193,0.04859407,0.03401895,0.07542498
12,0.07090924,0.046333697,0.057875868,0.08593742,0.056507368,0.07177565,0.07291774,0.061603308,0.082234435,0.055339333,0.08037356,0.047147166,0.05266388,0.02373681,0.054695874,0.0799486
13,0.07607812,0.03312842,0.048313737,0.06212386,0.1029884,0.0330987,0.06034505,0.08564639,0.0613334,0.05205145,0.109441705,0.06989205,0.030584268,0.05740625,0.024803886,0.09276434
14,0.049416408,0.08651999,0.05754919,0.033700656,0.0511885,0.1018169,0.08677572,0.05293415,0.025248388,0.10033461,0.046478253,0.036966424,0.08035868,0.05154934,0.060115952,0.07904686
15,0.08434919,0.047002535,0.040026363,0.06604043,0.07039306,0.06310197,0.095890515,0.0728626,0.044886928,0.05785887,0.10228797,0.03503747,0.07751488,0.042614877,0.030493379,0.06963897
16,0.10597229,0.06937642,0.064373046,0.06353307,0.13793734,0.034727365,0.037600223,0.050018076,0.049824417,0.08211113,0.05958748,0.041232105,0.031064214,0.047966927,0.07477352,0.04990236
17,0.0976899,0.026099518,0.04892297,0.05298944,0.07255856,0.044101536,0.079809554,0.09835309,0.059245467,0.065540195,0.08828631,0.0796031,0.038431164,0.051758748,0.03153747,0.06507301
18,0.09453425,0.10485295,0.07725909,0.034645498,0.097300224,0.04941671,0.04758363,0.047364283,0.04807073,0.06568763,0.046604235,0.05231464,0.055781797,0.06408218,0.0699738,0.04452833
19,0.09791029,0.0314364,0.10778085,0.025118327,0.05499682,0.029621085,0.039410826,0.08649384,0.079064846,0.04409143,0.05862838,0.113096595,0.020471836,0.08284548,0.06831987,0.060713097
20,0.07784667,0.062230766,0.07604236,0.041608308,0.067079104,0.049595226,0.05488019,0.06325529,0.044063974,0.05199923,0.054339692,0.087325305,0.039505634,0.09565278,0.058622476,0.075953014
21,0.07763854,0.09513419,0.058545694,0.029396787,0.06955239,0.07117863,0.04766326,0.03558355,0.030393885,0.050788607,0.05266362,0.08201908,0.054285537,0.12352415,0.04778791,0.07384414
22,0.088383704,0.03982246,0.063800596,0.055909544,0.074139506,0.049653187,0.064798385,0.045083474,0.11091068,0.038856167,0.07540226,0.07820986,0.04094794,0.034773063,0.06304887,0.07626029
23,0.07395595,0.035666656,0.053893846,0.051011305,0.06587622,0.04548316,0.0771274,0.092764765,0.055838495,0.0433317,0.083880164,0.07053531,0.04678816,0.085309625,0.037202314,0.08133491
24,0.098914765,0.06926337,0.038208246,0.026812265,0.055086095,0.069332965,0.05234537,0.037108853,0.024438115,0.09159342,0.051570836,0.029153695,0.08779517,0.10324832,0.08777944,0.07734904
25,0.08268606,0.028199032,0.055738214,0.08054377,0.10741612,0.039385147,0.070012935,0.110539086,0.05490614,0.0839025,0.068573736,0.055039328,0.027951902,0.03855535,0.037936687,0.058614016
26,0.06503799,0.032585453,0.043349802,0.095365636,0.11211907,0.03989908,0.070215195,0.06988428,0.06828205,0.041182786,0.09682325,0.08320258,0.027852088,0.051237714,0.020384565,0.08257845
27,0.07335108,0.039105013,0.10337598,0.030148955,0.06874132,0.057339687,0.08004379,0.064249925,0.061572358,0.03492825,0.0434027,0.098856844,0.02829615,0.06648743,0.05395624,0.09614428
28,0.07511127,0.09648999,0.091258496,0.05182779,0.09896467,0.049949225,0.041304152,0.04615574,0.051279802,0.050572306,0.08656779,0.06416067,0.026039667,0.03604139,0.035189305,0.09908775
29,0.050463844,0.060535893,0.05797346,0.054614116,0.12536663,0.06486515,0.08728071,0.07173226,0.023326108,0.08517253,0.05284543,0.04293059,0.035279103,0.06381654,0.028926164,0.0948715
30,0.09622844,0.036197055,0.016731486,0.05182563,0.059791755,0.1037398,0.06370972,0.019712778,0.038614627,0.09584764,0.06649176,0.055737775,0.07986606,0.059145857,0.06354498,0.092814684
31,0.05987316,0.13880545,0.095865585,0.024767056,0.07667934,0.07402981,0.054088812,0.021739291,0.05905484,0.025482526,0.044701863,0.097758114,0.049293283,0.055494327,0.047035117,0.07533142
32,0.1269771,0.034595285,0.056834564,0.057209596,0.098899305,0.050319035,0.097091645,0.05637145,0.08410245,0.035257258,0.07677916,0.04673025,0.041842625,0.033106443,0.03765152,0.066232316
33,0.0871166,0.049588937,0.049023643,0.04686026,0.12074406,0.058183845,0.070330046,0.043435797,0.04570408,0.05438812,0.059527416,0.092081375,0.03451744,0.0709335,0.03259221,0.08497267
34,0.08658566,0.049570233,0.057206586,0.050927907,0.09064734,0.04857913,0.04855166,0.0499431,0.060300663,0.06230122,0.0864102,0.08173943,0.030967379,0.060344446,0.042802673,0.093122356
35,0.0848001,0.07326549,0.080613814,0.045026038,0.10195603,0.045523416,0.049785394,0.041241802,0.073107176,0.057269156,0.07969412,0.058096487,0.03454443,0.033003762,0.056358635,0.085714154
36,0.053353075,0.038494736,0.05171066,0.06308848,0.07303751,0.04410705,0.06332871,0.088211656,0.047649797,0.09292921,0.07868819,0.04487544,0.03935878,0.07122934,0.06083418,0.089103214
37,0.055254877,0.037510496,0.08317318,0.034907643,0.07944583,0.039485693,0.070158,0.090750776,0.049643483,0.060831454,0.069641784,0.10582922,0.024760082,0.06349603,0.03039614,0.104715355
38,0.091936946,0.047593508,0.080481224,0.029343462,0.059820343,0.057172313,0.04498185,0.059014842,0.038012724,0.05787443,0.0381552,0.096043326,0.02895426,0.116999924,0.07743988,0.07617579
39,0.08254219,0.05677064,0.044489127,0.10406864,0.08598676,0.06751812,0.07367441,0.054151673,0.065707184,0.041200116,0.0932416,0.05650879,0.059947867,0.032499924,0.029121501,0.052571442
40,0.10878244,0.06114142,0.07500734,0.056251768,0.14516379,0.042906266,0.053059462,0.025658304,0.109867185,0.022246309,0.058277976,0.09151629,0.025292685,0.02404668,0.045188624,0.05559346
41,0.08625557,0.042518627,0.046532076,0.057436585,0.12289215,0.06280246,0.052140564,0.032316685,0.055608585,0.03572637,0.06666187,0.11276677,0.023470618,0.054984435,0.029531809,0.11835486
42,0.08293304,0.040348437,0.04327929,0.083762325,0.0767754,0.044870645,0.05568625,0.05477264,0.08086655,0.08301156,0.11304071,0.06022459,0.04353853,0.025597746,0.047272723,0.06401957
43,0.055297393,0.06340732,0.094144076,0.044103917,0.12226861,0.055620532,0.06984427,0.057127416,0.034158777,0.05942343,0.049251635,0.047154736,0.026043339,0.049983535,0.053568333,0.11860263
44,0.044142347,0.08281174,0.11886827,0.037857257,0.08998414,0.05956456,0.054778825,0.042493116,0.050978143,0.048739,0.050797243,0.05333225,0.028261848,0.03731131,0.06448432,0.13559566
45,0.05045375,0.0618687,0.087620854,0.05774619,0.08889543,0.06318871,0.060406346,0.045949608,0.068256974,0.05359066,0.05191086,0.077106416,0.03344856,0.031365655,0.06423678,0.10395453
46,0.061131615,0.07304851,0.09479789,0.060827833,0.0929733,0.026651284,0.035919733,0.09415758,0.057122704,0.07974404,0.08321399,0.05633251,0.023631578,0.04273634,0.045284763,0.07242631
47,0.059443038,0.059083853,0.06588071,0.034177866,0.042016927,0.06864969,0.066950426,0.056918424,0.06557429,0.06279687,0.10579809,0.084131144,0.05438887,0.045081783,0.035035472,0.09407253
48,0.10228262,0.0436881,0.047789007,0.058754593,0.10563598,0.042646248,0.055973154,0.050688077,0.07037876,0.041888755,0.068079144,0.12716371,0.04006881,0.05499583,0.03549692,0.05447032
49,0.13901122,0.036909077,0.06455562,0.042715847,0.08765932,0.048888434,0.057156086,0.08067024,0.045925405,0.071186714,0.06948639,0.05443466,0.025729245,0.060207322,0.040748026,0.0747164
50,0.07182047,0.053088922,0.062575676,0.05615108,0.08819435,0.06358514,0.07953516,0.06323685,0.04774426,0.09273782,0.06112972,0.045826077,0.049776047,0.039228875,0.062379897,0.0629896
51,0.09516519,0.06493819,0.048371453,0.07915611,0.077172436,0.03740664,0.050170194,0.080232106,0.06345093,0.07523116,0.0889732,0.052535817,0.062473565,0.040996607,0.041812908,0.04191348
52,0.038642075,0.029972285,0.07637971,0.042527635,0.051642034,0.039256018,0.07894194,0.12109053,0.058607906,0.056496043,0.080370896,0.09850883,0.027745888,0.05463326,0.02610095,0.11908394
53,0.07217324,0.06483903,0.039829765,0.04797246,0.06716583,0.09989605,0.05134743,0.03178209,0.030949274,0.13271205,0.04224379,0.064378,0.05221809,0.049025733,0.08634978,0.06711742
54,0.101590134,0.041722283,0.03799257,0.049959537,0.084122024,0.06482881,0.05642697,0.057222996,0.030758517,0.08241838,0.077836715,0.059451263,0.037000906,0.09707138,0.03470039,0.08689711
55,0.07042481,0.10235405,0.048930507,0.037633453,0.057090238,0.054023847,0.043501716,0.048007477,0.027157106,0.09837759,0.0677974,0.03521638,0.07277694,0.095952325,0.064826615,0.075929545
56,0.06107208,0.07157047,0.09957236,0.041140344,0.10772864,0.069196045,0.054696858,0.056817215,0.027092353,0.09288017,0.027184322,0.04940532,0.029486643,0.05591516,0.08866614,0.06757584
57,0.0895882,0.075115025,0.080178596,0.05272314,0.086565256,0.045922827,0.029195875,0.068105936,0.04156473,0.119703375,0.04939093,0.058254737,0.02799987,0.049084663,0.0864627,0.040144157
58,0.10970252,0.063406624,0.047236312,0.032376423,0.08410726,0.06527066,0.041337278,0.020474894,0.057625737,0.043003988,0.06296872,0.12570526,0.041698184,0.073896185,0.055117562,0.07607243
59,0.07440075,0.06875787,0.048087776,0.047189314,0.07982954,0.07422077,0.06251773,0.037897225,0.038101766,0.100976594,0.047793254,0.038941268,0.0672406,0.046926435,0.09853598,0.068583176
60,0.040073816,0.061946977,0.04872057,0.06633139,0.1082857,0.05351235,0.0683886,0.05370185,0.033797447,0.10982895,0.047682077,0.04847153,0.04833187,0.05934167,0.0673335,0.084251665
61,0.032003682,0.057213318,0.078135654,0.07809784,0.07190326,0.06134382,0.07320493,0.06250105,0.06250017,0.06579179,0.056353968,0.050800864,0.042073492,0.034143656,0.06287267,0.111059844
62,0.05386469,0.10139649,0.052210376,0.06714833,0.11670884,0.10307801,0.051159143,0.014486768,0.051927295,0.0610556,0.036843646,0.042197492,0.050814588,0.019223548,0.11419796,0.06368724
63,0.040564284,0.043053087,0.06638871,0.06554393,0.13815325,0.034020815,0.064306945,0.060885977,0.059639305,0.055161934,0.044221144,0.10725934,0.024928013,0.06702326,0.051644158,0.0772058
64,0.062106267,0.06005037,0.08199657,0.07716281,0.08987757,0.05339433,0.0588326,0.05695796,0.07228526,0.07139535,0.063284345,0.043000426,0.03978151,0.022582611,0.08269704,0.06459498
65,0.05548975,0.062237363,0.06875023,0.027227575,0.039674167,0.10350922,0.09192779,0.031413246,0.061522707,0.05068398,0.058796246,0.055676814,0.06609471,0.037635926,0.068935156,0.12042508
66,0.091133915,0.04713106,0.018680459,0.113112144,0.14020747,0.07806054,0.0742206,0.028255394,0.031500038,0.05885837,0.07637986,0.031064287,0.061288673,0.05065064,0.03046011,0.06899646
67,0.0530287,0.043017525,0.036416274,0.0899181,0.054998755,0.03955363,0.05166899,0.05686183,0.08086556,0.08663242,0.07988515,0.065140314,0.06739193,0.05657272,0.08512488,0.052923206
68,0.102929205,0.06771772,0.08372164,0.052619934,0.0944618,0.029714681,0.0404828,0.04935767,0.10100222,0.037558824,0.09498069,0.064878106,0.031991426,0.036805782,0.051804256,0.059973195
69,0.07523165,0.055358455,0.04367867,0.05602913,0.08913549,0.07982323,0.060387,0.031941306,0.042188346,0.09500858,0.04208905,0.05995303,0.049424943,0.04932417,0.09270578,0.07772118
70,0.07972541,0.06657425,0.041748703,0.08283258,0.06937777,0.091406226,0.0649811,0.026618212,0.09025636,0.032030232,0.07849642,0.06540587,0.06835063,0.03164879,0.04689951,0.063647985
71,0.054015663,0.13828439,0.14780398,0.05109969,0.05883655,0.018005768,0.01553888,0.047674414,0.11386752,0.03461017,0.08225819,0.041870724,0.028512785,0.026180103,0.10782012,0.033621013
72,0.09512279,0.052959368,0.045620535,0.025626296,0.05788495,0.09364829,0.10053561,0.025292708,0.062711515,0.026739031,0.083169125,0.068120964,0.062787056,0.052828554,0.028324803,0.11862832
73,0.1181887,0.06255547,0.054930244,0.044698715,0.110161625,0.05882897,0.03696108,0.028630475,0.0546135,0.038152717,0.07069985,0.12788476,0.022097692,0.053103328,0.029478967,0.08901391
74,0.044504736,0.099438645,0.06617876,0.05591936,0.11028727,0.10808611,0.08442772,0.04002556,0.025787616,0.04446618,0.03858571,0.05637728,0.048784018,0.06712299,0.036641907,0.07336613
75,0.074715436,0.051026106,0.050250325,0.0658679,0.06851437,0.04938,0.05229776,0.06432732,0.06651698,0.08265099,0.093295954,0.060740065,0.049902588,0.04752313,0.053422306,0.06956877
76,0.08005743,0.06190005,0.023028955,0.028051637,0.085206054,0.13700324,0.076861694,0.013245054,0.023658106,0.03500475,0.035131764,0.0900955,0.067674816,0.112747096,0.032455187,0.097878695
77,0.045154084,0.08121692,0.08468182,0.032334533,0.05317883,0.054753464,0.04341792,0.043925803,0.058293212,0.08567119,0.07625877,0.051237438,0.04537462,0.04286881,0.08046632,0.12116624
78,0.08902461,0.058210056,0.043694124,0.04101569,0.06276778,0.08896813,0.07098708,0.030131653,0.0567176,0.05438967,0.08211542,0.057285238,0.05556798,0.04056036,0.042097803,0.1264668
79,0.03423294,0.10704521,0.15956563,0.023117237,0.049419746,0.054562584,0.04519391,0.06588588,0.036575243,0.03687788,0.056804407,0.0694708,0.023195358,0.07466064,0.031943295,0.13144927
80,0.036376383,0.0880447,0.09102541,0.04634526,0.10121625,0.05660941,0.08569354,0.051352646,0.057599038,0.051371593,0.047171045,0.04809435,0.053440373,0.042307418,0.053061146,0.09029136
81,0.074917026,0.046260823,0.047498554,0.066234216,0.09788687,0.043070395,0.054596957,0.061695475,0.048498686,0.08060074,0.06775728,0.060033366,0.044909477,0.07345926,0.066106446,0.06647442
82,0.08877399,0.08699102,0.07398718,0.032082517,0.062537335,0.049484085,0.030531665,0.043033946,0.03706474,0.104773104,0.071015365,0.03833394,0.04003852,0.057089105,0.10487896,0.07938456
83,0.080742635,0.028068012,0.0366442,0.09947232,0.076354414,0.06428892,0.09496499,0.057045713,0.084585905,0.054874152,0.09142057,0.042161375,0.06261841,0.022227934,0.045228273,0.05930217
84,0.10385969,0.05808452,0.060029518,0.037219558,0.08891493,0.08284369,0.05085819,0.029315978,0.053485584,0.049067337,0.05074474,0.1180141,0.03100109,0.0496428,0.047000263,0.08991798
85,0.10455676,0.035134193,0.055214252,0.116590284,0.14157689,0.040265027,0.05416693,0.054001033,0.08426397,0.061008852,0.07946951,0.04638058,0.021215431,0.01575688,0.038175974,0.052223492
86,0.0446374,0.06880052,0.061580986,0.034263965,0.050607655,0.06040046,0.060321268,0.04380831,0.043871995,0.07575486,0.047884762,0.034593258,0.07487706,0.080876596,0.13224314,0.08547775
87,0.034934044,0.038208034,0.08249926,0.074382074,0.10825366,0.03117009,0.050343137,0.10100386,0.04097738,0.09501684,0.039045285,0.083507,0.016387146,0.06868711,0.05795184,0.07763324
88,0.06826466,0.03690463,0.040979702,0.05869253,0.09173217,0.05336507,0.07542068,0.056100797,0.061092168,0.06676014,0.078808054,0.07971413,0.044091403,0.06173052,0.035702683,0.0906407
89,0.054449707,0.04697189,0.06926592,0.044286475,0.074902184,0.049895566,0.07125026,0.039623927,0.09661185,0.05676957,0.05406301,0.07850513,0.05331864,0.036787577,0.0935019,0.079796374
90,0.09499145,0.044917226,0.031690985,0.096749306,0.14785916,0.048725396,0.055729937,0.04900156,0.03031783,0.06302672,0.060870916,0.044812422,0.03342909,0.088587046,0.036385637,0.07290537
91,0.02216533,0.04846959,0.048222948,0.08599982,0.11089919,0.058985014,0.12739418,0.0604886,0.025941579,0.114473134,0.02919284,0.016114485,0.07332182,0.028767804,0.08654761,0.06301606
92,0.09642879,0.045736503,0.06423371,0.0522002,0.1009379,0.039644066,0.03750062,0.074029006,0.044351738,0.06827661,0.06491888,0.08049513,0.021821642,0.08118638,0.045379564,0.082859255
93,0.09434254,0.051864464,0.07222043,0.05870105,0.07844838,0.040198497,0.049216766,0.06111872,0.084109485,0.043169197,0.095371015,0.060457278,0.030055806,0.032791223,0.041636985,0.10629821
94,0.080709085,0.0420702,0.04837982,0.06716821,0.08114224,0.06843061,0.072634496,0.057536393,0.053733725,0.0677191,0.07488268,0.07069844,0.040807646,0.044059206,0.04060101,0.08942715
95,0.06344868,0.029665848,0.034539107,0.056544557,0.07466491,0.056084156,0.07807111,0.069044136,0.038503587,0.12370512,0.057859823,0.041906387,0.054599285,0.07678044,0.06978446,0.07479833
96,0.06832934,0.054858714,0.07973833,0.056247205,0.20841867,0.06558722,0.07339317,0.03836057,0.023521563,0.09339116,0.017999427,0.02835781,0.021983216,0.024859665,0.09420856,0.050745368
97,0.036633033,0.052897464,0.07566849,0.058603365,0.08037368,0.056632552,0.06606386,0.077541284,0.036597893,0.06561318,0.045798946,0.09613959,0.028128723,0.074438244,0.034302425,0.11456726
98,0.08416742,0.044818062,0.031768173,0.1161452,0.116687275,0.064271934,0.0693249,0.02064795,0.12200263,0.032839675,0.06459064,0.06871804,0.055588942,0.015414509,0.050963093,0.042051572
99,0.087955266,0.048201192,0.056957494,0.06139509,0.093912005,0.06814585,0.0786267,0.035226133,0.07879501,0.055283546,0.054392766,0.0595163,0.05502744,0.024947375,0.08539357,0.056224298
100,0.07732562,0.053045858,0.07164244,0.060747575,0.086355664,0.04515622,0.059713665,0.07344849,0.05327772,0.06945158,0.060945105,0.055631798,0.042754248,0.0600227,0.073293336,0.057187974
101,0.09472533,0.04090472,0.047076065,0.056502685,0.122697614,0.06581145,0.07076921,0.044649705,0.048530165,0.048800837,0.04083286,0.11824901,0.03680622,0.064459555,0.04350829,0.05567627
102,0.056150973,0.11054,0.030058524,0.05314085,0.076250166,0.11601817,0.065652765,0.008545128,0.066159315,0.02541107,0.062432077,0.073668204,0.09990326,0.031226084,0.04826806,0.0765753
103,0.056975234,0.063686095,0.052118275,0.063533895,0.08725945,0.061563656,0.050539613,0.05279808,0.042312343,0.14364676,0.056395832,0.041838884,0.041551236,0.037653733,0.070706986,0.07741992
104,0.07496935,0.06659585,0.04390457,0.07403164,0.092777826,0.060981005,0.056318346,0.07014789,0.026797542,0.09905691,0.063742906,0.02661784,0.052385062,0.07239138,0.05118947,0.0680924
105,0.10089042,0.029439516,0.05259745,0.05624442,0.12061777,0.039288674,0.066134155,0.076571405,0.049040336,0.08145311,0.059546303,0.055026773,0.026757857,0.05975111,0.04806235,0.078578345
106,0.09460337,0.07503924,0.05839595,0.062487125,0.07116256,0.038500927,0.035600934,0.07538727,0.04222666,0.075183295,0.08173469,0.054675266,0.042770162,0.08462737,0.05768597,0.049919236
107,0.04660256,0.05781659,0.0993368,0.04055487,0.054379355,0.06544421,0.060798366,0.04000132,0.09528876,0.048665773,0.054082736,0.09348664,0.043367367,0.030306404,0.08559383,0.08427439
108,0.08803862,0.043743517,0.052807074,0.047305156,0.078160696,0.04075774,0.050622553,0.05597185,0.071406595,0.043723747,0.09237459,0.119319975,0.03241913,0.06807207,0.028316142,0.08696058
109,0.07886126,0.06770583,0.090448916,0.036740866,0.10007793,0.06298844,0.05085333,0.048855443,0.034285977,0.08626249,0.043633115,0.056425855,0.02752621,0.049365375,0.074480176,0.09148877
110,0.07197371,0.046105307,0.04688011,0.07424714,0.09255508,0.08118806,0.094227105,0.046832353,0.05710141,0.07384626,0.06615586,0.043995414,0.04809929,0.025035223,0.04325111,0.08850658
111,0.08896565,0.04389875,0.033452477,0.053053495,0.063883685,0.050070155,0.051616203,0.049390122,0.044355046,0.088043235,0.08758392,0.064287506,0.055198703,0.08998045,0.049990147,0.086230434
112,0.073874235,0.065724075,0.040345658,0.061767194,0.13020128,0.07399941,0.03876619,0.022663536,0.0427134,0.047025394,0.060866687,0.10157234,0.025775507,0.06737985,0.034678087,0.11264715
113,0.116463006,0.033342276,0.023618514,0.046144724,0.07569587,0.08668435,0.07151384,0.033032056,0.034175623,0.07903138,0.051017683,0.05889374,0.06732689,0.09482718,0.056797247,0.07143565
114,0.08820263,0.061936658,0.07492057,0.054424286,0.09710067,0.054341227,0.057091016,0.066054575,0.045009483,0.060382675,0.06327064,0.054507155,0.035992336,0.063123144,0.05525759,0.068385385
115,0.06816358,0.024749078,0.03246134,0.04334557,0.040160965,0.057180073,0.08403941,0.08141767,0.051977877,0.08889186,0.0785354,0.06004615,0.08011621,0.088034295,0.057082355,0.06379819
116,0.09877423,0.057775613,0.10451103,0.031503174,0.080130406,0.055148166,0.050746754,0.0648554,0.040196255,0.04960386,0.056821574,0.0729992,0.02448617,0.0743355,0.051829714,0.086282946
117,0.115108974,0.04064858,0.04599509,0.042406887,0.07036975,0.05375363,0.050983194,0.03836408,0.073712684,0.05035336,0.05467826,0.13415235,0.046002787,0.07021424,0.06504437,0.0482118
118,0.029166311,0.06862589,0.07239608,0.060519893,0.081794254,0.055122364,0.10578638,0.09730879,0.03354421,0.052905157,0.06436629,0.040499583,0.051471096,0.0496102,0.024264984,0.11261851
119,0.0735836,0.047462136,0.041467864,0.04449975,0.06032945,0.08847079,0.076820575,0.055510532,0.037204113,0.085474975,0.05565774,0.07642505,0.06320466,0.076043755,0.047051083,0.07079396
120,0.110470794,0.10310325,0.0911201,0.047041293,0.14655383,0.040072646,0.034652565,0.033960804,0.061183125,0.044156447,0.06501296,0.058267385,0.02230017,0.03455794,0.045167107,0.06237951
121,0.07435908,0.03947083,0.06430451,0.07145948,0.11289903,0.037331764,0.05003871,0.086941086,0.039369598,0.07080542,0.057139903,0.06643113,0.021677116,0.07943046,0.05029027,0.07805163
122,0.08944968,0.047375232,0.053898294,0.090883285,0.10882466,0.030871704,0.043515295,0.082980625,0.053206924,0.09843866,0.06571007,0.03478344,0.04359849,0.037228104,0.085465916,0.033769663
123,0.05880392,0.08304345,0.05944024,0.057715867,0.08876445,0.045796845,0.032900512,0.031842683,0.067004204,0.08724939,0.08644404,0.06686699,0.03412835,0.03282907,0.06641653,0.100753464
124,0.0948011,0.058463152,0.050638493,0.07995995,0.06401864,0.04403669,0.04202962,0.061608717,0.07726098,0.08498492,0.09872007,0.04541251,0.05393079,0.028858883,0.066655576,0.048619922
125,0.07685689,0.04659343,0.048391268,0.082577266,0.13187122,0.04742674,0.06442539,0.04389343,0.06928278,0.06630099,0.06605337,0.06418965,0.042026132,0.034286436,0.0592456,0.056579366
126,0.09434832,0.034269087,0.04275258,0.060747225,0.0738597,0.05664051,0.065498374,0.051316157,0.08023245,0.05310795,0.11273297,0.061806634,0.041313916,0.035853587,0.03403691,0.10148365
127,0.11798346,0.04349041,0.039420474,0.039077062,0.058258478,0.10455493,0.06484949,0.029945506,0.051946256,0.049830556,0.070992835,0.07606531,0.05486739,0.051431943,0.050645307,0.096640565
128,0.06896959,0.06164962,0.053386193,0.11859653,0.10206843,0.057278503,0.06407424,0.04369065,0.08195343,0.051251847,0.085859515,0.0378498,0.04912521,0.018766413,0.049623895,0.055856124
129,0.095063396,0.041091498,0.032969434,0.040209893,0.064329304,0.10514488,0.09643227,0.042778928,0.026972687,0.07353691,0.035493515,0.048677925,0.07997986,0.097742,0.06447735,0.055100188
130,0.04516834,0.07727029,0.055246487,0.042268325,0.055028904,0.07796923,0.0720422,0.044427156,0.043432187,0.042603876,0.061175704,0.092359334,0.061353207,0.09227545,0.031591073,0.10578825
131,0.09201816,0.021485724,0.05847739,0.06368384,0.0645804,0.026080715,0.06340879,0.09808294,0.1307156,0.027464777,0.116053335,0.08233916,0.028671205,0.046655852,0.028898021,0.05138409
132,0.057207417,0.035356317,0.06531457,0.061956923,0.06506473,0.07183458,0.07739539,0.09166595,0.040117636,0.07321747,0.043344736,0.10337635,0.03129037,0.06446362,0.041399688,0.07699424
133,0.09762934,0.044329684,0.103966154,0.03009102,0.09071549,0.04002035,0.047440022,0.037491772,0.09571251,0.025692321,0.04913393,0.11444505,0.019293623,0.053337853,0.06103066,0.08967026
134,0.043944914,0.088616215,0.101029195,0.040490013,0.0946998,0.08158373,0.05386552,0.036129203,0.043770973,0.05558537,0.039225295,0.083809055,0.029223097,0.048098404,0.05493218,0.10499703
135,0.07570612,0.041175324,0.027487831,0.091400616,0.11463735,0.064561725,0.07798482,0.03234276,0.06935272,0.060969055,0.09966544,0.057620976,0.05649312,0.028665207,0.03068094,0.07125599
136,0.05719916,0.052605942,0.08509514,0.045387328,0.08541807,0.056636993,0.060811594,0.068214856,0.04468408,0.11369627,0.05449445,0.036428664,0.028692931,0.030608078,0.0667567,0.1132698
137,0.06687102,0.08577002,0.09346599,0.047365252,0.12776472,0.0575527,0.056126427,0.044667084,0.036679786,0.07288589,0.04272957,0.042788107,0.031582624,0.038527597,0.07542804,0.07979516
138,0.06720148,0.048224922,0.051686738,0.04350825,0.05120479,0.04093718,0.065605156,0.09231139,0.052203566,0.0802016,0.075880565,0.064700074,0.07019615,0.08791354,0.053880632,0.054343905
139,0.06138301,0.060082544,0.08793647,0.044519562,0.0838624,0.03326047,0.03640497,0.0716129,0.055948984,0.08869103,0.060795013,0.064176,0.028297476,0.061573397,0.08191792,0.07953783
140,0.053643864,0.032220673,0.08462555,0.06948247,0.07368504,0.035682727,0.053150397,0.105733275,0.072640434,0.07751977,0.061044324,0.091966234,0.02193658,0.04523158,0.057734262,0.06370282
141,0.04681276,0.07041657,0.055003177,0.03861201,0.04973052,0.0641802,0.07344302,0.03967033,0.07327148,0.033547845,0.099000655,0.09489574,0.06932827,0.054237414,0.026453556,0.11139644
142,0.100413285,0.048087593,0.056600202,0.07967425,0.09006331,0.0585575,0.05222525,0.059438605,0.066727005,0.05405684,0.08674669,0.06545162,0.035402417,0.039424445,0.042443115,0.064687885
143,0.04735066,0.06904086,0.07956719,0.0455706,0.082539916,0.06906456,0.06704354,0.0388232,0.057123292,0.069001235,0.051985335,0.059398536,0.04002882,0.034664672,0.0752076,0.11358998
144,0.106388845,0.086557664,0.047484826,0.07734793,0.11688846,0.040181182,0.033608925,0.031641427,0.06624257,0.057590652,0.08559982,0.056520667,0.04655615,0.036653284,0.06406764,0.04666997
145,0.049717944,0.044719964,0.078582756,0.057471942,0.08605188,0.03439873,0.06456446,0.09642283,0.058297247,0.048346814,0.06120859,0.08579803,0.029354984,0.081289865,0.04023244,0.083541565
146,0.07906136,0.06113707,0.0767709,0.041530896,0.078585245,0.059986595,0.047823876,0.03635299,0.07572007,0.06170672,0.058519054,0.08587336,0.035906836,0.037701238,0.079134695,0.08418905
147,0.04736129,0.08355258,0.060285512,0.057272494,0.08554598,0.07040351,0.04937916,0.022244321,0.07696014,0.039427694,0.0519508,0.10881298,0.04941423,0.04321575,0.06645436,0.087719165
148,0.09248725,0.08048811,0.06115058,0.047087505,0.07706245,0.048506122,0.06416719,0.05109562,0.072188914,0.03484613,0.085233696,0.06636092,0.07351824,0.060940783,0.04013825,0.04472819
149,0.047922585,0.06435024,0.07676581,0.04598992,0.08166597,0.072110124,0.06293634,0.056607325,0.039143912,0.0910357,0.04762725,0.062594734,0.029701238,0.043238163,0.04633175,0.13197891
150,0.05069071,0.05150271,0.06730848,0.025115022,0.03437485,0.06656716,0.07328279,0.050762635,0.059805367,0.058816317,0.05867827,0.07493275,0.07342164,0.08012549,0.08157388,0.0930419
151,0.033551347,0.032424763,0.04997931,0.09362456,0.10270023,0.036887366,0.07537919,0.0638025,0.09192389,0.03170146,0.07991529,0.09529745,0.027155861,0.04880829,0.018345067,0.118503414
152,0.06348189,0.05103306,0.035988297,0.048168335,0.040879365,0.06488189,0.055235874,0.051859573,0.05210546,0.08033566,0.10694662,0.062361497,0.07604361,0.079656005,0.04728958,0.0837332
153,0.06547294,0.039093137,0.044980954,0.081367284,0.1560502,0.065833285,0.09535483,0.03790703,0.057740364,0.05893134,0.038572017,0.07401828,0.044300348,0.027244857,0.060602993,0.05253009
154,0.09519046,0.027026022,0.033414714,0.09800348,0.12118516,0.033548664,0.071883015,0.06618313,0.075870454,0.072208695,0.08335989,0.05184977,0.044731572,0.037602514,0.04077683,0.047165673
155,0.06321759,0.056465138,0.058170903,0.07363004,0.1752262,0.07388959,0.067328446,0.041481853,0.032673463,0.100857235,0.0389401,0.031056738,0.028283874,0.021390133,0.056511804,0.080876924
156,0.07576399,0.04080565,0.041126207,0.068124466,0.097556055,0.08184186,0.05798106,0.036200456,0.060626358,0.080123685,0.067804284,0.08842435,0.028157718,0.028358335,0.035025597,0.11207992
157,0.11195666,0.04178554,0.028979128,0.051697787,0.073363125,0.026814995,0.040621404,0.079761855,0.04278734,0.09636831,0.10254083,0.042471696,0.07013772,0.10180726,0.0464476,0.042458743
158,0.07511539,0.02761925,0.030086935,0.08048051,0.10195291,0.044371575,0.078799546,0.09204007,0.029126087,0.08191893,0.08887365,0.027070947,0.044605523,0.074299745,0.031635072,0.092003815
159,0.051130075,0.04629985,0.08722959,0.026866725,0.048979044,0.0754933,0.092760466,0.067238815,0.034787823,0.059984166,0.03131282,0.06196173,0.05429633,0.09501532,0.0922246,0.0744194
160,0.031226844,0.085788004,0.08371713,0.055272635,0.12988472,0.072111286,0.07658009,0.04854335,0.02268591,0.064794786,0.029939683,0.056108132,0.027965097,0.0655252,0.044221416,0.105635785
161,0.07062859,0.060887743,0.040506914,0.085178226,0.1309934,0.059279487,0.08917493,0.03814317,0.0645377,0.0422664,0.077716455,0.050328087,0.062585406,0.034801688,0.031798612,0.06117323
162,0.09852157,0.03726312,0.022988752,0.06990176,0.06785515,0.044438463,0.051387567,0.045035955,0.05847871,0.05389439,0.11646924,0.08137533,0.06311652,0.09131152,0.030679034,0.06728292
163,0.05985843,0.062088836,0.07639899,0.04817051,0.11201185,0.07006147,0.07274969,0.047349513,0.033659037,0.07132913,0.03549143,0.04161327,0.038164016,0.052811265,0.08902212,0.08922043
164,0.03759599,0.10065028,0.050344795,0.049723778,0.09942327,0.13694768,0.06040224,0.023726614,0.014889951,0.08835083,0.022378987,0.035586704,0.045675565,0.056257695,0.087940484,0.090105176
165,0.057598885,0.040394325,0.040708173,0.053127136,0.09222459,0.06266293,0.049425576,0.042883545,0.043148104,0.0943637,0.0601927,0.11045104,0.027880793,0.06880254,0.038104694,0.1180313
166,0.087225966,0.045260575,0.058360312,0.05186755,0.06909151,0.085516,0.06906831,0.052784946,0.050997812,0.086048365,0.061617803,0.048875872,0.0453749,0.03511897,0.07296872,0.07982236
167,0.11270518,0.04263423,0.032545265,0.1008546,0.10714963,0.07650461,0.059923813,0.0393234,0.03942414,0.08933499,0.063047804,0.040851515,0.04695192,0.03444886,0.06057468,0.053725373
168,0.086589634,0.05623193,0.03810086,0.064427786,0.21038075,0.05600513,0.0411702,0.022465989,0.028108863,0.06536468,0.027048705,0.10102076,0.023852468,0.06516044,0.06636112,0.047710717
169,0.08199028,0.07154671,0.048692156,0.069452,0.12899505,0.05217124,0.04695799,0.03704907,0.054893892,0.050096687,0.08743831,0.07818517,0.029771095,0.045612227,0.026312046,0.09083607
170,0.11413423,0.030347029,0.04521596,0.03759768,0.05963279,0.039605055,0.047580555,0.071594186,0.04424791,0.12664916,0.06604555,0.03698464,0.047196403,0.062365383,0.1040211,0.066782355
171,0.11225424,0.04611385,0.043859288,0.04071829,0.05914549,0.057901334,0.046371464,0.05295235,0.04404105,0.0869965,0.06021977,0.07928837,0.049731832,0.09933833,0.06834932,0.0527185
172,0.07335097,0.059383065,0.053325016,0.09195947,0.10159073,0.070332624,0.058095485,0.043226052,0.05645771,0.06602951,0.057345685,0.04564706,0.04645182,0.034864258,0.0765961,0.06534445
173,0.06925646,0.06571107,0.05544464,0.062109064,0.11196794,0.039956834,0.060178876,0.03696993,0.07775728,0.06521441,0.04930153,0.052286167,0.062646456,0.03929479,0.110006034,0.04189856
174,0.07751418,0.09827012,0.07597467,0.03671598,0.10641873,0.063150175,0.07748696,0.031178685,0.06381729,0.032689057,0.05723523,0.056048274,0.055025637,0.04179871,0.046668056,0.080008216
175,0.037832163,0.07414095,0.08142827,0.06785446,0.09570611,0.047326043,0.05842672,0.0666874,0.04458551,0.0536126,0.080429286,0.05319074,0.027217744,0.04431197,0.029637018,0.13761306
176,0.082869515,0.054812755,0.07323227,0.052734334,0.11594794,0.03748685,0.048528895,0.060551036,0.057790074,0.034393925,0.049505223,0.09630861,0.034363642,0.09540903,0.05101173,0.055054218
177,0.07414516,0.03883679,0.020577485,0.074875675,0.06540283,0.05745997,0.06878329,0.057179898,0.043431237,0.09278523,0.1252498,0.050106857,0.0738565,0.057972316,0.021892635,0.077444315
178,0.08315572,0.03985856,0.056184247,0.06614307,0.15916449,0.07524762,0.05888621,0.035740364,0.040472325,0.048267152,0.042725716,0.07790043,0.017421577,0.04196625,0.04217967,0.114686586
179,0.120631516,0.047121078,0.06747563,0.04627967,0.12518898,0.050149467,0.06727013,0.048396897,0.058754522,0.057283502,0.04710332,0.07101877,0.037582383,0.040702783,0.06405132,0.05099009
180,0.08642689,0.05014318,0.026299072,0.05911849,0.082634166,0.063711315,0.053353105,0.03490791,0.042899758,0.07364421,0.07884511,0.09941417,0.053864405,0.07890675,0.03264648,0.083184935
181,0.06555082,0.08476632,0.055344835,0.072597176,0.13469048,0.068856455,0.051726256,0.043468077,0.03161421,0.09311909,0.057331394,0.059165876,0.029607778,0.038190845,0.03847544,0.07549496
182,0.06959227,0.08904731,0.061599534,0.02658253,0.050220132,0.052306667,0.0472926,0.032052677,0.070403464,0.05398343,0.095864445,0.07123447,0.06536377,0.058969747,0.05330948,0.10217745
183,0.08747491,0.05897956,0.04947728,0.047595426,0.06986525,0.084826946,0.056634743,0.051653102,0.0413752,0.0702275,0.06397212,0.084130235,0.04205407,0.070338875,0.036486775,0.08490806
184,0.09430069,0.07066587,0.03614418,0.05560283,0.07086917,0.08750531,0.053117275,0.025628151,0.050230127,0.047152814,0.05655903,0.08642542,0.07023552,0.07108707,0.060140114,0.06433639
185,0.043625567,0.08140705,0.09006744,0.062056106,0.083208926,0.04954447,0.050601948,0.09977227,0.037592962,0.089760594,0.059125293,0.037700523,0.03569113,0.047988087,0.044585604,0.08727205
186,0.04804927,0.057537537,0.027754044,0.087216325,0.103104174,0.05990182,0.08951026,0.04398936,0.04507385,0.06638653,0.09715148,0.044423714,0.07566032,0.040048808,0.0237661,0.09042647
187,0.040217582,0.031999554,0.06064334,0.05151813,0.072139196,0.072439045,0.11126634,0.061594293,0.048849124,0.08403486,0.028399797,0.06919902,0.05176152,0.055769663,0.10074645,0.059422117
188,0.11215502,0.040738042,0.02706898,0.09255817,0.1330514,0.05527037,0.057513315,0.031148354,0.05425344,0.052421913,0.09384018,0.049596947,0.040809155,0.043642867,0.03428394,0.081647955
189,0.03194695,0.06279486,0.063262455,0.06449697,0.06456209,0.044327576,0.07706728,0.13433823,0.026355213,0.08016463,0.047515165,0.039849866,0.060016215,0.09689028,0.040998597,0.06541365
190,0.09176162,0.04017121,0.031890612,0.064933926,0.05373915,0.04371239,0.051399466,0.045289863,0.084718056,0.07596264,0.12566827,0.04617226,0.07882636,0.041408148,0.067550406,0.056795616
191,0.120349266,0.028105378,0.041429345,0.05915359,0.11994813,0.061546966,0.10465461,0.04779856,0.05309243,0.03947829,0.089351326,0.06712099,0.03042586,0.033117197,0.017524915,0.08690316
192,0.067552246,0.079608105,0.17951922,0.0316689,0.06880472,0.035851795,0.043440145,0.06911985,0.06757978,0.03257699,0.061426554,0.08188201,0.021976655,0.038223285,0.051487625,0.069282085
193,0.085495144,0.03492884,0.024059534,0.060427576,0.09011736,0.07894989,0.07682166,0.026745988,0.057778288,0.066604845,0.054247707,0.07811273,0.06376809,0.060126495,0.058196235,0.083619624
194,0.042879317,0.042053234,0.05735104,0.07809652,0.09056178,0.060025398,0.094774,0.085311055,0.045530364,0.04782045,0.06387364,0.05563928,0.036012933,0.061840773,0.02674996,0.11148027
195,0.06659263,0.07435138,0.055316653,0.04018304,0.06083721,0.09132859,0.061534714,0.035795454,0.037440386,0.07679748,0.05208878,0.072832145,0.05721384,0.064425185,0.07024458,0.08301791
196,0.11162203,0.08497415,0.06694896,0.04343331,0.09189113,0.03586164,0.03087979,0.058649953,0.04087405,0.1018571,0.07516575,0.03524207,0.039787993,0.05540291,0.07520044,0.05220875
197,0.0995267,0.07907941,0.035935085,0.05992906,0.11573652,0.097348906,0.058987364,0.018310621,0.056362417,0.054598883,0.054421514,0.05444613,0.058027674,0.030084869,0.054909766,0.07229511
198,0.11820807,0.070385195,0.032252353,0.037093922,0.07705962,0.06062965,0.04606458,0.029774552,0.03408471,0.080598354,0.0727041,0.039961968,0.07481956,0.093473494,0.062245265,0.0706446
199,0.03448071,0.0356174,0.057613835,0.06167798,0.059304964,0.06609584,0.08813852,0.080761276,0.039340936,0.08397561,0.040796775,0.10945928,0.034532283,0.07640004,0.041964907,0.08983964
200,0.049479175,0.028129617,0.034350585,0.0972803,0.1465341,0.070505634,0.10937954,0.06349073,0.026848806,0.074329205,0.034188334,0.06336055,0.03593275,0.069818646,0.032639753,0.063732296
201,0.081108965,0.072130375,0.06377262,0.054449048,0.08133776,0.06987107,0.06976106,0.027781302,0.08319763,0.03489222,0.075767644,0.07374749,0.0531282,0.027453283,0.053559065,0.07804223
202,0.0800393,0.031533074,0.033649277,0.16112025,0.12119637,0.062120218,0.071492665,0.04200227,0.07738758,0.038407836,0.08435041,0.06051706,0.03341608,0.022933083,0.027479915,0.052354608
203,0.11534812,0.049491335,0.032828603,0.07812375,0.08066917,0.056377802,0.047308747,0.040187802,0.065337665,0.0888792,0.08836216,0.04578315,0.055554736,0.036439527,0.05566442,0.0636438
204,0.109504856,0.030946055,0.02658329,0.04790939,0.08446744,0.03852518,0.050000805,0.0391562,0.059876066,0.0693657,0.077629894,0.09934794,0.05316441,0.101552516,0.050859105,0.061111156
205,0.06590039,0.030159397,0.041941285,0.063142575,0.09271103,0.04083066,0.082210906,0.06182902,0.06953857,0.039945465,0.09255352,0.08218671,0.039852306,0.067575514,0.03060696,0.09901569
206,0.09186441,0.045927364,0.053683564,0.062920846,0.087246835,0.06353249,0.051309172,0.053535018,0.055761877,0.07170772,0.09309799,0.05939476,0.028188938,0.039627347,0.03699178,0.105209954
207,0.04243834,0.07519531,0.04527406,0.069950126,0.1196692,0.049094986,0.08903974,0.056813244,0.037502598,0.041860294,0.08473071,0.053551804,0.05445829,0.07330598,0.019326197,0.08778918
208,0.09362501,0.096008025,0.060708705,0.038277354,0.13778399,0.08764116,0.042297836,0.018427102,0.03841869,0.054351833,0.039930742,0.07651502,0.028667217,0.044545274,0.0559994,0.08680266
209,0.05111906,0.020932114,0.015811818,0.05980207,0.080581136,0.0698035,0.13287662,0.036403287,0.049331993,0.069952585,0.06483825,0.09529423,0.07220029,0.07568329,0.024228709,0.08114106
210,0.035951924,0.08585947,0.12169466,0.07521571,0.106955804,0.08496546,0.069271795,0.039399665,0.058683693,0.041999374,0.035700236,0.061629295,0.023380047,0.019111136,0.05327447,0.08690724
211,0.036112633,0.033952292,0.014461766,0.029317155,0.117192544,0.38615772,0.16462548,0.00442789,0.006387076,0.023715729,0.007582418,0.025736267,0.03416938,0.0178704,0.023414323,0.07487691
212,0.057768006,0.0279653,0.029478552,0.09460003,0.08416816,0.038993217,0.07468891,0.07001604,0.045980114,0.09299919,0.06042145,0.05797234,0.052757096,0.08460096,0.070799045,0.056791585
213,0.09168035,0.050592583,0.051744837,0.08443955,0.10091863,0.054177623,0.06174831,0.058887362,0.049649213,0.10222923,0.061284762,0.039464366,0.044057775,0.028886331,0.06690797,0.053331044
