,HS,VA3,VA1,FI2,FI1,IM1,IM2,VA2,AV2,PE2,AV1,AV3,IM4,BA,PE1,IM3
0,0.06748291,0.03924086,0.043464612,0.06455431,0.113987304,0.032620847,0.0533594,0.06388673,0.05168143,0.07086466,0.05458738,0.0577811,0.03261695,0.10602966,0.084302716,0.063539155
1,0.074310325,0.026128829,0.043692995,0.041096404,0.07016968,0.052747484,0.07322122,0.055966433,0.0727675,0.098211534,0.061387043,0.07887549,0.03291935,0.056321327,0.06215019,0.1000342
2,0.105966024,0.017745802,0.031375524,0.038980782,0.06532071,0.044096217,0.08278195,0.053396422,0.07033774,0.03324483,0.13387299,0.09851777,0.029910048,0.06334299,0.018740969,0.11236924
3,0.04228568,0.0314334,0.048466366,0.07027754,0.06992143,0.06822305,0.06999549,0.055036295,0.053339854,0.06579775,0.061847616,0.08479316,0.02878789,0.09036129,0.060096193,0.09933696
4,0.12825753,0.056491088,0.04021028,0.06969315,0.12103713,0.025747439,0.034729503,0.046469923,0.06043918,0.03565558,0.10306767,0.1168215,0.027543133,0.040846746,0.025483025,0.06750712
5,0.0705538,0.026066221,0.04558212,0.03269209,0.064145505,0.06410379,0.08343598,0.047638495,0.07220859,0.08234572,0.064028285,0.059699904,0.03409863,0.05319939,0.054429144,0.1457723
6,0.109363995,0.035795186,0.051269006,0.04154407,0.06667602,0.06808419,0.09059415,0.05012879,0.07685497,0.06967317,0.0799211,0.043716352,0.055446077,0.027929373,0.038827475,0.09417608
7,0.06699503,0.03975656,0.061690465,0.080231056,0.08834988,0.0512393,0.09683931,0.080334574,0.05434181,0.04436275,0.09039899,0.05324396,0.052342266,0.055134904,0.028388642,0.05635053
8,0.043229382,0.022682933,0.037774447,0.05952735,0.10879966,0.048394028,0.07905601,0.0653485,0.030683225,0.05913025,0.051940147,0.06936554,0.021206275,0.13169284,0.03852873,0.13264073
9,0.0616647,0.049415532,0.0449677,0.05797756,0.0966427,0.06158513,0.051379632,0.04167092,0.0358652,0.10407224,0.029610494,0.053955987,0.036963508,0.064413264,0.118974954,0.09084047
10,0.08852965,0.0453973,0.035233777,0.034163427,0.08575183,0.04890543,0.052680578,0.0364108,0.055338915,0.06367908,0.057850797,0.06971639,0.04024506,0.08932331,0.07468246,0.122091234
11,0.0910205,0.03380507,0.040662333,0.032039803,0.06503064,0.06913512,0.09382939,0.054400295,0.046491247,0.07241232,0.0698617,0.051199198,0.05491214,0.056057036,0.036107764,0.13303544
12,0.0834515,0.04075701,0.030734122,0.051354706,0.07885546,0.08257878,0.072343044,0.02998217,0.05379718,0.057279933,0.040582072,0.0767347,0.06613886,0.0724899,0.072879456,0.09004112
13,0.081582926,0.0375435,0.058937162,0.028003996,0.042246725,0.032624137,0.040616084,0.08097183,0.048655257,0.07921935,0.05944663,0.11517393,0.028754652,0.13112612,0.07174554,0.063352175
14,0.056654487,0.034834918,0.06972003,0.052891452,0.08054837,0.042790443,0.08792349,0.069760054,0.08726924,0.048286323,0.122823,0.04857907,0.039308082,0.03926781,0.029080478,0.09026273
15,0.04110773,0.025570953,0.043988544,0.06005676,0.07051348,0.07459842,0.10728481,0.06308505,0.041098267,0.12890024,0.033318643,0.040480293,0.049751267,0.07456381,0.08501359,0.060668156
16,0.04683729,0.06379317,0.13588065,0.025873303,0.03902458,0.048472326,0.07567343,0.087199084,0.04056665,0.03950792,0.07128373,0.082946,0.06330846,0.07983126,0.02865242,0.07114977
17,0.11964353,0.055320796,0.02976645,0.0717701,0.1290682,0.05916984,0.054611485,0.023149148,0.07057893,0.045952696,0.042438045,0.04692186,0.09012243,0.022528855,0.07603235,0.06292533
18,0.081637494,0.079797804,0.05534051,0.06194547,0.08812047,0.056375176,0.048925024,0.034837965,0.07226836,0.053457048,0.064619474,0.06362838,0.06176542,0.037253797,0.06882775,0.07119983
19,0.03469898,0.032533187,0.062468726,0.027088515,0.05156522,0.0708203,0.087748736,0.052759334,0.05375148,0.089185156,0.05316345,0.04043533,0.041057892,0.09907082,0.08033937,0.12331352
20,0.089490116,0.040246572,0.03123306,0.10675013,0.12080946,0.05315261,0.05620241,0.057962593,0.03672874,0.12798806,0.04004489,0.04413287,0.044226974,0.037691545,0.064177334,0.049162697
21,0.060908426,0.048456237,0.07695473,0.05213433,0.06025238,0.07603991,0.08781759,0.0583699,0.07700188,0.084460996,0.066760756,0.03907007,0.05777718,0.031223198,0.052944303,0.06982813
22,0.097287446,0.026204586,0.037394404,0.052927364,0.12710023,0.029654691,0.067041345,0.05912296,0.06679666,0.048534308,0.08853692,0.079359196,0.029793857,0.06052233,0.03831096,0.0914127
23,0.04655208,0.051491022,0.08440613,0.04757865,0.069227725,0.030780062,0.04173852,0.07194651,0.06384724,0.05671988,0.08340805,0.09678882,0.025914067,0.0801701,0.066724814,0.082706355
24,0.080217935,0.03761856,0.04638332,0.033860598,0.05790666,0.068967216,0.06264529,0.035488587,0.071583174,0.0621035,0.05027452,0.09319746,0.052280307,0.05513977,0.086410284,0.105922826
25,0.06967512,0.0524483,0.03424118,0.052968133,0.09477898,0.054397088,0.05461924,0.025551096,0.093568064,0.024857456,0.12413615,0.07625372,0.052546103,0.05155686,0.028022999,0.11037948
26,0.086350866,0.03248122,0.03555106,0.08745886,0.11521449,0.031037727,0.056895673,0.075168826,0.037581943,0.07349882,0.04227382,0.104134806,0.048086237,0.078413226,0.05864185,0.037210558
27,0.05136621,0.03872409,0.037210215,0.069433324,0.07516098,0.038028415,0.047507014,0.0517821,0.07612193,0.06914739,0.07669162,0.11330446,0.03701543,0.10721878,0.059721205,0.05156681
28,0.08428917,0.051618487,0.056785632,0.050435614,0.101345874,0.056208152,0.07154866,0.042925462,0.06329744,0.044366907,0.08276712,0.07051737,0.04005937,0.0337062,0.028675787,0.12145274
29,0.05538702,0.08317586,0.083591945,0.08031514,0.074307315,0.06572733,0.06247511,0.06495946,0.046761442,0.063757606,0.063299395,0.05383726,0.04595101,0.04791454,0.042900395,0.065639146
30,0.053669184,0.043405842,0.038409453,0.04775004,0.07543856,0.08876919,0.07112596,0.032393653,0.046170264,0.07966411,0.038219552,0.053433497,0.05236754,0.0707141,0.09546598,0.113003075
31,0.044303898,0.061179888,0.09004354,0.038079813,0.062216144,0.039563533,0.04871166,0.06081438,0.06153254,0.04879439,0.06767899,0.06988436,0.04270224,0.09831456,0.08718931,0.07899076
32,0.05636425,0.040761817,0.028482305,0.032515448,0.101026416,0.040992986,0.042159364,0.025899267,0.068379976,0.062297653,0.056786794,0.09303316,0.03325517,0.094567865,0.07302898,0.15044859
33,0.0292864,0.06899282,0.06894583,0.090073794,0.07351904,0.026833922,0.026872566,0.079259954,0.060068857,0.123419575,0.068042085,0.062498603,0.018562922,0.096530415,0.07233593,0.034757335
34,0.09032648,0.03508045,0.0455792,0.035430487,0.07138765,0.053927224,0.06684679,0.0481953,0.06451938,0.07998213,0.053697173,0.06680272,0.04451793,0.067080475,0.08348716,0.09313943
35,0.0675529,0.040114548,0.046350803,0.039205372,0.07537985,0.043563943,0.052329812,0.050888788,0.06283641,0.07130559,0.056861278,0.06536257,0.03746077,0.09438368,0.097090095,0.09931359
36,0.11642661,0.027972614,0.018047592,0.13995345,0.12799135,0.041671652,0.04717955,0.040640444,0.049963195,0.07686928,0.053185463,0.06120013,0.05797489,0.036276598,0.07385612,0.030791074
37,0.11055877,0.023481315,0.035284,0.043260526,0.09197441,0.04939814,0.09568163,0.05554797,0.0506459,0.048092555,0.056250904,0.082384996,0.041244846,0.07041266,0.044586767,0.10119468
38,0.078179,0.029166857,0.063360244,0.028480256,0.04239301,0.041916203,0.08100545,0.08955083,0.051329073,0.03372797,0.11919596,0.104837455,0.037908386,0.095043115,0.019344417,0.08456185
39,0.0706129,0.022016846,0.040387224,0.0472448,0.08436966,0.034685116,0.07176766,0.06416964,0.06043929,0.031256024,0.12344081,0.10470084,0.024605012,0.083490245,0.021788359,0.11502559
40,0.09022027,0.07652682,0.090595365,0.038927916,0.0778429,0.030725555,0.040822692,0.06043023,0.061054602,0.050990272,0.07746132,0.07676882,0.036454167,0.05567525,0.059963226,0.07554061
41,0.09876277,0.021240072,0.024447871,0.038065758,0.0914677,0.041908283,0.08130606,0.046867345,0.055698257,0.048374623,0.06415676,0.09367797,0.04713185,0.101666845,0.042434186,0.10279361
42,0.046387877,0.05963121,0.08124051,0.030150771,0.061024923,0.06413473,0.06330151,0.046898548,0.059185665,0.072479576,0.054316565,0.043625217,0.043402415,0.07645961,0.086268544,0.11149233
43,0.054083228,0.058915313,0.0380772,0.060788054,0.089595295,0.064265914,0.05464402,0.024858026,0.08652749,0.048937846,0.06303457,0.07259062,0.070780635,0.05031513,0.07678465,0.08580198
44,0.103244804,0.039341938,0.03488386,0.050202858,0.095325,0.058766704,0.07376118,0.034256022,0.07179063,0.037390526,0.06670784,0.069565915,0.06700767,0.053384054,0.05070573,0.09366525
45,0.040807527,0.06456614,0.04697193,0.07634943,0.07242709,0.07860731,0.060510486,0.027495688,0.07657372,0.043704834,0.04958041,0.06683157,0.08158156,0.06695117,0.08699166,0.060049433
46,0.10390768,0.01790076,0.017610122,0.07337509,0.1547489,0.045779705,0.076447435,0.03376204,0.038677774,0.0514147,0.03429598,0.11237731,0.043329876,0.06813463,0.054139614,0.074098416
47,0.07053464,0.06622738,0.064271815,0.060666036,0.10893204,0.06592742,0.08124718,0.035370823,0.06533679,0.040639278,0.053306323,0.04331335,0.0840511,0.032294106,0.052868206,0.07501348
48,0.052516777,0.03453146,0.056860954,0.028004711,0.051109385,0.084335424,0.092980795,0.04637538,0.059337784,0.097367205,0.052821815,0.04505952,0.051283076,0.056563735,0.06987678,0.1209752
49,0.111413576,0.07467911,0.038897436,0.043595225,0.10688353,0.02939938,0.02568494,0.024327839,0.097159505,0.06298361,0.07831806,0.08606854,0.03243989,0.03855228,0.06837081,0.08122622
50,0.09114496,0.020770904,0.029172832,0.039694812,0.06645954,0.059566755,0.10499656,0.063462615,0.042000886,0.08647814,0.045252576,0.062840246,0.054066498,0.095698304,0.05822287,0.0801715
51,0.054742623,0.039382484,0.03513672,0.05143359,0.08968032,0.052535594,0.056982115,0.0520428,0.04043119,0.0905915,0.056993503,0.070775576,0.035054,0.100999735,0.0547701,0.11844819
52,0.053493183,0.02930629,0.042436752,0.07525777,0.06264243,0.06633159,0.07875957,0.05664293,0.068614244,0.056974757,0.0746472,0.074322075,0.04675369,0.088029124,0.060885753,0.06490265
53,0.10351787,0.05236065,0.029783078,0.06452475,0.16991098,0.031619377,0.041623328,0.042530548,0.043518048,0.04509124,0.051304866,0.061091572,0.039449234,0.078266196,0.049468264,0.095939994
54,0.045251247,0.070680045,0.092038,0.06514767,0.073166735,0.05042724,0.06918387,0.0814923,0.04297139,0.047441613,0.07065314,0.050742727,0.05528894,0.08911047,0.036630467,0.05977415
55,0.08878726,0.033595946,0.030086448,0.08797455,0.08186703,0.039427947,0.054152384,0.0729343,0.05369644,0.05808288,0.09129667,0.10176117,0.04195976,0.077404164,0.03194726,0.055025756
56,0.07508028,0.051074073,0.07018264,0.04751643,0.066776715,0.036073904,0.055176754,0.10501004,0.044574227,0.08490194,0.08552152,0.056296736,0.029578358,0.0827446,0.04021746,0.06927434
57,0.08768428,0.07205495,0.05213963,0.03221229,0.06099823,0.094155915,0.065171875,0.034304325,0.051211488,0.081907965,0.05322736,0.037687432,0.053058535,0.0394348,0.05110166,0.13364927
58,0.07443943,0.049789548,0.05883952,0.044342954,0.09646756,0.055442274,0.07390258,0.039453764,0.06283314,0.04181525,0.05550937,0.05304892,0.06297814,0.045475703,0.0727677,0.11289414
59,0.055838335,0.057872098,0.08312255,0.028495505,0.06347643,0.05351734,0.079556674,0.05707447,0.042673577,0.03904594,0.06207793,0.04345489,0.06789155,0.10822481,0.054051492,0.10362644
60,0.07713986,0.06445491,0.093365006,0.025899336,0.05592674,0.05187075,0.06574755,0.057912946,0.062335283,0.052742776,0.081374265,0.04302506,0.04831238,0.060898274,0.052424442,0.10657039
61,0.07614104,0.03280548,0.06669763,0.027957805,0.04428773,0.04804759,0.10869203,0.10463639,0.05103181,0.065512896,0.084815286,0.039328318,0.051691096,0.092002995,0.038876195,0.067475654
62,0.04151976,0.03211275,0.033299055,0.059568495,0.1142532,0.05330674,0.06624346,0.0371481,0.055075973,0.06842231,0.05356263,0.06819773,0.03638651,0.10578988,0.068651065,0.10646235
63,0.11798433,0.01382866,0.018095525,0.041214872,0.074723974,0.05097169,0.11497283,0.040624287,0.056295767,0.03539885,0.06810685,0.08494163,0.07251388,0.08621272,0.033933673,0.0901804
64,0.04063976,0.037521344,0.02712813,0.07763035,0.10668061,0.07956111,0.07790286,0.021204345,0.068257,0.050043434,0.04823178,0.044333383,0.077926956,0.071255386,0.08917423,0.08250935
65,0.043807853,0.05246054,0.06273509,0.047160517,0.14288618,0.021965891,0.038988445,0.04323226,0.078554414,0.04365045,0.08604001,0.08841326,0.022021443,0.07915488,0.055266093,0.09366267
66,0.060636032,0.034379173,0.03912029,0.06868029,0.07681424,0.057235736,0.06003754,0.047246795,0.071982525,0.06215923,0.08347726,0.07637871,0.03460439,0.07789424,0.0609608,0.088392735
67,0.07780942,0.041804537,0.03251375,0.04600207,0.06754931,0.08759763,0.06787122,0.028755754,0.07096506,0.05910942,0.049241606,0.056946192,0.066606864,0.053465784,0.08530899,0.10845243
68,0.043044638,0.031565536,0.03153421,0.06244698,0.07736356,0.07869793,0.06771356,0.02809851,0.06740635,0.059684563,0.044620097,0.06436681,0.054773737,0.076960646,0.11530062,0.096422255
69,0.07259971,0.033226732,0.050856575,0.061786518,0.07135723,0.038593892,0.069659166,0.1045998,0.056329533,0.09814336,0.08849827,0.0557002,0.030318245,0.07006497,0.03902022,0.059245616
70,0.085049964,0.07069708,0.053414583,0.06925919,0.08630353,0.062362194,0.05749328,0.04008923,0.07144756,0.06851295,0.05585828,0.04653388,0.075163774,0.030674571,0.07470005,0.052439883
71,0.083055615,0.03184592,0.03212865,0.031826474,0.07400166,0.055950508,0.057098866,0.034367945,0.059030395,0.076589875,0.04502557,0.07142761,0.03829484,0.07863676,0.100154676,0.13056462
72,0.035110727,0.04833718,0.17381962,0.013667342,0.029743282,0.014701277,0.03669572,0.105266236,0.084519625,0.033212326,0.18218239,0.058244377,0.017836815,0.09285694,0.022621788,0.051184326
73,0.12152896,0.048727334,0.03538016,0.0645226,0.10882621,0.0496826,0.051635858,0.03997025,0.06605693,0.07083549,0.06870972,0.053927477,0.04792663,0.027350575,0.051766574,0.093152605
74,0.038568612,0.056317788,0.06932298,0.03252774,0.09503912,0.035875615,0.05565409,0.044328153,0.07123734,0.0409558,0.09414959,0.058437776,0.035226718,0.10413629,0.045960445,0.122261964
75,0.05711705,0.03922895,0.040840212,0.071987,0.073847435,0.06400231,0.061952543,0.04998349,0.068592824,0.08065326,0.07514603,0.07179694,0.037834227,0.071631044,0.059150588,0.076236166
76,0.05931671,0.062815264,0.06312833,0.062976,0.108074166,0.048654687,0.054417938,0.038967725,0.076761335,0.062447727,0.05834203,0.052023593,0.04716048,0.04163345,0.08823219,0.07504841
77,0.12062328,0.022496773,0.028930955,0.0561368,0.09704883,0.041670024,0.07925209,0.0676734,0.04648998,0.047103047,0.073349595,0.08882141,0.041402977,0.06092666,0.031023579,0.09705057
78,0.058386307,0.0331414,0.081786714,0.04699901,0.06302681,0.018015914,0.06029396,0.10745388,0.06616903,0.02266793,0.22685324,0.081627674,0.02158051,0.04368868,0.009384559,0.058924377
79,0.10325117,0.02434575,0.02546665,0.063123465,0.12296709,0.038090244,0.05694299,0.037954986,0.08833564,0.053956717,0.08184075,0.09865274,0.03175771,0.04487693,0.040180385,0.08825681
80,0.050037235,0.057009343,0.051590372,0.03388672,0.085748285,0.050254572,0.04486044,0.02523812,0.08731409,0.054397505,0.053570718,0.06821067,0.035615902,0.06675207,0.09817299,0.13734095
81,0.0657829,0.06888875,0.07049451,0.056709245,0.06630918,0.08687601,0.06714123,0.048001926,0.04730543,0.075132854,0.045806527,0.035352875,0.058705986,0.041032232,0.07958373,0.08687659
82,0.034952004,0.05158035,0.11352845,0.02885948,0.045040835,0.05164529,0.06639637,0.08006597,0.052999783,0.08250504,0.07103691,0.06787509,0.031058421,0.07956973,0.0481585,0.094727784
83,0.05665188,0.022588653,0.053362995,0.062336516,0.072932206,0.06509943,0.13697928,0.0797883,0.055992234,0.07124377,0.10381637,0.036825728,0.035485204,0.036295228,0.020309346,0.09029286
84,0.09135807,0.057528153,0.04831561,0.057741795,0.11750662,0.049871817,0.057220925,0.04355961,0.052387744,0.045998562,0.055494074,0.07462397,0.04686178,0.053971246,0.05220608,0.09535398
85,0.09267672,0.04914081,0.033454467,0.070230626,0.095132925,0.02779229,0.038196977,0.0582328,0.06217718,0.06093492,0.088152885,0.09977621,0.036325295,0.08659341,0.04710308,0.054079425
86,0.06618836,0.033416677,0.030157737,0.073661946,0.07413868,0.052596617,0.069016844,0.03410877,0.084441155,0.03435273,0.10708094,0.088836014,0.08215314,0.06918345,0.040019486,0.060647443
87,0.047269005,0.0500921,0.047291886,0.035716187,0.07320628,0.030043406,0.032427806,0.038585007,0.06997079,0.07006535,0.061233122,0.10987949,0.026441013,0.12979399,0.09915576,0.07882876
88,0.07488709,0.046551008,0.047648605,0.039543334,0.06853723,0.042213723,0.05772123,0.047621552,0.07500205,0.041132674,0.08596424,0.080005206,0.066198826,0.086715735,0.060657892,0.07959955
89,0.058648467,0.058031876,0.064116605,0.05234669,0.08778706,0.026539728,0.04000455,0.055972617,0.073999345,0.036872428,0.09941576,0.12516569,0.029057855,0.092199884,0.039481383,0.060360074
90,0.054248895,0.058252692,0.07494662,0.049658205,0.089975916,0.035272393,0.052948575,0.09872229,0.03599751,0.116936475,0.04763132,0.041919097,0.02707942,0.09497263,0.061421525,0.06001648
91,0.07034559,0.03130485,0.07511905,0.01636972,0.037283193,0.08772316,0.15033935,0.063932635,0.033416245,0.03235961,0.07023761,0.041128457,0.055297066,0.05365765,0.015613946,0.1658719
92,0.071523435,0.06916789,0.051591232,0.06422337,0.08868263,0.05794713,0.04526831,0.040177017,0.047318343,0.04445954,0.052225236,0.078519136,0.044396937,0.07844973,0.073065795,0.09298426
93,0.10099357,0.042813208,0.042261858,0.053598028,0.0904245,0.051095773,0.059895206,0.042725373,0.06259597,0.054560956,0.053249974,0.08851019,0.05649477,0.048983753,0.072715886,0.07908097
94,0.08599398,0.030598208,0.039290365,0.060746234,0.08299176,0.053717047,0.11530099,0.07274058,0.048918653,0.062006097,0.07296777,0.04514816,0.07233574,0.06497507,0.032286633,0.059982687
95,0.044892933,0.04001952,0.049524564,0.023897083,0.06398352,0.07176689,0.071259946,0.03493524,0.0552212,0.07489549,0.049085286,0.04824086,0.03956361,0.0806098,0.07559922,0.17650487
96,0.117235005,0.051559065,0.0615593,0.05055533,0.089466445,0.04445687,0.07867851,0.07313186,0.04638322,0.04897119,0.069008656,0.070723064,0.05790137,0.041628085,0.02979573,0.06894624
97,0.079207845,0.046293903,0.05324213,0.0748682,0.08202058,0.03430533,0.047995597,0.074904084,0.05197334,0.051645745,0.0629024,0.093078375,0.035887297,0.096787535,0.067590006,0.04729766
98,0.095006965,0.012815688,0.015984545,0.073972486,0.12166766,0.026140884,0.06403384,0.0521123,0.05608313,0.040474296,0.10420227,0.12789485,0.027956838,0.10050446,0.024193289,0.05695646
99,0.05322814,0.078303285,0.09701333,0.05593242,0.059198882,0.07548613,0.06284909,0.052529026,0.0670423,0.08470573,0.072217144,0.030414328,0.052649844,0.028525325,0.058099356,0.07180569
100,0.040844075,0.03799069,0.05932485,0.036944274,0.12045763,0.04229257,0.08751768,0.045434594,0.06517237,0.036788303,0.07191227,0.043653104,0.04071188,0.097731315,0.048889905,0.124334484
101,0.066773646,0.0658921,0.061493766,0.05134901,0.093249254,0.045165565,0.053399425,0.052901883,0.06439646,0.07656088,0.06512389,0.040847458,0.054842483,0.058071572,0.08005259,0.069880016
102,0.07802815,0.05815379,0.050832693,0.06629851,0.08166926,0.064267226,0.056138217,0.042749166,0.04806872,0.051665306,0.048094716,0.08557675,0.055789616,0.062055457,0.07428736,0.07632509
103,0.053145137,0.04045107,0.053529363,0.051859196,0.10518879,0.030406162,0.05544287,0.066690505,0.06937801,0.05199076,0.1250871,0.0698907,0.02471135,0.07271875,0.027004676,0.102505565
104,0.0804742,0.045684014,0.043687414,0.057273384,0.10329641,0.100864686,0.12658693,0.03815587,0.03136436,0.04239754,0.039660897,0.034426946,0.08199521,0.038229812,0.030689707,0.10521268
105,0.069829084,0.023982925,0.02794976,0.08048428,0.1828937,0.056375563,0.15491812,0.03313827,0.048207372,0.043092426,0.04713362,0.026038053,0.09566123,0.031675484,0.0278156,0.050804492
106,0.057881493,0.0328678,0.036841344,0.069830745,0.12217498,0.032050412,0.054725498,0.06457705,0.05096234,0.08276401,0.07365835,0.07355311,0.031339563,0.08701381,0.051130164,0.07862933
107,0.053541984,0.039020624,0.06145194,0.06847892,0.071528256,0.05110689,0.06392277,0.072070085,0.057883695,0.08017932,0.058197588,0.07032264,0.037039433,0.07037973,0.08183457,0.063041545
108,0.0980227,0.0800058,0.05396049,0.051277857,0.098654985,0.040218208,0.04407006,0.048349645,0.05140391,0.050237536,0.06510842,0.08117105,0.052351374,0.058621883,0.04960339,0.07694269
109,0.072111316,0.016281111,0.019023977,0.035109743,0.038524162,0.08758045,0.05039448,0.026147997,0.06895397,0.059561696,0.057325955,0.18763898,0.02791153,0.094410904,0.045721546,0.11330221
110,0.09150199,0.053454828,0.058223467,0.035557546,0.067169115,0.050311208,0.060954314,0.045059074,0.08091342,0.05236912,0.08365222,0.06667166,0.059118655,0.048198715,0.05735977,0.08948491
111,0.07008106,0.040025394,0.056591153,0.043591466,0.044465322,0.09954715,0.07575962,0.050305586,0.054008227,0.08697737,0.046022486,0.06325875,0.053291667,0.05157848,0.08067276,0.08382354
112,0.048361227,0.036712702,0.07253175,0.06305192,0.10567864,0.036084548,0.07916356,0.07982249,0.06335353,0.0554774,0.09094146,0.05737238,0.028866857,0.06340798,0.04045131,0.07872231
113,0.08543257,0.020174101,0.043574613,0.020996189,0.037567724,0.0776813,0.1326025,0.041954786,0.056998894,0.026930029,0.056371316,0.07290315,0.083212376,0.07799371,0.0418283,0.12377843
114,0.039850667,0.044090662,0.04611236,0.060989525,0.082679845,0.071667135,0.065658145,0.041995797,0.055802334,0.0962032,0.06259785,0.043214887,0.03651509,0.06711935,0.07156287,0.11394029
115,0.1011078,0.05816476,0.040195066,0.07347713,0.08300251,0.05600154,0.044839215,0.052041996,0.045354415,0.0900695,0.053175583,0.08702683,0.03746799,0.051602364,0.053019177,0.073454134
116,0.08117965,0.033615485,0.05433163,0.039643522,0.06873587,0.03882641,0.06290614,0.06735365,0.06866109,0.064754,0.06929713,0.070830524,0.035137936,0.08886667,0.079027645,0.076832585
117,0.03609681,0.048177227,0.09335222,0.03891098,0.069137566,0.039983615,0.050903317,0.07155859,0.050729897,0.07557283,0.055777222,0.053271446,0.026452022,0.099174716,0.097595006,0.093306534
118,0.046735615,0.019130222,0.037595082,0.051928073,0.09570653,0.05082443,0.12840566,0.06646659,0.04909205,0.05989893,0.09374309,0.038045008,0.038894612,0.087443195,0.025484761,0.11060611
119,0.1230442,0.01629807,0.018878167,0.08190813,0.112946086,0.04646963,0.083149634,0.0657738,0.03486535,0.096401,0.04814649,0.08268372,0.036475874,0.054721832,0.036051344,0.06218669
120,0.038038403,0.07578188,0.07891851,0.0608384,0.066993386,0.044420302,0.047871243,0.04989928,0.076248206,0.05177362,0.07506742,0.07493473,0.047037486,0.085017405,0.070796005,0.056363713
121,0.07464078,0.036937926,0.028190078,0.039024282,0.09785802,0.035612978,0.041734103,0.029806437,0.057897706,0.03673002,0.05910125,0.10723966,0.036507588,0.117124535,0.07902857,0.122566074
122,0.109808944,0.03903872,0.04665026,0.047883052,0.06958792,0.08521879,0.095323466,0.04226781,0.049157497,0.05428809,0.037177887,0.045564335,0.08389622,0.036186945,0.076577716,0.08137233
123,0.09358399,0.029732456,0.038695104,0.047340423,0.07245617,0.039094497,0.07059572,0.078123815,0.055808723,0.06851954,0.08416795,0.07041721,0.042774055,0.088604726,0.04799494,0.07209068
124,0.100287475,0.038226515,0.04444306,0.05755036,0.09606581,0.03307979,0.08202558,0.08964249,0.05153198,0.061582357,0.09156659,0.04806277,0.06270677,0.057570934,0.030134618,0.055522863
125,0.028073927,0.023714637,0.034062255,0.02794828,0.037897695,0.11832133,0.0677462,0.028677613,0.053728253,0.09361968,0.028204262,0.035194423,0.03936431,0.08635672,0.16400082,0.13308963
126,0.07657492,0.057656746,0.074807234,0.046411872,0.06308309,0.06466778,0.105596356,0.09956777,0.028625757,0.06836965,0.047922388,0.039794207,0.08486658,0.0519554,0.029687652,0.060412616
127,0.08489692,0.056465104,0.06953371,0.08393004,0.10832702,0.024963895,0.04348207,0.10428456,0.045243125,0.05926471,0.09126859,0.06401228,0.023410177,0.0455302,0.03130041,0.06408719
128,0.050571457,0.031231418,0.049054876,0.054040264,0.06463251,0.058162097,0.07280328,0.046150584,0.081394225,0.051191848,0.08190974,0.06751144,0.043436524,0.07843485,0.07307278,0.0964021
129,0.08296918,0.046646874,0.05532268,0.025207983,0.06483782,0.057086404,0.07806735,0.045035135,0.064080656,0.045043353,0.082637444,0.053644344,0.042343974,0.07970041,0.038940236,0.13843618
130,0.09063065,0.03070458,0.033534516,0.079835825,0.096929066,0.03858593,0.053414,0.065433,0.044361096,0.083157636,0.04940154,0.1027774,0.035146717,0.07247091,0.07171029,0.05190679
131,0.042581674,0.038102314,0.09213566,0.019039595,0.035709575,0.067859314,0.10878459,0.055630367,0.059798386,0.030158019,0.096595906,0.05564468,0.05911988,0.07788914,0.028646505,0.13230439
132,0.07432572,0.033159114,0.024597688,0.076233536,0.10736946,0.052586246,0.05879162,0.03488661,0.08515064,0.07437099,0.11660737,0.052135035,0.05010186,0.035588507,0.03690629,0.087189354
133,0.04947512,0.026967736,0.035222083,0.049717445,0.06752411,0.074971296,0.08292414,0.038130745,0.051082417,0.06082361,0.041811813,0.07548524,0.053276647,0.09826695,0.09205552,0.10226506
134,0.052782435,0.06986927,0.05439191,0.043697774,0.053871315,0.057146475,0.03301609,0.027401684,0.08980397,0.04603984,0.07226955,0.10108044,0.03813751,0.07166045,0.0910271,0.09780422
135,0.05864502,0.066067606,0.076275595,0.047204625,0.06525384,0.04846107,0.04176308,0.054801542,0.052246425,0.08170485,0.046489254,0.07149797,0.031958196,0.08792889,0.101377316,0.0683247
136,0.099061914,0.01702459,0.023705298,0.028806852,0.06953945,0.050414383,0.11777385,0.053165253,0.03660971,0.05292463,0.046850014,0.068228655,0.05457263,0.10829862,0.047367666,0.12565644
137,0.05575553,0.067898355,0.060779553,0.04233794,0.05272454,0.07970105,0.06502307,0.037767258,0.08527616,0.06554336,0.08297797,0.055854023,0.067975484,0.039829623,0.04887125,0.091684856
138,0.037678335,0.020031584,0.03878065,0.028504888,0.05310299,0.054522783,0.103645094,0.034696743,0.0816857,0.032943223,0.101418965,0.057042863,0.05327216,0.12561484,0.043652017,0.13340722
139,0.03285284,0.032311324,0.061541546,0.022199519,0.046248693,0.04951608,0.064242624,0.038218275,0.10867252,0.063065104,0.11535359,0.051011544,0.033228565,0.080237776,0.055281978,0.14601804
140,0.044757906,0.033090305,0.04995471,0.04973731,0.07599219,0.039673094,0.077671565,0.061087962,0.06276926,0.049956486,0.089559436,0.08663721,0.04721093,0.11789294,0.03909354,0.07491519
141,0.08396938,0.039517354,0.06024612,0.071505725,0.087997325,0.042209614,0.066849895,0.0748344,0.065252416,0.051360082,0.078529514,0.074555986,0.038325895,0.047630906,0.047840502,0.06937484
142,0.03958971,0.043288916,0.07800575,0.05430186,0.094038926,0.045084227,0.0655169,0.07035556,0.05404571,0.09746652,0.0506829,0.051331338,0.023684943,0.07118619,0.071304195,0.09011641
143,0.040370975,0.06600004,0.06857037,0.062315214,0.061247304,0.08247162,0.056389082,0.04358418,0.058650155,0.0895376,0.04601861,0.055386443,0.0425804,0.057154,0.09330469,0.076419346
144,0.06568885,0.028768694,0.040619764,0.048589017,0.07682412,0.036435384,0.05377972,0.052951057,0.07530571,0.061124038,0.08537653,0.094452135,0.02536273,0.10208235,0.06348204,0.08915786
145,0.06413443,0.07539016,0.099154055,0.055677097,0.07811219,0.031147247,0.049236495,0.081187665,0.052098796,0.03958175,0.06892612,0.07918363,0.05077197,0.0741705,0.051832203,0.049395695
146,0.046509758,0.06823256,0.0631872,0.043051306,0.09975383,0.077741705,0.079082474,0.038595926,0.03969728,0.07811784,0.03838418,0.030325612,0.062480435,0.055588912,0.074065626,0.10518536
147,0.07426228,0.037367627,0.023096403,0.05284707,0.1138261,0.049546108,0.04527786,0.021225253,0.07695048,0.056008164,0.054948535,0.09679968,0.044458892,0.060562875,0.08612102,0.10670167
148,0.1154808,0.040301252,0.056201875,0.03504734,0.056696292,0.04623359,0.08681037,0.07685039,0.055638585,0.047703773,0.08087411,0.077561595,0.0744726,0.05438758,0.030001016,0.065738805
149,0.12728745,0.0686462,0.04924627,0.05768688,0.12714525,0.038084693,0.054608554,0.038373712,0.05776666,0.030724576,0.066440396,0.07394333,0.066008545,0.03680401,0.039727118,0.06750632
150,0.05572456,0.041621983,0.072238676,0.0156584,0.042193487,0.06853164,0.11191755,0.030063218,0.085237026,0.025501216,0.10025913,0.05221589,0.088739075,0.036582332,0.02589818,0.14761762
151,0.039913308,0.025991598,0.035403326,0.031810533,0.08333963,0.07395017,0.10769295,0.032263845,0.06530719,0.08422265,0.054646075,0.046899687,0.05205385,0.07288777,0.055100266,0.1385171
152,0.040839594,0.03052969,0.05082042,0.06827324,0.06492191,0.08910646,0.12864351,0.049105648,0.06549904,0.050400194,0.06903572,0.045858786,0.07031623,0.064178914,0.039312314,0.073158324
153,0.0691083,0.029735105,0.055265192,0.048604324,0.06602758,0.060360212,0.10569986,0.08842969,0.03266561,0.048978772,0.05768293,0.06988055,0.039997127,0.10199835,0.031342164,0.09422425
154,0.09508163,0.02165641,0.034182668,0.030199038,0.049824458,0.04652651,0.09487269,0.06420492,0.0666188,0.04164591,0.13153307,0.0724997,0.048349243,0.07803804,0.021181604,0.103585355
155,0.059958085,0.019383552,0.046849128,0.039512683,0.05785815,0.051845297,0.12760653,0.06359893,0.056521136,0.03745845,0.06734958,0.089324065,0.06934173,0.10441565,0.038040817,0.070936225
156,0.063128166,0.046465725,0.06470404,0.05883022,0.06502459,0.0494054,0.053529978,0.062120307,0.06599048,0.10779697,0.090536274,0.07475802,0.03034223,0.047778755,0.050421875,0.069167
157,0.043084577,0.04823181,0.08003294,0.050381005,0.050355885,0.09610889,0.100602806,0.045503855,0.08278384,0.055245697,0.08325511,0.036717534,0.056437086,0.03811295,0.043326613,0.08981941
158,0.080049574,0.066624545,0.07131979,0.032553267,0.08251485,0.04960942,0.07692346,0.057127323,0.050947506,0.03678551,0.079846226,0.05141681,0.054432213,0.06903729,0.029057724,0.11175448
159,0.046969656,0.046537038,0.10824052,0.036289785,0.046205487,0.0873757,0.11033126,0.04919036,0.06726522,0.035732042,0.05678959,0.054526586,0.07280387,0.04370262,0.05094036,0.08709994
160,0.092897594,0.059169132,0.08404282,0.02160729,0.062354993,0.029530264,0.06064624,0.07634861,0.05466711,0.049084965,0.09407558,0.07036742,0.050590258,0.081993066,0.03566615,0.07695856
161,0.08044771,0.029320812,0.038534235,0.042103063,0.089870214,0.06655825,0.09451144,0.044464845,0.056410436,0.0905977,0.04764915,0.039406274,0.05961551,0.041011002,0.073530614,0.105968736
162,0.07024848,0.066572316,0.06630691,0.082292505,0.08040864,0.058136284,0.047626454,0.06696393,0.03927958,0.08685174,0.046092626,0.05760805,0.033923052,0.05184001,0.07088802,0.074961446
163,0.09971968,0.04704794,0.049119245,0.08287311,0.09435498,0.027200023,0.04579404,0.06669667,0.08017478,0.031689744,0.1463467,0.07634368,0.03099969,0.04668678,0.02395127,0.051001668
164,0.043785855,0.047579963,0.040811077,0.0786246,0.06564727,0.06945028,0.052886646,0.043701228,0.05613054,0.08814632,0.047033742,0.063367136,0.055854917,0.08231155,0.111106806,0.053562056
165,0.09027594,0.0462105,0.046890836,0.033928655,0.07101697,0.06117097,0.07405553,0.04006855,0.067671336,0.05064848,0.067507066,0.057254072,0.069498666,0.048892587,0.05784577,0.117064096
166,0.074392766,0.051418886,0.063559145,0.06445048,0.061687738,0.061141253,0.06242242,0.073532164,0.046970144,0.09820393,0.05021156,0.07103314,0.042228382,0.054884132,0.06642538,0.057438523
167,0.057713572,0.041552406,0.06383639,0.030050462,0.038427833,0.06492386,0.052043673,0.0572537,0.06505201,0.10034532,0.058360647,0.06787852,0.045848787,0.076953925,0.100420855,0.07933804
168,0.086197816,0.05278641,0.05729757,0.057231084,0.06328225,0.028044367,0.037331548,0.061992202,0.086708926,0.049603254,0.10483799,0.10914978,0.041137982,0.06113832,0.059488665,0.04377179
169,0.058551535,0.055548567,0.07850933,0.050056625,0.06259548,0.07649184,0.08831493,0.058064565,0.04354159,0.05913498,0.04363973,0.04086629,0.078410864,0.05481376,0.0771708,0.07428912
170,0.078701496,0.061731104,0.031757828,0.045159746,0.10557846,0.06496922,0.052837912,0.024054537,0.065972336,0.06161173,0.047052246,0.046464395,0.06626594,0.04810671,0.08585248,0.113883786
171,0.088413656,0.025202714,0.04331738,0.031069482,0.065783575,0.044548955,0.10462465,0.043313745,0.078524254,0.025581993,0.08959331,0.07271535,0.07446884,0.07943702,0.03931723,0.09408781
172,0.08899955,0.03851834,0.059190016,0.07145064,0.07255972,0.07108807,0.08312697,0.061492767,0.055310536,0.08197371,0.05095165,0.063390344,0.047794778,0.032637667,0.057830676,0.06368458
173,0.06690573,0.03257985,0.04006764,0.061147917,0.118589945,0.04217687,0.08433399,0.05716291,0.052139033,0.049407553,0.064389996,0.063216425,0.05274416,0.08907927,0.047740895,0.07831778
174,0.09391304,0.02577149,0.048352014,0.03936216,0.05897967,0.0426231,0.10106385,0.08538755,0.06090193,0.06922262,0.087638676,0.07353949,0.07053927,0.0536861,0.03416451,0.054854482
175,0.060362037,0.076567836,0.08038283,0.06576386,0.07763058,0.04019876,0.04658402,0.064807594,0.06707958,0.06339649,0.07584687,0.053786933,0.04329848,0.0577244,0.071097165,0.055472594
176,0.038696237,0.037157968,0.059968878,0.03655192,0.046574485,0.07250512,0.08845586,0.03727816,0.08968369,0.03691062,0.082887836,0.05396862,0.06371989,0.08682674,0.062658094,0.106155895
177,0.039605435,0.04755355,0.056822944,0.056494113,0.06062595,0.068814516,0.067993805,0.042398956,0.08087942,0.06265024,0.06865761,0.054398093,0.05100314,0.083403744,0.08179321,0.07690525
178,0.08164382,0.01881633,0.031467486,0.07732371,0.1021049,0.016083784,0.056563865,0.11891085,0.054885417,0.054745674,0.13884842,0.09800608,0.02163144,0.067076795,0.017499559,0.04439189
179,0.0893803,0.0337723,0.04236302,0.056812618,0.079329856,0.0372737,0.061946735,0.06879088,0.06947533,0.06643393,0.092824794,0.06383862,0.041789886,0.070562676,0.058986887,0.06641843
180,0.046398386,0.03176424,0.04665776,0.047896866,0.08571156,0.037062984,0.07517527,0.0382704,0.09025224,0.019808024,0.13432664,0.0826613,0.048359808,0.09964321,0.030280625,0.08573067
181,0.091082714,0.046848133,0.037019387,0.07484131,0.06846417,0.03444679,0.037602317,0.057700425,0.07296463,0.06871465,0.07481238,0.108814664,0.048349366,0.070796825,0.07017618,0.037366137
182,0.05018605,0.021660104,0.03516973,0.0430799,0.06335599,0.042359024,0.07714463,0.056110766,0.058253113,0.07428023,0.054619316,0.084535874,0.05448097,0.13271296,0.08472121,0.067330115
183,0.07663915,0.047125187,0.05116025,0.05368657,0.072998546,0.064788334,0.066188894,0.054052383,0.058325723,0.07196802,0.06673872,0.060392607,0.04038528,0.059094578,0.054789085,0.10166669
184,0.05127937,0.025882386,0.05736274,0.04282801,0.09279281,0.041181985,0.113484114,0.08618022,0.045535523,0.06046061,0.08166168,0.04078249,0.036532,0.09107241,0.036026422,0.096937306
185,0.07632145,0.055818707,0.05634262,0.051992055,0.09721121,0.047026705,0.06325672,0.058432277,0.06198442,0.07914729,0.077434756,0.053647723,0.040578697,0.04811727,0.042735964,0.089952104
186,0.08461838,0.03984226,0.062215786,0.030541003,0.04043363,0.070369326,0.09079511,0.0641768,0.07420083,0.08246488,0.08749005,0.039538667,0.07727953,0.03997263,0.046212688,0.06984847
187,0.167674,0.028176693,0.03803357,0.054391015,0.06839224,0.020633077,0.047445644,0.11569955,0.04022761,0.05675045,0.08448998,0.12913418,0.03630951,0.053349167,0.022870598,0.036422715
188,0.058492243,0.027155763,0.024334565,0.054472744,0.07349365,0.08676574,0.074251115,0.01707657,0.10478719,0.027790198,0.09088413,0.064219214,0.060292225,0.046832725,0.04698959,0.14216231
189,0.090225935,0.02669313,0.036986478,0.063212775,0.07417741,0.054124594,0.07279098,0.061361138,0.076312505,0.10494131,0.076216154,0.06269595,0.04952355,0.03764685,0.054687966,0.058403317
190,0.046561006,0.058401693,0.050185982,0.06755618,0.123650946,0.055324167,0.07454499,0.041529946,0.049418222,0.07423378,0.049422856,0.035298724,0.069212176,0.061202418,0.07610708,0.0673498
191,0.08785402,0.030170118,0.049223546,0.065470725,0.078376226,0.06258431,0.12315592,0.062110897,0.061536174,0.04368761,0.095570624,0.04643908,0.071716495,0.027772686,0.022975199,0.07135641
192,0.097710855,0.03268646,0.029508943,0.027107527,0.06502637,0.06306466,0.07555876,0.031239362,0.072414674,0.048568964,0.06206565,0.051952515,0.07987156,0.067275845,0.07233032,0.12361764
193,0.045212608,0.021957586,0.06614771,0.029152319,0.037450444,0.08211958,0.15779415,0.040953923,0.07917436,0.02212529,0.11065886,0.061586764,0.07001097,0.04705335,0.021444356,0.10715773
194,0.1026359,0.018259766,0.0131699,0.059297204,0.07971153,0.04679272,0.04580157,0.02166599,0.11327431,0.038886905,0.08943958,0.12501505,0.04194011,0.078025185,0.052841455,0.073242836
195,0.0412396,0.07600381,0.06288416,0.05684334,0.12186569,0.018265896,0.024009997,0.05734754,0.050481617,0.062453676,0.071943305,0.0990639,0.016037362,0.10785532,0.05648769,0.07721704
196,0.04304323,0.02302725,0.03860816,0.060068533,0.0660897,0.06609699,0.088679485,0.071216576,0.04121114,0.12237743,0.044899765,0.056192115,0.03346288,0.102242954,0.06671367,0.07607015
197,0.036429,0.032215748,0.046863083,0.039157268,0.1197927,0.034876823,0.07303421,0.037485782,0.07159102,0.027491495,0.094352685,0.06717587,0.033456173,0.12433968,0.037222985,0.12451545
198,0.054546397,0.056224447,0.0778491,0.08204258,0.11928714,0.035157032,0.040366817,0.06883595,0.03866482,0.06972113,0.045670703,0.086089075,0.019943554,0.053865958,0.061962996,0.08977225
199,0.06129795,0.05728517,0.059550542,0.069957286,0.07901502,0.038855355,0.054157387,0.07701666,0.045412973,0.061440468,0.068178356,0.114713885,0.044263065,0.07403634,0.037582915,0.05723663
200,0.10659521,0.018933982,0.029056264,0.095901616,0.13834451,0.02437369,0.089479655,0.08585439,0.051871836,0.04042341,0.12009084,0.059254687,0.045811806,0.037755147,0.016338,0.03991494
201,0.043968808,0.044504333,0.060190346,0.052134942,0.0606716,0.071995616,0.08332469,0.048628006,0.06724998,0.04902652,0.07461052,0.056343272,0.053441763,0.08930259,0.054285962,0.090321064
202,0.103812955,0.023051297,0.05875641,0.046591174,0.08281023,0.052410785,0.15070148,0.10039103,0.040569928,0.062931076,0.07427082,0.034509864,0.041805476,0.027054718,0.017399797,0.08293291
203,0.06825454,0.05522917,0.06645045,0.049458716,0.1307476,0.033142325,0.0589792,0.075196646,0.03744198,0.049115032,0.060298193,0.05728033,0.031553324,0.080846325,0.039956715,0.106049456
204,0.10516357,0.051929995,0.0396052,0.09549153,0.13430043,0.034247506,0.04906949,0.044965822,0.05831739,0.04183304,0.052900385,0.072482705,0.06372026,0.04782771,0.06866,0.03948497
205,0.061200697,0.027396495,0.044174224,0.012219004,0.038067218,0.07753366,0.08509705,0.036487862,0.054546434,0.07366369,0.055277627,0.048545014,0.053002696,0.08465326,0.06478098,0.18335414
206,0.06183416,0.048305456,0.067968845,0.065622464,0.08123877,0.030096872,0.04736719,0.07410121,0.08410454,0.055167556,0.12622122,0.08541628,0.024428418,0.046860803,0.030645028,0.07062123
207,0.07698264,0.030455848,0.022889646,0.047167357,0.11663713,0.057307336,0.06763833,0.019495746,0.072699904,0.031254698,0.0508974,0.06655175,0.06538788,0.068274654,0.08445235,0.121907346
208,0.060545847,0.030530535,0.03926208,0.068342745,0.09135636,0.04613396,0.060860824,0.04776675,0.076277524,0.062155005,0.07796541,0.101282455,0.03347109,0.06321328,0.055929463,0.08490667
209,0.07875546,0.031751815,0.042747576,0.052795798,0.0837915,0.041661475,0.06513434,0.06924838,0.042993456,0.086797565,0.049775023,0.09414961,0.03329523,0.086968,0.06443602,0.075698815
210,0.1324349,0.06251138,0.057570767,0.045980494,0.09347296,0.04524057,0.06689262,0.051110785,0.058888715,0.037880134,0.077600755,0.05388638,0.070242666,0.0334353,0.034170564,0.07868106
211,0.08340319,0.047979474,0.054441273,0.037629463,0.08247197,0.056815248,0.08915766,0.04848501,0.06263802,0.042129487,0.08070772,0.05476464,0.06442883,0.059953004,0.03530776,0.09968724
212,0.045937594,0.0357246,0.084967025,0.03389279,0.058139205,0.03280758,0.08324339,0.08594614,0.07372167,0.043413386,0.11834372,0.07419297,0.039290767,0.09324189,0.030468352,0.066668935
213,0.106451005,0.038194064,0.041903462,0.0369103,0.065041624,0.061150093,0.06425899,0.05333757,0.055409927,0.085216485,0.05782559,0.05266735,0.053353474,0.057811815,0.07520286,0.09526535
