,HS,VA3,VA1,FI2,FI1,IM1,IM2,VA2,AV2,PE2,AV1,AV3,IM4,BA,PE1,IM3
0,0.045869768,0.04034729,0.06282384,0.069299646,0.10354012,0.045475494,0.08362315,0.07234359,0.04246093,0.032678884,0.11258379,0.06280138,0.03633983,0.07088301,0.015659003,0.103270225
1,0.08778623,0.039349064,0.043256987,0.054941703,0.057319775,0.053100422,0.05240427,0.045732234,0.08424801,0.093816735,0.07113252,0.06125291,0.047081176,0.049427107,0.101277106,0.057873804
2,0.069928266,0.025485741,0.035602704,0.06233276,0.06965757,0.06649581,0.08505106,0.06896966,0.046375006,0.06920941,0.082571946,0.057718117,0.04949418,0.09152525,0.035135623,0.08444694
3,0.042329997,0.07167408,0.09113454,0.060856026,0.082206234,0.062171046,0.0703173,0.042157263,0.07251284,0.028057376,0.09044033,0.060151298,0.037939366,0.026569324,0.026030963,0.13545199
4,0.06473446,0.05749921,0.05337223,0.048506975,0.09825789,0.04045698,0.067936376,0.035694335,0.05982821,0.024742253,0.13777263,0.071070485,0.060137153,0.05621781,0.017304135,0.10646889
5,0.092452966,0.035040814,0.037458833,0.065339535,0.08067995,0.06950433,0.09927971,0.05066962,0.05375344,0.057125296,0.06590178,0.04901961,0.07798594,0.05324137,0.054766417,0.05778035
6,0.07344329,0.037221935,0.053500246,0.070795484,0.10406256,0.024826841,0.04718523,0.0688468,0.06363913,0.040864836,0.13499081,0.08825036,0.023999974,0.07684532,0.021266563,0.07026062
7,0.06152449,0.07013142,0.04723249,0.07608517,0.06686018,0.06691129,0.046336953,0.046471745,0.05799016,0.10753336,0.092402704,0.050026637,0.056648746,0.03023889,0.03973497,0.08387074
8,0.051778387,0.051822413,0.089196146,0.037336156,0.03684481,0.11650849,0.10110253,0.040664364,0.07943819,0.040970583,0.05985488,0.04913306,0.07061536,0.023134256,0.07482795,0.0767725
9,0.030278558,0.0996779,0.06765246,0.05259185,0.0654149,0.09351652,0.06486058,0.03207479,0.032701317,0.061101902,0.04686138,0.060390558,0.056786433,0.04044157,0.036736708,0.15891254
10,0.04448289,0.03871375,0.067050904,0.075976186,0.08456037,0.060511947,0.07675239,0.06367088,0.05236603,0.036944218,0.06398434,0.06644309,0.030744648,0.07883865,0.055670623,0.103289045
11,0.06343758,0.01862818,0.0401185,0.041036263,0.040779952,0.048453704,0.110246204,0.08481119,0.07354743,0.06264934,0.15934986,0.063747264,0.05521373,0.06560161,0.020551642,0.05182755
12,0.05780886,0.028739443,0.033817083,0.0705123,0.08267655,0.043166187,0.05978115,0.047150616,0.053224593,0.06768263,0.12038448,0.09212265,0.034764007,0.07672376,0.024192432,0.10725325
13,0.06670472,0.08197143,0.06843414,0.07263977,0.0849087,0.039695416,0.046220098,0.054554466,0.073883206,0.06519265,0.07023155,0.061526388,0.05404442,0.04611884,0.062270325,0.051603884
14,0.057011943,0.056839038,0.06254616,0.055653036,0.0897139,0.068666816,0.10599381,0.027939916,0.06262489,0.042392384,0.07897111,0.083892815,0.070003726,0.027834937,0.032509454,0.077406004
15,0.0660774,0.051160295,0.06367588,0.032992188,0.053711236,0.06927048,0.08843037,0.06089053,0.050210003,0.057053898,0.06734348,0.043337494,0.08466666,0.07067306,0.057345975,0.083161026
16,0.09446327,0.043308962,0.02356346,0.076559186,0.11103492,0.056955606,0.06512111,0.022650694,0.053601276,0.06554537,0.05438693,0.08079387,0.08098464,0.05611131,0.059508353,0.05541111
17,0.05258059,0.038465302,0.06457517,0.100335956,0.09514969,0.05764832,0.06691437,0.08333868,0.049131755,0.079285905,0.052602086,0.03773503,0.027048394,0.040968362,0.073216796,0.081003554
18,0.051443625,0.026333181,0.03307024,0.041126497,0.06372206,0.0676285,0.112356834,0.05501071,0.04296763,0.07058314,0.10561291,0.039805412,0.07785034,0.0780297,0.025357911,0.10910133
19,0.06367283,0.04806751,0.05118224,0.12606625,0.12907863,0.030152522,0.039708782,0.042310935,0.068950765,0.053975496,0.078304395,0.0914995,0.02054418,0.039520826,0.051418733,0.06554639
20,0.064687476,0.04223905,0.051879738,0.07671105,0.063599,0.057427123,0.05699009,0.05532539,0.09356304,0.061755616,0.07098375,0.043851662,0.047115635,0.040484127,0.100249715,0.07313756
21,0.068996735,0.07318819,0.062314015,0.051621914,0.08890426,0.068374366,0.076738596,0.026477395,0.054886702,0.022149732,0.08306286,0.08243477,0.06071502,0.039712153,0.029022507,0.11140079
22,0.10822023,0.038054395,0.016694995,0.0900138,0.14502378,0.03851524,0.039735872,0.026236499,0.034577403,0.08140377,0.077489026,0.07336783,0.049431186,0.0802976,0.03501714,0.065921254
23,0.075165756,0.031751666,0.03221384,0.11666901,0.11394859,0.05871354,0.060622018,0.06803202,0.034709234,0.103848815,0.07739424,0.038597316,0.030675007,0.04387425,0.0317436,0.082041144
24,0.041867096,0.08142393,0.08100309,0.031233823,0.07359245,0.07876868,0.0972347,0.029427245,0.04356179,0.022851193,0.049443204,0.07221166,0.085807264,0.060654175,0.03609187,0.11482785
25,0.051177386,0.10172394,0.056229156,0.029488048,0.057035685,0.10161749,0.06642821,0.023669826,0.034503292,0.053749476,0.04380606,0.045136657,0.10273405,0.04710132,0.060920466,0.12467887
26,0.06717185,0.069474585,0.036541533,0.049325693,0.11317083,0.074242145,0.071910985,0.02465266,0.038298603,0.039544996,0.08105766,0.041563768,0.08666853,0.040744707,0.024794364,0.14083709
27,0.080177195,0.06541693,0.052390914,0.088842876,0.1265013,0.049568787,0.06443248,0.031633057,0.07337981,0.032718193,0.07935172,0.06243424,0.05013532,0.029149503,0.040399868,0.07346781
28,0.04399118,0.06658998,0.06673909,0.068140484,0.059111875,0.03810138,0.049597736,0.06862493,0.07999712,0.09470355,0.073171794,0.07494367,0.052737117,0.058074143,0.052039277,0.0534367
29,0.061662573,0.04272457,0.042404655,0.08299378,0.06985571,0.07910938,0.06867817,0.053127963,0.049319934,0.071734846,0.052398253,0.054767024,0.04709482,0.06387215,0.07856537,0.081690826
30,0.062004376,0.057975307,0.0831811,0.057549834,0.07378716,0.05244808,0.0742074,0.050450683,0.08183242,0.033950545,0.11001921,0.072893664,0.044770543,0.03609835,0.03303161,0.075799726
31,0.05206691,0.03677467,0.047853734,0.07106563,0.070834264,0.05751888,0.07866952,0.055798728,0.06478566,0.055749904,0.1002427,0.07214514,0.046620723,0.05861625,0.032919995,0.09833727
32,0.060164127,0.08159708,0.040186975,0.06299009,0.15924801,0.06716812,0.0603364,0.019644476,0.03180262,0.036705244,0.04809485,0.049592387,0.06525108,0.04619606,0.042199183,0.1288233
33,0.07355585,0.04936084,0.058217987,0.051760677,0.047528397,0.030803666,0.037854463,0.05030023,0.12394727,0.052155867,0.092433035,0.11699337,0.03579241,0.0658179,0.068507105,0.04497091
34,0.07277439,0.041899312,0.03835832,0.07690154,0.10344732,0.044960443,0.04964992,0.048603,0.03914747,0.073451124,0.099359035,0.07671308,0.032726705,0.06846612,0.027600894,0.10594135
35,0.044130202,0.03091514,0.04322208,0.09153011,0.08841068,0.05297907,0.11479024,0.038508397,0.07038808,0.028325936,0.091146685,0.106636465,0.04762761,0.048212763,0.02431755,0.07885901
36,0.06442555,0.050215427,0.059577387,0.0456986,0.07126274,0.049804103,0.0785948,0.050724503,0.054162074,0.035033155,0.117798865,0.083972834,0.055445716,0.0686455,0.020447783,0.094190925
37,0.07812176,0.034320276,0.050269503,0.09092974,0.08967041,0.03970243,0.045642167,0.06812605,0.06190503,0.05494218,0.06668783,0.072271444,0.021853501,0.07674874,0.08037668,0.068432264
38,0.058618788,0.03940493,0.08010475,0.04505844,0.05352809,0.036757518,0.050768692,0.10070351,0.057105068,0.06831298,0.07000176,0.07117378,0.023045143,0.102016956,0.074548215,0.06885142
39,0.047883853,0.040830046,0.051118467,0.050780166,0.10577813,0.06146672,0.124375544,0.036534082,0.052352894,0.036171906,0.08660365,0.06197316,0.07046839,0.03936417,0.023712596,0.11058622
40,0.034273136,0.094205774,0.14451133,0.04668966,0.052618593,0.05912785,0.05587241,0.058010798,0.065003805,0.03520142,0.04665177,0.077237666,0.03663762,0.049020264,0.071291886,0.07364602
41,0.10327824,0.06481511,0.070196725,0.03143096,0.051039305,0.030473435,0.0351662,0.050870653,0.09013021,0.037259754,0.067180224,0.08861601,0.048887495,0.09138482,0.09753519,0.041735668
42,0.066419475,0.055355143,0.05615301,0.045885086,0.0568482,0.084256776,0.0661721,0.04813267,0.041574012,0.06536716,0.07050919,0.053009838,0.048866507,0.06103769,0.05622713,0.124186
43,0.0886597,0.06972488,0.051159848,0.07965459,0.10091418,0.070707105,0.055520326,0.03865477,0.051305663,0.055551454,0.063256375,0.045276344,0.05089581,0.035995092,0.06358806,0.07913583
44,0.07242866,0.027999222,0.04296589,0.024108425,0.040348694,0.05191487,0.08001817,0.065367416,0.05267912,0.07877128,0.10490536,0.05290244,0.059602406,0.11108551,0.042043477,0.09285911
45,0.05806966,0.06608798,0.06349794,0.06867528,0.06820882,0.04852693,0.05074467,0.053561643,0.05680136,0.04381377,0.14845859,0.07077209,0.03694895,0.041474324,0.01713661,0.10722136
46,0.050895404,0.040348064,0.06769825,0.050573085,0.04814859,0.059327517,0.079114564,0.0660236,0.08512094,0.07401106,0.05021079,0.073281564,0.05074519,0.056734014,0.09736619,0.050401207
47,0.05215257,0.026964918,0.03636547,0.06702583,0.047376037,0.068595,0.09137907,0.08124729,0.069211446,0.11520535,0.08454817,0.042946946,0.06322055,0.049374368,0.04595153,0.05843547
48,0.053626906,0.11871036,0.09604752,0.044062868,0.10000813,0.03374679,0.043244597,0.044440944,0.037419748,0.039388087,0.032769877,0.08930873,0.043454457,0.09303934,0.07155444,0.059177224
49,0.059045773,0.082975484,0.05633526,0.082262464,0.07578697,0.04398012,0.038000267,0.043435354,0.07063391,0.06338072,0.08919724,0.074896246,0.043776453,0.049347248,0.04819845,0.07874804
50,0.07111981,0.04610938,0.06982719,0.036470108,0.048628774,0.042995166,0.059752703,0.06126773,0.079811074,0.05640636,0.10332153,0.09043256,0.045279246,0.07250888,0.04726826,0.06880118
51,0.07223264,0.057735752,0.06759247,0.026613764,0.06995367,0.07339562,0.1097308,0.04410566,0.035817996,0.028699458,0.06811797,0.058737274,0.10184979,0.07748885,0.025374899,0.08255338
52,0.08596619,0.02946882,0.0213017,0.10511736,0.13206053,0.07321338,0.075223394,0.04016246,0.024529874,0.11855582,0.04024237,0.037829828,0.044553295,0.045660704,0.054879893,0.07123443
53,0.04760328,0.025387265,0.038490612,0.06288089,0.12423376,0.057182804,0.10713569,0.09217972,0.02288914,0.070160925,0.059173215,0.033277053,0.04423331,0.08698151,0.022767806,0.105423056
54,0.070863724,0.07931698,0.053460326,0.050577518,0.09890589,0.04050493,0.045284297,0.025371468,0.058479052,0.028179646,0.072890006,0.12551935,0.049317334,0.07242473,0.035367694,0.09353706
55,0.085715674,0.039958086,0.038569603,0.060081437,0.10652757,0.06291551,0.09133471,0.05314559,0.04666953,0.051668536,0.086212955,0.03551376,0.07686774,0.05203994,0.033709202,0.07907018
56,0.049601287,0.054111853,0.0675474,0.062494252,0.10397091,0.04528409,0.071374156,0.05673355,0.040603526,0.036417853,0.064800866,0.104177505,0.03787746,0.10038841,0.025462674,0.07915422
57,0.16376717,0.050474256,0.033806875,0.07618677,0.11331842,0.016609069,0.026689135,0.042908564,0.07396415,0.072583586,0.105354406,0.08895868,0.03154486,0.04172327,0.036093086,0.026017709
58,0.062893726,0.0699929,0.03263773,0.0645495,0.118626714,0.0581436,0.058261912,0.019750372,0.05059758,0.050185706,0.04415365,0.06462214,0.09471098,0.058670897,0.07211704,0.08008551
59,0.0746321,0.055361878,0.05561796,0.090898156,0.10777684,0.039436962,0.06658845,0.06306654,0.055547927,0.061160803,0.07413739,0.07626299,0.04933889,0.04764581,0.035709362,0.046817914
60,0.09175176,0.05430968,0.041858494,0.08624148,0.0870682,0.027837649,0.03802897,0.034141134,0.096795864,0.024954766,0.24525498,0.048033018,0.03684145,0.015851984,0.013143275,0.057887346
61,0.055133697,0.023823395,0.03233121,0.050777752,0.062780134,0.072239466,0.110380374,0.05095537,0.043531895,0.0726516,0.101883225,0.07673655,0.056018483,0.06865088,0.019694315,0.102411695
62,0.07380969,0.06569799,0.066639565,0.08048963,0.110325165,0.062517874,0.08391557,0.038614858,0.0643597,0.032187276,0.092517465,0.049651492,0.056476504,0.02066453,0.027521223,0.074611455
63,0.05222076,0.057077214,0.0723275,0.058338862,0.09103483,0.07024091,0.08030057,0.08119503,0.029690163,0.05193835,0.058274817,0.044162307,0.043872606,0.07452348,0.03185273,0.10294988
64,0.03880938,0.08085511,0.087122284,0.035916787,0.03695027,0.088683985,0.07378095,0.041638445,0.085140906,0.050067022,0.059996683,0.049690325,0.09676968,0.028258964,0.06692635,0.07939288
65,0.051949736,0.07700089,0.08750552,0.07494163,0.06186736,0.03401368,0.036331028,0.052562177,0.100704044,0.04756993,0.08668984,0.09046849,0.029971167,0.045372296,0.06408922,0.05896299
66,0.05804394,0.08244163,0.08759922,0.023380464,0.06729474,0.05887032,0.085696906,0.031959455,0.042058352,0.020103363,0.06308427,0.09379514,0.08738951,0.079885654,0.02770537,0.09069172
67,0.053907458,0.047460616,0.026923144,0.05381584,0.06214686,0.09264687,0.07335556,0.023908312,0.044606104,0.09252041,0.06148808,0.070684664,0.087187134,0.05343617,0.045723647,0.11018915
68,0.02852921,0.05584791,0.080188215,0.06475329,0.062475096,0.06571492,0.072191924,0.042384073,0.06783841,0.03884804,0.10150143,0.06638279,0.032758687,0.028143728,0.025269024,0.16717331
69,0.10517681,0.03228662,0.03326608,0.09295251,0.11250726,0.04929675,0.056531545,0.036967143,0.06807368,0.040207345,0.11481724,0.04608692,0.03366879,0.03489543,0.04527152,0.097994365
70,0.05122919,0.040556226,0.034840737,0.080001265,0.0904615,0.084819645,0.08306553,0.04511107,0.032228302,0.074151315,0.03504174,0.03913528,0.05817051,0.06790627,0.08500824,0.09827313
71,0.07883514,0.038551837,0.045258418,0.041521948,0.06915905,0.047205135,0.10795829,0.044742122,0.06704292,0.038036402,0.14982653,0.07585863,0.07949876,0.042542398,0.015359488,0.05860293
72,0.040061124,0.035113882,0.05292413,0.06535872,0.083097436,0.06084315,0.11148629,0.028421799,0.09381169,0.01661148,0.11020585,0.081483416,0.051491052,0.03382873,0.022705263,0.11255598
73,0.06619663,0.028224142,0.028441878,0.09905568,0.064235,0.107821144,0.10415983,0.046144154,0.056027215,0.08686116,0.0811423,0.03009607,0.06598925,0.019688176,0.039407283,0.07651011
74,0.08278369,0.05860899,0.026600575,0.044749487,0.062042307,0.078734785,0.051650748,0.017929247,0.04671852,0.06318321,0.07042912,0.07368132,0.08467405,0.05972947,0.06338337,0.11510112
75,0.091421716,0.0434987,0.061644163,0.056558672,0.07367251,0.05504444,0.07203856,0.059277754,0.063632935,0.06389829,0.04828969,0.06298462,0.046717007,0.05850335,0.10167713,0.041140478
76,0.04633236,0.0683595,0.022530409,0.11977941,0.14941418,0.059149873,0.048186287,0.022831315,0.030217519,0.08257998,0.053587943,0.040037785,0.0658283,0.036800653,0.035093952,0.11927051
77,0.059515327,0.03555921,0.056834493,0.043846946,0.051157042,0.07944211,0.08728089,0.055573475,0.064020894,0.060549676,0.08616584,0.04893888,0.047199164,0.049212847,0.058102455,0.116600774
78,0.07737389,0.03551407,0.03261611,0.03511629,0.054648828,0.06073612,0.082136564,0.043391135,0.042730708,0.05745703,0.13119878,0.066847034,0.08091062,0.08344617,0.018365717,0.097510956
79,0.06609982,0.0284793,0.039200526,0.042154074,0.060988043,0.06244139,0.097610265,0.037738528,0.049893502,0.03885918,0.1184623,0.11170996,0.05393682,0.074671,0.019404955,0.09835029
80,0.07538228,0.033924315,0.046167955,0.041950002,0.07803465,0.046784002,0.08093662,0.03547812,0.06956182,0.03192227,0.09524646,0.116366595,0.054709505,0.085167944,0.03301513,0.075352386
81,0.035925925,0.039838262,0.07407903,0.07090599,0.061377257,0.06596816,0.09022257,0.057855565,0.064599246,0.04698639,0.11636265,0.086123705,0.029974958,0.03137946,0.019273184,0.1091277
82,0.06991806,0.087920465,0.067456864,0.06283226,0.074482284,0.04748569,0.039861728,0.054556806,0.048781354,0.08937646,0.054824043,0.07125977,0.04195559,0.061069187,0.068591066,0.059628382
83,0.04010205,0.038795177,0.037819054,0.10007616,0.059466556,0.07587714,0.075489186,0.032996446,0.071966685,0.049848,0.10457779,0.06896066,0.049468234,0.02952323,0.033364806,0.13166882
84,0.07976711,0.04315645,0.051894814,0.06311011,0.08042916,0.06031114,0.076437056,0.05441621,0.05855454,0.05826041,0.08460682,0.06622573,0.049607273,0.055988062,0.043726638,0.07350854
85,0.04297027,0.07710893,0.07370129,0.095815696,0.07965656,0.06327974,0.058984052,0.058654428,0.045600254,0.085227646,0.047702145,0.06407667,0.04206864,0.03997207,0.0577755,0.06740607
86,0.055738535,0.08266168,0.06723315,0.06686916,0.073565155,0.05612531,0.06701423,0.0357379,0.08657125,0.038955245,0.04101814,0.08861678,0.071082704,0.042036455,0.08350613,0.043268148
87,0.08527013,0.04844894,0.03864881,0.05317225,0.10860654,0.039143883,0.051299393,0.044653967,0.045594644,0.05946147,0.11884136,0.0545402,0.052473385,0.06776065,0.02588254,0.10620185
88,0.057356354,0.03362184,0.027961722,0.06943919,0.07639014,0.057657298,0.066904746,0.039923638,0.047252078,0.057472672,0.14073996,0.055548366,0.06396184,0.070691526,0.021258244,0.113820374
89,0.0601691,0.030598618,0.03599756,0.07119187,0.0667145,0.069867045,0.09357834,0.034929913,0.07770403,0.049549993,0.08873127,0.086663485,0.060419362,0.050070014,0.04283004,0.08098487
90,0.075001955,0.07369606,0.06511933,0.0550546,0.08502763,0.042082507,0.050733328,0.045013428,0.06308363,0.0654112,0.06855456,0.07683469,0.053675283,0.0559466,0.061051566,0.0637136
91,0.06506563,0.070432045,0.069058575,0.0743736,0.12693132,0.069446094,0.081113815,0.04325175,0.044715673,0.034323897,0.065495804,0.04306358,0.04976417,0.031326722,0.032544147,0.09909312
92,0.05139493,0.040875312,0.057419926,0.119757056,0.08658407,0.05198398,0.051253926,0.062444553,0.06189528,0.06660914,0.07189488,0.065885566,0.0214489,0.039996166,0.056308996,0.09424734
93,0.0739075,0.038077187,0.053622007,0.067028895,0.11573032,0.03588703,0.08033326,0.08110554,0.053118955,0.040713385,0.13282669,0.043439448,0.047601875,0.04660256,0.018870918,0.071134396
94,0.065915875,0.05053552,0.05342448,0.08135298,0.08590716,0.051504422,0.061946284,0.059686173,0.055945102,0.05652972,0.088910826,0.081652515,0.040474165,0.060886044,0.031208454,0.07412029
95,0.05147707,0.061875496,0.065680124,0.061036598,0.09646615,0.039481808,0.06826186,0.0588621,0.052069712,0.04082708,0.09969845,0.085255414,0.05125745,0.06941109,0.019291,0.07904864
96,0.096912146,0.050411094,0.03355339,0.032229032,0.08289048,0.08049501,0.08886283,0.018125877,0.04240431,0.037159126,0.04512553,0.070716284,0.11638593,0.06299495,0.058341403,0.08339259
97,0.11280551,0.07155719,0.03507611,0.025621438,0.06627986,0.08130253,0.058023524,0.03155041,0.024896441,0.07612401,0.047865722,0.040075045,0.12122077,0.081608064,0.05372022,0.072273165
98,0.094168305,0.028728498,0.04607512,0.016843218,0.03308441,0.054798614,0.080147974,0.045386005,0.06026675,0.03829643,0.09928528,0.087836035,0.083969355,0.13151313,0.04055626,0.0590446
99,0.08123284,0.06193017,0.046934355,0.092553414,0.12496368,0.043927506,0.046206802,0.061868917,0.040594857,0.10003098,0.053625524,0.041424554,0.045553755,0.049037512,0.058230165,0.051885005
100,0.03979478,0.0411001,0.07343876,0.06882376,0.061965525,0.064437576,0.09604198,0.061381757,0.057906404,0.10188875,0.04076441,0.07089031,0.04669566,0.034843843,0.08750697,0.05251943
101,0.060123775,0.04864533,0.04885368,0.10098087,0.107046954,0.057697076,0.06484074,0.03523471,0.07040572,0.05155055,0.09798309,0.06822603,0.03569964,0.025487302,0.029855663,0.09736889
102,0.07977263,0.046061944,0.029077932,0.03276813,0.07723549,0.075436555,0.08220556,0.025189245,0.027919108,0.05110844,0.053701397,0.07154729,0.100560345,0.101984225,0.03972428,0.105707414
103,0.10615628,0.027035818,0.028500214,0.035882294,0.06232338,0.058980856,0.102019526,0.033328086,0.06159021,0.056903258,0.097796924,0.07381999,0.08826283,0.06865632,0.03626879,0.062475223
104,0.04545002,0.034442235,0.048865903,0.09119835,0.058873504,0.050020467,0.054879874,0.059543993,0.07965684,0.067140445,0.09913087,0.08549127,0.028429225,0.055304516,0.045679957,0.09589252
105,0.060592532,0.048159942,0.089548506,0.06383983,0.11508592,0.060973246,0.086363845,0.077473015,0.038187556,0.039080363,0.0782995,0.042696595,0.030820033,0.037357517,0.024532354,0.10698923
106,0.04133982,0.0555544,0.04697902,0.08152599,0.09242188,0.05417859,0.05644993,0.036722127,0.050751504,0.052867517,0.08466461,0.07019705,0.043515388,0.054924067,0.03658923,0.14131884
107,0.087302834,0.05604564,0.04486875,0.078173555,0.095798574,0.059522033,0.058562547,0.032530315,0.072543316,0.042532314,0.10036737,0.0644097,0.05140883,0.036929492,0.042433623,0.076571085
108,0.09894923,0.024234049,0.022513911,0.0710618,0.088653825,0.060101617,0.0809534,0.027487336,0.0753615,0.0408681,0.11108699,0.057615355,0.061144616,0.04423899,0.040611945,0.09511737
109,0.05180338,0.06745782,0.057400215,0.035924967,0.0562484,0.084952556,0.083752416,0.03079109,0.062194824,0.035297435,0.059776057,0.06265808,0.091052614,0.055120435,0.05207847,0.11349126
110,0.11796341,0.05347079,0.03285814,0.06713007,0.10584649,0.041824717,0.04905537,0.048755836,0.046662014,0.10181161,0.073985286,0.04070409,0.06505004,0.04909942,0.054841578,0.05094113
111,0.08584597,0.03484801,0.023029575,0.08599293,0.0789256,0.069932036,0.05498253,0.050052922,0.03426172,0.14494209,0.05544141,0.04243036,0.055211574,0.06519703,0.05722386,0.061682343
112,0.041170206,0.061982363,0.036672294,0.054656167,0.10217168,0.10121719,0.1009669,0.019993532,0.036839504,0.037090767,0.049696896,0.03201292,0.11716631,0.028491309,0.04540232,0.13446961
113,0.09131578,0.04435484,0.04434557,0.086685866,0.121644884,0.043190822,0.057226617,0.055534724,0.046690986,0.085830145,0.048501834,0.04469438,0.03949766,0.048927743,0.083836176,0.05772197
114,0.06518089,0.03898049,0.038412865,0.06165658,0.06674534,0.046719555,0.069250084,0.0565861,0.070120655,0.075610094,0.12185792,0.060719635,0.0700283,0.06223488,0.030695288,0.06520132
115,0.036223892,0.064793706,0.06127886,0.046471935,0.08523413,0.0258212,0.049561698,0.042006016,0.046925392,0.025305549,0.17305507,0.09437374,0.041678566,0.076872915,0.0074027604,0.12299458
116,0.027756033,0.053712845,0.03503567,0.12442818,0.08704796,0.09007635,0.07402497,0.045174077,0.03015268,0.11542527,0.033678252,0.033505574,0.063676216,0.037610535,0.051302586,0.097392835
117,0.06675753,0.04696602,0.042990614,0.08579707,0.09538871,0.062506735,0.061697647,0.051599592,0.049835797,0.07728227,0.05158818,0.043238178,0.052076023,0.05645169,0.08497123,0.07085269
118,0.0947602,0.032932956,0.033474807,0.040169355,0.06347904,0.05428188,0.076745324,0.053464632,0.038346436,0.09131763,0.071717136,0.081470944,0.07327839,0.10940989,0.033882607,0.051268786
119,0.04296695,0.063433565,0.07866783,0.037730608,0.060587067,0.06512052,0.07437575,0.06499203,0.040948138,0.0709578,0.06451594,0.04730479,0.055552963,0.07805263,0.049737256,0.10505611
120,0.06871422,0.08343182,0.052110303,0.07691802,0.09252676,0.045743987,0.031195067,0.042484462,0.049828123,0.10045028,0.051821187,0.042009175,0.037391994,0.043541376,0.097830646,0.08400261
121,0.039963674,0.065778285,0.057664964,0.07711372,0.0716675,0.06873091,0.057425875,0.031956125,0.064732604,0.07171273,0.067677476,0.080337085,0.044020217,0.03308988,0.05268039,0.11544857
122,0.057588097,0.03934102,0.041519746,0.05129412,0.08589268,0.076768555,0.09856629,0.03654569,0.041413944,0.047535866,0.060812254,0.050277144,0.072375566,0.07722973,0.060186278,0.102653034
123,0.04867662,0.06880259,0.08105424,0.028893724,0.037237722,0.06777472,0.056755316,0.023236856,0.100534536,0.028399615,0.062878154,0.1109887,0.0569583,0.042696167,0.08838079,0.09673196
124,0.056782395,0.04434985,0.05199383,0.057507884,0.063077025,0.05754596,0.062035207,0.058311865,0.058506656,0.0769093,0.09031563,0.05236009,0.04253317,0.06366601,0.05475268,0.10935247
125,0.10135654,0.026706839,0.03112243,0.06233561,0.0638923,0.07002056,0.081679754,0.04478629,0.066048,0.0679816,0.08782572,0.06675554,0.054329883,0.057240266,0.053002555,0.06491611
126,0.062232036,0.05870444,0.08507058,0.054487947,0.06556379,0.040669933,0.05352707,0.0684805,0.073997095,0.041811883,0.09646431,0.08150517,0.033846088,0.06704006,0.044668052,0.07193103
127,0.07404801,0.036228336,0.03447373,0.07522274,0.097996674,0.046240527,0.0613346,0.048572093,0.048818003,0.07229947,0.06891766,0.07051018,0.048366368,0.08491839,0.05473314,0.07732011
128,0.08030289,0.06945027,0.047901034,0.084511735,0.08671809,0.043230284,0.042182565,0.044413716,0.07056574,0.073067784,0.09376025,0.06697281,0.04652557,0.036298662,0.04456907,0.06952954
129,0.13699807,0.02757857,0.029186636,0.049281985,0.12713677,0.036357142,0.07519188,0.044083342,0.03120854,0.075723775,0.037404675,0.06479034,0.04784103,0.10001069,0.07501135,0.04219519
130,0.06402645,0.03054104,0.053200554,0.07057821,0.071095146,0.050297868,0.08654761,0.063433416,0.0666057,0.041751698,0.13757586,0.09410927,0.03278156,0.04731797,0.018145738,0.0719919
131,0.05894816,0.08327517,0.06670777,0.068249546,0.069260076,0.07541184,0.06967765,0.05302231,0.055303436,0.073730215,0.058805827,0.0414198,0.0841378,0.031105392,0.053427484,0.057517547
132,0.05426468,0.041500077,0.03373148,0.06930404,0.06849516,0.07781899,0.0771051,0.037539482,0.049492087,0.06130709,0.07717613,0.07729455,0.06363841,0.06904111,0.034457278,0.10783432
133,0.099580206,0.07834913,0.05254489,0.10019606,0.14893119,0.038827255,0.04868844,0.057972025,0.045386788,0.04977065,0.0708328,0.037430044,0.053648848,0.02829727,0.03523056,0.054313835
134,0.086363666,0.07015564,0.037760347,0.06354696,0.124224566,0.042702403,0.044337887,0.020132696,0.0580167,0.03424977,0.11100832,0.07267062,0.05026338,0.04030024,0.029816346,0.114450485
135,0.09048724,0.028241487,0.0330753,0.06411645,0.04827362,0.059383422,0.059902236,0.0516177,0.08549652,0.099272944,0.067463495,0.059788406,0.044180036,0.047754724,0.10763282,0.053313613
136,0.05286844,0.086150646,0.043092355,0.08214611,0.09322744,0.051822726,0.042694077,0.03383684,0.049891803,0.08068278,0.04417245,0.059582766,0.06302561,0.06150491,0.08216646,0.07313455
137,0.047938704,0.06425243,0.05984379,0.058168426,0.09306108,0.04436435,0.055084854,0.06260482,0.044415623,0.059632864,0.093385525,0.056210965,0.043649312,0.07779966,0.025047757,0.11453992
138,0.064118885,0.090088904,0.07720519,0.037109982,0.07844966,0.0472227,0.053527474,0.02909022,0.061463576,0.024307953,0.083625235,0.09337167,0.056611285,0.063190326,0.03842056,0.102196366
139,0.047166448,0.039605852,0.05019882,0.06819325,0.04741286,0.08473024,0.06602111,0.04372101,0.08343899,0.07161871,0.08998457,0.0562246,0.043226704,0.029044628,0.05496466,0.12444753
140,0.053787928,0.044666637,0.04652303,0.07463942,0.08776608,0.06180069,0.08247117,0.051917132,0.05061996,0.07022282,0.075122334,0.07447086,0.05517709,0.056908313,0.03127063,0.08263588
141,0.06114803,0.046435386,0.03158956,0.038943227,0.044922974,0.10431575,0.07331508,0.021944175,0.050925825,0.0655644,0.09762049,0.05931459,0.08032258,0.03930057,0.04009815,0.14423922
142,0.08315036,0.06341105,0.05787522,0.0577089,0.07563845,0.04886697,0.04839495,0.03850855,0.07759346,0.046211183,0.08505223,0.077074565,0.044448588,0.050902534,0.061543465,0.08361956
143,0.082838744,0.0684571,0.040900346,0.05004455,0.15627347,0.050974693,0.080270894,0.019241733,0.04106182,0.015081875,0.11221236,0.05130144,0.07614631,0.031458393,0.012475622,0.111260675
144,0.1531794,0.017158097,0.017911585,0.05777526,0.086034514,0.052192613,0.09287592,0.030160537,0.07085886,0.054911572,0.057628527,0.052910507,0.07716799,0.054595962,0.086419486,0.038219158
145,0.091460295,0.062458757,0.036217805,0.0604099,0.089545526,0.07885335,0.056035537,0.021720909,0.05877301,0.045472875,0.0671272,0.04776148,0.07142391,0.033934128,0.07461873,0.10418659
146,0.09121587,0.041740064,0.033341736,0.06832109,0.112391055,0.07258362,0.06514845,0.025219692,0.035214555,0.041001722,0.06750453,0.09141278,0.039475024,0.055206448,0.03644018,0.12378315
147,0.055658717,0.05550718,0.03910889,0.053621855,0.06313539,0.0743758,0.060975324,0.02269102,0.07759532,0.05117701,0.095315754,0.053634945,0.074853376,0.035184998,0.05779661,0.12936781
148,0.10654334,0.04158235,0.03243884,0.06443062,0.09647677,0.056694478,0.056152176,0.035212237,0.039095983,0.08211824,0.0486522,0.07786014,0.042844523,0.0680844,0.07701888,0.07479484
149,0.08671385,0.06595638,0.069635235,0.031510375,0.06336716,0.06721884,0.07891828,0.030142574,0.07457624,0.02060389,0.08048198,0.07729891,0.08600378,0.049510438,0.041973457,0.076088645
150,0.109032415,0.089322,0.0563222,0.063056685,0.18015252,0.039113168,0.051304746,0.044547696,0.035239857,0.036236927,0.057744417,0.034774218,0.06484014,0.040201876,0.039892104,0.058219057
151,0.09048405,0.023293206,0.04622527,0.04608168,0.048172083,0.059976954,0.085850336,0.045882538,0.10741898,0.03607304,0.09441782,0.09492903,0.04139079,0.056688886,0.06986744,0.05324791
152,0.054599922,0.07065642,0.05308358,0.05942118,0.0681743,0.07254579,0.06283463,0.023250611,0.07087476,0.043519586,0.10317552,0.078131296,0.05582879,0.025138468,0.03170483,0.1270603
153,0.06881147,0.046974454,0.04756674,0.08198642,0.08631156,0.04806465,0.061924845,0.042598706,0.065433055,0.056572434,0.10258327,0.098834895,0.04084396,0.044117603,0.030839669,0.076536246
154,0.11001238,0.030382296,0.021793485,0.1140262,0.11664709,0.029340878,0.046709646,0.031517517,0.07713812,0.06108101,0.15921117,0.071466215,0.036345348,0.026315043,0.020271683,0.04774191
155,0.069490455,0.0741587,0.05951609,0.07041854,0.06646868,0.043021735,0.04754384,0.034426846,0.11707031,0.04316705,0.059117127,0.078195505,0.06303811,0.0357239,0.10113337,0.037509736
156,0.050091375,0.052454952,0.11693556,0.026986549,0.05831288,0.067994766,0.09085107,0.030358598,0.079191275,0.010932424,0.13047475,0.049133882,0.042844776,0.017974796,0.019380197,0.15608217
157,0.071238585,0.033161495,0.050997317,0.02390621,0.05885313,0.069668986,0.11895195,0.024260258,0.07043445,0.015368995,0.098042764,0.08958175,0.09070706,0.06339525,0.027035391,0.09439636
158,0.059295814,0.042117063,0.062438477,0.059273895,0.06404474,0.06340798,0.07989091,0.063403875,0.06732056,0.07329232,0.09643045,0.05235784,0.043520376,0.03613199,0.04174036,0.09533334
159,0.07617999,0.045814995,0.06123503,0.044043865,0.064260684,0.054348636,0.064349,0.040886324,0.08605961,0.043908015,0.10964081,0.07000562,0.047277156,0.043187935,0.050277907,0.09852442
160,0.07107542,0.031919327,0.032880884,0.051796813,0.04957511,0.039643317,0.048455656,0.027529703,0.12482679,0.037262604,0.1253974,0.12230537,0.056693744,0.072425045,0.051275183,0.056937605
161,0.047063414,0.032685567,0.03366551,0.07463843,0.09387595,0.08131412,0.08853048,0.049164567,0.0257498,0.08177327,0.043302428,0.049733054,0.04591836,0.08741114,0.04989089,0.11528296
162,0.08899051,0.042064797,0.027865877,0.080977775,0.08838346,0.056842227,0.052562673,0.032262813,0.059771806,0.06633482,0.076271355,0.07993888,0.057935327,0.06789204,0.05484752,0.067058094
163,0.038430218,0.12915468,0.09307168,0.04201247,0.09018088,0.031710852,0.03561974,0.025305225,0.04940894,0.022496097,0.045778006,0.13685687,0.03736631,0.08484408,0.050186563,0.087577395
164,0.06260806,0.048253264,0.039280597,0.057941746,0.087691925,0.0628735,0.06686529,0.06073584,0.032293197,0.108935766,0.052623615,0.049864873,0.056058288,0.09033134,0.04175796,0.08188475
165,0.08670837,0.06781819,0.04154836,0.07481243,0.09142316,0.06939804,0.06206214,0.033532277,0.052887637,0.045852065,0.09180814,0.06644272,0.06505703,0.040110275,0.030205444,0.0803337
166,0.06420124,0.053131804,0.046777736,0.06622211,0.081438966,0.0714132,0.06648571,0.03999096,0.045020435,0.06982828,0.05901261,0.076356225,0.053511683,0.063775994,0.05459058,0.08824249
167,0.058468338,0.05263874,0.039221745,0.093409546,0.15410691,0.04445984,0.067167155,0.03069739,0.038409352,0.03168897,0.042243194,0.09983653,0.04283013,0.09305695,0.044900607,0.06686459
168,0.049362022,0.045126032,0.07290464,0.038531344,0.047998097,0.05845046,0.06161976,0.049638372,0.069266774,0.04701973,0.05861062,0.090359114,0.03692429,0.08646509,0.08980203,0.09792161
169,0.10702419,0.03677984,0.031230247,0.059921477,0.118082784,0.03469138,0.045978587,0.018510737,0.0764426,0.021863034,0.1358604,0.091445476,0.032527987,0.04537223,0.032841682,0.111427404
170,0.056121305,0.06942275,0.071617655,0.038641006,0.050119203,0.0669995,0.073446184,0.057488177,0.057656813,0.07341792,0.061872166,0.04969335,0.08916231,0.05703765,0.063313626,0.063990384
171,0.10762284,0.049496617,0.046061497,0.060616184,0.075261034,0.03946376,0.043416474,0.05219801,0.067960076,0.06577163,0.08264134,0.095844366,0.040467653,0.07420628,0.050429586,0.04854263
172,0.10752392,0.075292766,0.028846303,0.08687368,0.13920946,0.034121364,0.03100474,0.01970989,0.06533646,0.054392207,0.0998813,0.058873717,0.05177656,0.027921319,0.0440045,0.0752318
173,0.1123122,0.03522901,0.034083057,0.04784475,0.08398924,0.06384768,0.07541279,0.046475366,0.03738728,0.067806594,0.06939617,0.054911733,0.059651196,0.087338924,0.046839762,0.077474214
174,0.102873325,0.026574142,0.031193672,0.03145837,0.04218666,0.060024243,0.06526351,0.030753553,0.08617809,0.05574445,0.11330694,0.09070156,0.063793175,0.069018275,0.05135273,0.07957735
175,0.058787834,0.03702858,0.043804917,0.070328094,0.07611387,0.0939582,0.097750284,0.058184635,0.03894033,0.085014425,0.04809004,0.03472826,0.05728105,0.045719523,0.06714213,0.08712783
176,0.051030595,0.027312241,0.047191426,0.12044313,0.07962206,0.04977164,0.06259263,0.08926716,0.04031399,0.115547694,0.048857108,0.09260862,0.021398842,0.057804745,0.04436496,0.051873177
177,0.070999056,0.064419605,0.060019422,0.075241365,0.093164414,0.021434052,0.02915273,0.0589622,0.07495531,0.042060245,0.09652007,0.09495979,0.027673228,0.08980369,0.045214698,0.05542009
178,0.08482074,0.04486664,0.042487044,0.07769671,0.11004341,0.046863213,0.058495354,0.051451847,0.043444097,0.07421785,0.07472617,0.081407286,0.03889334,0.06698857,0.035043772,0.06855395
179,0.0554854,0.04442128,0.025630072,0.0404546,0.05280317,0.08611849,0.07344168,0.01727814,0.05135821,0.0641576,0.047899276,0.093578644,0.1081508,0.076039515,0.070789136,0.09239403
180,0.0840969,0.059112947,0.036599446,0.04064118,0.08573263,0.05857253,0.061305817,0.032320086,0.0424689,0.06608558,0.0693331,0.051666435,0.08766383,0.06894495,0.052011114,0.10344454
181,0.112008385,0.10400695,0.08053338,0.03334029,0.06335204,0.030242577,0.036018785,0.04595582,0.08978969,0.0341444,0.1231099,0.057614714,0.06247509,0.037872147,0.038716223,0.050819624
182,0.041935693,0.120016925,0.076709636,0.07941673,0.11550782,0.038104907,0.029977495,0.035502024,0.04066053,0.05328822,0.032358218,0.06561205,0.02847989,0.06523266,0.09587428,0.081322946
183,0.048855726,0.021985061,0.036888998,0.0666535,0.08029897,0.050292265,0.10273207,0.04324987,0.08597154,0.026499933,0.09875982,0.077596165,0.06177719,0.08768064,0.035670247,0.07508797
184,0.07691877,0.048944946,0.03328079,0.07189132,0.101368606,0.054083098,0.04672873,0.038295176,0.040543977,0.08549497,0.0746637,0.05410008,0.04654781,0.06639901,0.05285397,0.107884996
185,0.07644216,0.025913784,0.023822835,0.07964601,0.08442131,0.056710128,0.07639188,0.031223858,0.059294164,0.054378737,0.09437138,0.080078386,0.05695425,0.068779014,0.045041338,0.08653077
186,0.046670035,0.059437405,0.04771307,0.046988755,0.06959831,0.07901008,0.080262646,0.04091228,0.041597884,0.058278695,0.10372865,0.047388926,0.068822056,0.039450396,0.018817954,0.15132289
187,0.06561883,0.052535135,0.054952215,0.07435802,0.072004,0.06141922,0.05867834,0.053492192,0.06534687,0.058974136,0.06807641,0.06941301,0.043666903,0.06174594,0.064943895,0.07477489
188,0.09765152,0.05490838,0.0631995,0.039311837,0.082082905,0.047316175,0.06712084,0.041674953,0.06707726,0.039163068,0.07181548,0.09263078,0.060609896,0.06453697,0.046596963,0.06430352
189,0.029843211,0.042756874,0.05839102,0.060666103,0.064751945,0.08051426,0.10041832,0.042394415,0.055343017,0.035370234,0.0678857,0.08227759,0.0487567,0.07167497,0.03275987,0.12619574
190,0.050410315,0.07036117,0.05653685,0.026755521,0.04901625,0.093332626,0.08242161,0.025469089,0.03906408,0.055985693,0.04729475,0.073365815,0.091214724,0.059274305,0.06444887,0.11504828
191,0.13314442,0.06278082,0.041666407,0.04426298,0.080215074,0.029806258,0.038872052,0.039178703,0.07251998,0.052969605,0.085599266,0.082544774,0.06464686,0.07825019,0.05243069,0.041111935
192,0.0450395,0.06511194,0.050819248,0.05601278,0.053706247,0.09216362,0.06947124,0.03404783,0.05396895,0.108575456,0.040564585,0.06042977,0.08409941,0.040164247,0.08394273,0.061882492
193,0.07878072,0.04825467,0.040778164,0.052102838,0.123161696,0.04316285,0.063712545,0.035461236,0.04189959,0.04987969,0.052720893,0.07735482,0.060003504,0.09762099,0.056668952,0.07843683
194,0.07812264,0.05455135,0.05191453,0.050035853,0.05759393,0.067589045,0.060499057,0.04257073,0.06715679,0.0534104,0.12304326,0.054764852,0.056731675,0.039703697,0.03609505,0.10621712
195,0.087091245,0.06831671,0.07754799,0.041746695,0.05703714,0.036324486,0.05370046,0.06564505,0.086946376,0.042549048,0.13579088,0.06396609,0.056231935,0.045189742,0.030938694,0.050977483
196,0.10953773,0.06412376,0.04741114,0.06323246,0.1277886,0.059421122,0.06385001,0.02968803,0.04857132,0.04590996,0.043601174,0.05672701,0.06025375,0.044279683,0.07421517,0.06138904
197,0.06890226,0.03448524,0.049559284,0.07308773,0.057720438,0.066721536,0.0812385,0.065633476,0.071169145,0.07449563,0.09772703,0.0665768,0.04502913,0.040647898,0.040318593,0.06668726
198,0.093960166,0.071634084,0.069886334,0.029789396,0.059566945,0.043893572,0.05511369,0.031415492,0.10330021,0.02327454,0.12396461,0.062458426,0.08454571,0.03606387,0.041904148,0.0692288
199,0.08378872,0.06620412,0.049942028,0.040546715,0.09013078,0.08030043,0.0750059,0.017791072,0.051725518,0.036507677,0.06276912,0.078736275,0.07252591,0.033408884,0.04785487,0.11276194
200,0.059824716,0.07087757,0.08435211,0.036561903,0.06827626,0.061869744,0.08675129,0.04475738,0.0475734,0.030898815,0.085854195,0.08480519,0.06331,0.053716063,0.023280626,0.09729081
201,0.09401352,0.054090057,0.037653018,0.062047362,0.11294379,0.03687224,0.04752824,0.03873009,0.047110762,0.053875744,0.09037095,0.086910605,0.052595664,0.08199825,0.030895837,0.07236389
202,0.05039206,0.026653683,0.03528429,0.09498172,0.08530717,0.07066861,0.09151868,0.046418343,0.052029967,0.057901572,0.066348664,0.07390771,0.037685387,0.060198355,0.04425955,0.10644421
203,0.11734425,0.030842071,0.018377746,0.10051476,0.17031018,0.04167558,0.061210096,0.024319386,0.036900856,0.06722181,0.046147782,0.0703105,0.047442768,0.061742503,0.059970926,0.045668792
204,0.097331636,0.05435509,0.07736536,0.03793339,0.07811541,0.05609353,0.07309369,0.04196626,0.06500668,0.03141195,0.05958423,0.083598055,0.05250162,0.06402114,0.06666983,0.060952116
205,0.06674412,0.026622294,0.026915276,0.08928434,0.085692964,0.07172077,0.09001353,0.03602128,0.048313048,0.06886816,0.05809696,0.07993098,0.048288718,0.063567825,0.05753683,0.08238294
206,0.06917616,0.09297615,0.079796426,0.069727436,0.12091436,0.032896157,0.04441845,0.045829803,0.058614302,0.03485681,0.07501497,0.08745932,0.038075358,0.05238064,0.03414983,0.06371384
207,0.0810737,0.026145766,0.05004293,0.082150705,0.0924477,0.04250887,0.096532784,0.06550013,0.07998011,0.043655258,0.09808908,0.0770188,0.03578346,0.04257464,0.037615612,0.048880454
208,0.07958775,0.09784251,0.060411822,0.06788472,0.1043359,0.05213609,0.04722582,0.044660922,0.046097916,0.07614368,0.03949729,0.036025565,0.06893891,0.031875756,0.0913279,0.05600742
209,0.08433839,0.048627883,0.060062516,0.030636922,0.07355102,0.044522252,0.0730894,0.024464263,0.079615384,0.015932204,0.1357433,0.10451002,0.052221853,0.04904749,0.024682673,0.09895443
210,0.046967074,0.051192358,0.07773823,0.029540965,0.04089829,0.05635209,0.07509734,0.0429986,0.08279428,0.034258336,0.09372481,0.09905613,0.061748732,0.07365692,0.04362699,0.09034889
211,0.1384927,0.08586336,0.05738057,0.034216173,0.103083074,0.05936266,0.053065795,0.039574914,0.032358732,0.06157571,0.049052533,0.029731564,0.08931192,0.04398623,0.06462434,0.058319736
212,0.054169517,0.06962564,0.07087981,0.08615341,0.097661614,0.061017152,0.06748541,0.059707314,0.05471843,0.066152506,0.056095153,0.03906763,0.053499248,0.03068166,0.05934484,0.07374071
213,0.056256324,0.096736304,0.072075374,0.026610235,0.0460625,0.09968811,0.07322415,0.030351555,0.044509012,0.03715403,0.08606183,0.040583536,0.09732521,0.029474383,0.030629387,0.133258
