,HS,VA3,VA1,FI2,FI1,IM1,IM2,VA2,AV2,PE2,AV1,AV3,IM4,BA,PE1,IM3
0,0.059535917,0.035758752,0.05227678,0.08030469,0.08343554,0.07444462,0.10466378,0.046334993,0.07164542,0.0541901,0.054695945,0.05665205,0.040872987,0.05061331,0.050807517,0.08376765
1,0.10370585,0.07025536,0.037654005,0.030931143,0.10386089,0.070753105,0.061000988,0.030018145,0.02696018,0.07140618,0.072443135,0.033561997,0.08642,0.062110554,0.050474446,0.088443965
2,0.048738163,0.06815238,0.056794304,0.06955425,0.06781718,0.06599359,0.055994004,0.04151611,0.06720438,0.08685868,0.06719244,0.030284861,0.079907335,0.034810975,0.11415013,0.04503126
3,0.08469681,0.0365326,0.023498321,0.07883822,0.17342101,0.06598852,0.08662039,0.016781183,0.03655484,0.04949635,0.058103483,0.05393145,0.054827403,0.037570104,0.028108656,0.11503071
4,0.07599398,0.076083146,0.052511472,0.053946886,0.17991835,0.051962283,0.051346187,0.029265353,0.027965253,0.07468224,0.045967404,0.036834206,0.040471744,0.038937245,0.053254645,0.1108596
5,0.04792884,0.058463592,0.0753307,0.08539652,0.08352712,0.04035998,0.0638789,0.06022807,0.06428205,0.056548804,0.086790375,0.08231296,0.03581508,0.042295974,0.03370219,0.083138786
6,0.103547215,0.03328696,0.047871295,0.062059905,0.07595842,0.031909157,0.05015536,0.06382623,0.06009725,0.11340309,0.059746597,0.094015576,0.033557016,0.05255236,0.084205754,0.03380776
7,0.04629675,0.030108439,0.03614552,0.06391675,0.09273187,0.057793707,0.09565126,0.048935324,0.043857396,0.08826501,0.06611077,0.059626345,0.060550045,0.09516558,0.057585817,0.057259444
8,0.03624847,0.049651187,0.05386449,0.06636602,0.10723124,0.08813711,0.09314158,0.03374503,0.024072772,0.07553867,0.031701256,0.065797955,0.04748544,0.067939125,0.063496806,0.095582865
9,0.1028823,0.029227719,0.022714384,0.079126686,0.084022045,0.059754923,0.08298339,0.033107515,0.042493016,0.09320273,0.08063603,0.081103586,0.07398454,0.031723667,0.030169284,0.072868206
10,0.075838506,0.05902953,0.062113535,0.053440258,0.12348184,0.06716695,0.08024254,0.0348406,0.035141166,0.07185931,0.054295465,0.038896415,0.057260066,0.04123299,0.0630287,0.08213209
11,0.106482126,0.042521104,0.04595037,0.049726892,0.08840597,0.027536606,0.046208788,0.055445418,0.043598343,0.09575283,0.11898623,0.092384815,0.036432117,0.042830706,0.031557348,0.0761803
12,0.06413788,0.04933497,0.06901771,0.045407634,0.07432828,0.044235587,0.062870525,0.06206553,0.048233043,0.07259389,0.064381056,0.09228453,0.033590574,0.09609533,0.054457802,0.066965625
13,0.049654547,0.031031037,0.020334193,0.059161067,0.122029446,0.05894305,0.06833888,0.025494838,0.023498347,0.15125458,0.056394424,0.041298427,0.064646184,0.07062688,0.07171418,0.08557994
14,0.09410716,0.031735554,0.04592258,0.033974696,0.054111045,0.05252487,0.06265172,0.041370112,0.06776342,0.08882519,0.0883953,0.08446709,0.03901094,0.06251882,0.06987342,0.08274807
15,0.11087837,0.06526055,0.06841378,0.025459176,0.06263988,0.074248195,0.06944575,0.027736539,0.07424479,0.03124032,0.073869236,0.06426018,0.051514164,0.057208087,0.06535077,0.078230195
16,0.064802825,0.018689224,0.012371271,0.054041166,0.14401913,0.027131675,0.04306392,0.024659054,0.037925474,0.12945588,0.095529355,0.07498292,0.035862237,0.11338472,0.057201046,0.066880085
17,0.05058982,0.014440641,0.011802322,0.07335399,0.14297546,0.026452169,0.05986156,0.040392403,0.034962583,0.1348337,0.12966296,0.03987113,0.03097871,0.057521295,0.014643658,0.13765757
18,0.06803175,0.05956076,0.05398843,0.019801395,0.070924856,0.08448997,0.08412504,0.021261064,0.018511675,0.046327796,0.06637155,0.054717522,0.104320675,0.08741585,0.060095713,0.100055896
19,0.08991403,0.08023242,0.06756595,0.051300734,0.13594615,0.050405096,0.059024226,0.036804084,0.036720604,0.051551137,0.06635391,0.05832826,0.047090035,0.044450194,0.040973905,0.08333924
20,0.05013134,0.09121862,0.09238339,0.05486403,0.10669124,0.034429457,0.040822163,0.044131856,0.052702833,0.033086788,0.054581936,0.11167676,0.02031077,0.06737705,0.0341647,0.11142702
21,0.069044776,0.021191893,0.036039125,0.08205914,0.06660548,0.053730946,0.12362725,0.056151748,0.047678113,0.050598383,0.08749646,0.08080124,0.046834797,0.029731879,0.012192755,0.13621601
22,0.08194741,0.03789117,0.03501089,0.060359776,0.06953803,0.077122144,0.08453562,0.03497799,0.064933866,0.07003944,0.08276238,0.068216525,0.061842605,0.052463565,0.047096487,0.07126214
23,0.08175281,0.04109821,0.03985366,0.018263625,0.050154973,0.08973368,0.092024475,0.021415459,0.03809077,0.045452703,0.09548087,0.046984673,0.12513949,0.05992407,0.06296071,0.09166986
24,0.07951678,0.04763935,0.055095475,0.049126018,0.094397426,0.07576103,0.08557173,0.030307362,0.056774948,0.051465582,0.06120502,0.0675269,0.04117227,0.053490657,0.05850448,0.092444964
25,0.083806604,0.08707879,0.042679768,0.029431218,0.07154759,0.08131141,0.042276964,0.01701017,0.04408149,0.039511103,0.060941935,0.10673144,0.04430439,0.08978929,0.063495904,0.096001945
26,0.04496114,0.025549961,0.037266262,0.09921881,0.07216522,0.046740312,0.07589794,0.06005743,0.050882235,0.15158649,0.052943558,0.046984155,0.05681013,0.037418485,0.083901465,0.05761643
27,0.036867194,0.07792654,0.06185575,0.07316307,0.0999448,0.06647571,0.06080401,0.03863035,0.049882162,0.066681914,0.052631874,0.039836433,0.04850671,0.059277,0.06291131,0.10460519
28,0.108434,0.036230776,0.053026397,0.031061903,0.047076445,0.045238342,0.053463608,0.061145812,0.06355473,0.087735556,0.09277934,0.0894303,0.03430903,0.074551195,0.05662231,0.06534025
29,0.062575586,0.020934364,0.017795505,0.071487255,0.104879774,0.04648055,0.0750339,0.028186671,0.061160054,0.10028262,0.09404421,0.054878116,0.058607984,0.06426377,0.05235863,0.087031
30,0.04168245,0.022183642,0.046171825,0.06933034,0.07625383,0.0466971,0.09904411,0.07794819,0.05176455,0.10015226,0.08212176,0.069155894,0.033968963,0.06995814,0.037595976,0.075970955
31,0.08696798,0.04256982,0.06157404,0.03785035,0.047692046,0.075329565,0.093555845,0.06277124,0.0541925,0.059632763,0.08045905,0.041392084,0.08094429,0.057468027,0.05797519,0.059625167
32,0.074999936,0.014785274,0.022778383,0.042674467,0.052432865,0.058529045,0.10571742,0.04544099,0.05997334,0.08392059,0.1020602,0.12315813,0.03909582,0.07231758,0.021509944,0.080606
33,0.10286993,0.06794357,0.058063466,0.036036234,0.053808834,0.08864639,0.06576388,0.033784512,0.064606585,0.06442097,0.08342198,0.05866434,0.06591635,0.040195346,0.06532521,0.050532404
34,0.039207824,0.04049689,0.048638914,0.10758358,0.112448215,0.025919033,0.039458927,0.05589663,0.06256777,0.11774367,0.06974257,0.057459787,0.02859816,0.048655014,0.087747194,0.057835788
35,0.063897885,0.04308782,0.061554518,0.06395734,0.10155889,0.043899763,0.07341972,0.06615899,0.03971817,0.08935837,0.07085541,0.037689473,0.048009593,0.047352746,0.053797822,0.09568354
36,0.08377788,0.035371214,0.028819213,0.055676255,0.11556163,0.038670383,0.05320683,0.03870449,0.027494721,0.11299781,0.061064452,0.09793208,0.03757487,0.07944506,0.04987477,0.08382831
37,0.03166956,0.030312978,0.053045228,0.079035364,0.054393157,0.026364118,0.050805226,0.100359656,0.120667346,0.084628105,0.14345253,0.04433154,0.028694669,0.046886474,0.035938893,0.069415204
38,0.096548505,0.03196394,0.03170982,0.03640729,0.09870071,0.042032745,0.06473201,0.041996837,0.030098723,0.120006174,0.08173419,0.049620982,0.05611128,0.07175953,0.05512603,0.09145125
39,0.061128344,0.0459225,0.041989654,0.06768172,0.06948198,0.053919345,0.07099216,0.058406238,0.046826642,0.12993626,0.095071755,0.042348593,0.0686588,0.03482092,0.045052182,0.06776291
40,0.057189915,0.05352831,0.06498536,0.08153959,0.12506558,0.070276655,0.10251513,0.042264376,0.03561366,0.057055652,0.04538967,0.037441447,0.06903682,0.030981855,0.04607944,0.08103656
41,0.05971164,0.04969268,0.043154802,0.055445593,0.084121324,0.04942533,0.07323873,0.06216681,0.04093969,0.069833525,0.10570088,0.05043601,0.053901035,0.08169741,0.027133996,0.093400516
42,0.12959339,0.02629537,0.029898016,0.039961692,0.11595807,0.03754699,0.06514696,0.03654931,0.027265625,0.13593869,0.061663747,0.02894775,0.086366475,0.042200428,0.09113022,0.045537233
43,0.061346933,0.04057224,0.015583896,0.0968377,0.16487585,0.035804737,0.041562844,0.025976958,0.033363774,0.091165125,0.068163775,0.041520465,0.08980304,0.09414158,0.07013456,0.02914646
44,0.092873566,0.050421696,0.0468178,0.044557393,0.104801826,0.05770002,0.06841677,0.034505736,0.03276598,0.07722888,0.06409565,0.036228254,0.0827094,0.053311717,0.08380132,0.069763996
45,0.0736125,0.03180237,0.020687345,0.08779362,0.10931786,0.069257766,0.0775883,0.0225382,0.071147054,0.07057176,0.07751664,0.037083223,0.07979154,0.039601717,0.060253263,0.07143683
46,0.09063951,0.037914913,0.042780016,0.02614417,0.05957556,0.04392578,0.0702926,0.043574404,0.040319916,0.051069677,0.13995315,0.070141576,0.065114625,0.060622912,0.023611525,0.13431965
47,0.09580102,0.074431084,0.0813584,0.048792806,0.095020264,0.050133366,0.057523888,0.04930191,0.04130442,0.07666426,0.055484038,0.047836155,0.053550065,0.03675136,0.07982624,0.05622073
48,0.1080218,0.059518915,0.0484233,0.07909561,0.10205507,0.036331024,0.0435947,0.041481853,0.07874624,0.050082713,0.058426827,0.11805886,0.028850356,0.047990005,0.046979163,0.052343577
49,0.10740927,0.04818542,0.045631822,0.03929552,0.06832198,0.032571305,0.03501352,0.02752111,0.08816269,0.06898874,0.11591355,0.08113256,0.042133212,0.038738027,0.0958352,0.06514608
50,0.09319485,0.04573819,0.03850547,0.042138528,0.078169696,0.062371295,0.064319454,0.02776595,0.051966667,0.08019986,0.08913692,0.054799598,0.071334474,0.04469802,0.07345567,0.08220534
51,0.042015318,0.04812592,0.066400304,0.08089561,0.06710038,0.05680664,0.07064169,0.05454682,0.08018583,0.075859435,0.07847635,0.05682225,0.039785277,0.041339636,0.06326143,0.077737115
52,0.07848451,0.070230275,0.076444365,0.04387937,0.076795675,0.06774808,0.06635863,0.04421882,0.041705932,0.060687095,0.054508146,0.048331913,0.060374018,0.06203497,0.08933738,0.058860812
53,0.06540427,0.045699265,0.044908594,0.03239974,0.058601867,0.054316938,0.060831234,0.03606518,0.05315079,0.09483137,0.11603806,0.038305055,0.075824685,0.041267738,0.071301326,0.111053884
54,0.094805755,0.069540635,0.05704071,0.02263465,0.06612372,0.10262615,0.07612287,0.02938874,0.024286302,0.043338556,0.04865554,0.04258095,0.090048246,0.08856287,0.07429949,0.06994478
55,0.10765743,0.03872479,0.032505725,0.034192603,0.08812535,0.04666264,0.05596261,0.025560027,0.052694205,0.07927984,0.1036415,0.05209287,0.07951163,0.050441507,0.083673686,0.06927357
56,0.07108021,0.0323135,0.05299267,0.036415625,0.052779097,0.07499277,0.10560566,0.061660066,0.038782418,0.086516626,0.066951625,0.050419603,0.071266375,0.06995993,0.058713604,0.06955022
57,0.06880177,0.049298983,0.028854875,0.063820414,0.11858853,0.076196805,0.08206182,0.033452332,0.028474817,0.09792745,0.066488296,0.026290826,0.08244765,0.048687562,0.04174615,0.08686176
58,0.086140595,0.03283712,0.02445809,0.06355852,0.097030856,0.04033299,0.051036566,0.031345006,0.06292721,0.10017266,0.093302615,0.052973405,0.0634234,0.06673521,0.083379686,0.050346047
59,0.09442723,0.04718414,0.060759425,0.019270742,0.043395292,0.039423212,0.04893732,0.044634927,0.05920178,0.052037973,0.14303653,0.051846158,0.07235178,0.053192556,0.06717258,0.103128366
60,0.08298283,0.059612747,0.051707003,0.05549952,0.08093172,0.08855527,0.07203844,0.0296153,0.045923486,0.065578,0.05665462,0.08274493,0.039263535,0.041767806,0.0455679,0.10155692
61,0.049752686,0.06037137,0.068900146,0.085813515,0.08311627,0.06815495,0.07651007,0.049695417,0.06691516,0.06940114,0.053972926,0.06026869,0.036024425,0.044350218,0.05427344,0.07247964
62,0.09809959,0.052355852,0.034067094,0.030367097,0.07825163,0.024245756,0.032550696,0.044151906,0.043002114,0.07540359,0.15800382,0.08909326,0.047538396,0.093472384,0.03991132,0.05948547
63,0.10671226,0.07000034,0.054083053,0.04559037,0.09918258,0.08819523,0.07454666,0.02488397,0.04190321,0.052754417,0.05770303,0.055689663,0.062289342,0.03313878,0.058121067,0.075206
64,0.104974724,0.028816223,0.0345668,0.035205696,0.064259194,0.069355465,0.10601292,0.04628246,0.061318476,0.04954594,0.106386505,0.041780148,0.074909486,0.061162133,0.028264543,0.087159276
65,0.046232436,0.029223306,0.047901828,0.04745068,0.051531497,0.036092665,0.04851428,0.060251717,0.06327117,0.1433803,0.09407776,0.09127381,0.025872186,0.06457589,0.06606881,0.08428168
66,0.06535988,0.062333897,0.04976334,0.067943335,0.10332722,0.051204238,0.062474787,0.035800386,0.06962236,0.03397367,0.06841915,0.072453134,0.040983357,0.06154413,0.030909708,0.12388734
67,0.12809138,0.018438451,0.013533771,0.033791803,0.08770418,0.084509164,0.11167977,0.021087361,0.033923592,0.08079835,0.08380868,0.05355989,0.08464825,0.06552965,0.028181003,0.07071471
68,0.034068253,0.041131426,0.062033385,0.043512315,0.049593326,0.04694965,0.078850515,0.06849255,0.07024359,0.04554375,0.115579136,0.05215484,0.06931671,0.107977726,0.041611005,0.07294186
69,0.03302954,0.030879736,0.03535567,0.06667464,0.07178477,0.049636368,0.057201345,0.03428814,0.08684396,0.06927052,0.06794787,0.074097335,0.03231014,0.09640797,0.08871708,0.1055549
70,0.06764745,0.07144267,0.038918737,0.08245633,0.07847062,0.02940044,0.032884568,0.05392638,0.06590583,0.101948,0.10400185,0.060036033,0.062098455,0.04699227,0.06612944,0.03774093
71,0.0738769,0.020638334,0.025715405,0.046357214,0.05475962,0.05379257,0.08161365,0.048484873,0.07040263,0.10215551,0.10367766,0.08756719,0.051919382,0.07871007,0.04337512,0.056953907
72,0.092674054,0.02271694,0.012153757,0.05687502,0.12483674,0.077145524,0.08706718,0.015079528,0.04602253,0.062328056,0.06593582,0.08361136,0.057419855,0.086150415,0.03642654,0.07355668
73,0.08133048,0.035251033,0.028632864,0.052339118,0.0912869,0.034449104,0.05380909,0.044012085,0.047412798,0.094394885,0.10480952,0.092089824,0.041814085,0.07738499,0.03374201,0.08724127
74,0.082787305,0.055825036,0.039363112,0.052497506,0.09709066,0.07749235,0.06998589,0.026197338,0.0429199,0.04927657,0.05567749,0.09301319,0.042759296,0.072088026,0.0418895,0.101136826
75,0.08049759,0.065350085,0.040518496,0.059896603,0.07994027,0.07205159,0.053016026,0.026838562,0.06922876,0.05703741,0.0650803,0.08284661,0.050542053,0.061597478,0.0720233,0.06353486
76,0.05488697,0.029368112,0.049663216,0.07145754,0.09036138,0.042072598,0.090435505,0.069630705,0.04421704,0.079471566,0.07242748,0.09416326,0.040477455,0.07562622,0.036397826,0.0593431
77,0.028190434,0.03228252,0.06675642,0.06260864,0.05384015,0.06641597,0.10006785,0.07732279,0.04238929,0.084930174,0.052528854,0.07864255,0.03204759,0.08607761,0.0427734,0.09312576
78,0.07784462,0.042617038,0.0449637,0.04899722,0.06566879,0.050120503,0.061193928,0.053729434,0.03834554,0.10362351,0.06816828,0.085251175,0.04881714,0.079077005,0.0616785,0.06990362
79,0.08694974,0.075840384,0.06385151,0.027785458,0.08329356,0.051730197,0.04933246,0.03063582,0.032136697,0.047037233,0.066739835,0.09185902,0.045501247,0.08584269,0.056073427,0.105390705
80,0.047696088,0.032022953,0.042063456,0.048790738,0.064259745,0.07514379,0.09220808,0.045757473,0.04232362,0.08926258,0.060962763,0.076946564,0.05132438,0.085870974,0.059709176,0.085657574
81,0.08788046,0.026174134,0.020092167,0.053941578,0.1465586,0.06574864,0.07575113,0.017574284,0.043206926,0.07032856,0.0533545,0.0786063,0.033105463,0.08184132,0.04893871,0.096897215
82,0.06391812,0.037382424,0.029037153,0.068878986,0.11092448,0.038406532,0.04737122,0.03279047,0.03878737,0.11308414,0.05409656,0.067973286,0.066769436,0.075290255,0.12094209,0.034347426
83,0.071739316,0.041369274,0.06728869,0.074954934,0.087712206,0.03236826,0.05363829,0.07905203,0.057021916,0.092196815,0.06243832,0.06465044,0.028238432,0.056686383,0.0612421,0.069402605
84,0.06572478,0.04515486,0.057448704,0.05760825,0.12578434,0.02933181,0.05291152,0.06914016,0.03241921,0.108153105,0.082970716,0.04653579,0.03488101,0.04575328,0.03876523,0.10741722
85,0.063159846,0.061800867,0.040977146,0.06415158,0.10346613,0.03930233,0.046227977,0.053231437,0.026898295,0.10565583,0.057524774,0.085173346,0.044036653,0.09364507,0.052599877,0.0621488
86,0.077748574,0.068083785,0.055585176,0.06379002,0.10684771,0.062298596,0.06521877,0.033612173,0.053140108,0.05631053,0.064219154,0.04466636,0.06187263,0.04339126,0.06431401,0.07890114
87,0.054806795,0.070470974,0.045260713,0.04517357,0.048106477,0.07148703,0.056042325,0.03845365,0.04695945,0.08526224,0.10903355,0.08824309,0.058213588,0.059982885,0.03696021,0.08554345
88,0.067410015,0.035943594,0.030103052,0.06745258,0.07789988,0.06694386,0.076990716,0.039952938,0.049983814,0.08197742,0.08202643,0.07337078,0.044116706,0.0650607,0.029259682,0.11150781
89,0.050976112,0.027291989,0.05233254,0.028921315,0.05655999,0.059945177,0.09788977,0.044224728,0.046065938,0.04192343,0.06689485,0.07300783,0.059539407,0.16095692,0.065294564,0.0681755
90,0.04316164,0.03982117,0.03761111,0.07717836,0.103409916,0.043227643,0.06809899,0.06496372,0.029256867,0.08999763,0.06383392,0.06646329,0.02693521,0.09339279,0.020779446,0.13186826
91,0.1081787,0.051806774,0.027183106,0.031909764,0.09484086,0.0909068,0.07266324,0.01773717,0.039569736,0.05947647,0.076753184,0.05221942,0.08185125,0.06599417,0.056970816,0.07193854
92,0.12988205,0.03761312,0.034488283,0.043389026,0.12390777,0.065609686,0.07212399,0.02185318,0.040690314,0.07770323,0.0414207,0.04540503,0.06265168,0.039023962,0.12012587,0.044112146
93,0.047608037,0.031493053,0.037550483,0.04131568,0.06651307,0.06816836,0.09555462,0.030729769,0.045352545,0.062226072,0.08640579,0.08809521,0.06323193,0.07793018,0.04995131,0.107873894
94,0.05106536,0.056948304,0.041151077,0.10394942,0.11940205,0.069179006,0.06853291,0.035797857,0.046420995,0.10152075,0.049469247,0.05248977,0.046809256,0.04297921,0.061734248,0.052550614
95,0.08793259,0.08014398,0.059265554,0.043854564,0.08636763,0.045811888,0.043634932,0.041389573,0.036305998,0.10524255,0.07758285,0.055048745,0.062101897,0.040376622,0.07643194,0.058508683
96,0.07743007,0.046087507,0.055137295,0.061306253,0.112974204,0.0605859,0.0908337,0.03730277,0.054135352,0.05173306,0.060856137,0.05246796,0.055554386,0.052660767,0.055983085,0.07495153
97,0.055365924,0.047472883,0.049293667,0.039275695,0.104222596,0.048460547,0.07012995,0.047969908,0.026868137,0.10126119,0.07007248,0.040005755,0.0666782,0.086844064,0.06628246,0.07979649
98,0.08626944,0.044332534,0.032030273,0.054139707,0.089354254,0.043212328,0.050768692,0.036261234,0.05050161,0.072912894,0.08079813,0.056302797,0.07003843,0.08944291,0.078859344,0.06477541
99,0.09298722,0.052089576,0.056290682,0.041153334,0.120686,0.057775676,0.078510545,0.03374571,0.03689956,0.049757194,0.060557768,0.034871355,0.072580606,0.053030714,0.06439171,0.09467239
100,0.059296686,0.036901247,0.048187822,0.04055215,0.07004131,0.037643563,0.06773605,0.075819165,0.027576847,0.12232938,0.07503867,0.072823346,0.05426854,0.09235376,0.051690806,0.06774065
101,0.032129105,0.022316523,0.025612136,0.07664188,0.10525159,0.076965734,0.11338762,0.033565182,0.039686058,0.11140356,0.058275867,0.049265224,0.042665124,0.0720163,0.044123087,0.096695006
102,0.15985349,0.031601857,0.046367753,0.025852477,0.07675633,0.090106845,0.102555156,0.028407248,0.029736936,0.06569881,0.04658253,0.0657158,0.053980872,0.049298923,0.06066537,0.066819616
103,0.028710997,0.02034383,0.022551099,0.097418845,0.12859118,0.057492554,0.09491709,0.040821325,0.033090774,0.12535633,0.053267103,0.04499824,0.02887491,0.07653355,0.030654103,0.11637809
104,0.030112542,0.036024038,0.04832539,0.081996895,0.08082783,0.055479806,0.10753278,0.07018866,0.030419134,0.114930235,0.07394474,0.043838814,0.06961679,0.047582,0.033994872,0.07518545
105,0.07119239,0.04568233,0.048686,0.056680247,0.07702764,0.06745034,0.088204026,0.05073898,0.046905354,0.06597277,0.06555486,0.0482413,0.07626092,0.06944224,0.060527224,0.061433405
106,0.08303671,0.04505061,0.02741988,0.021063074,0.06286445,0.071894996,0.06233072,0.015906535,0.03430866,0.055238888,0.11778763,0.05925929,0.10429245,0.08306889,0.07041416,0.086063065
107,0.07290131,0.05575655,0.037094813,0.05344529,0.13574195,0.04066157,0.040291045,0.027065845,0.03994583,0.1041178,0.06801409,0.0715015,0.04076454,0.065459445,0.094370745,0.0528677
108,0.122090526,0.026461182,0.016247809,0.051850934,0.1412462,0.077873774,0.0839696,0.013901482,0.035574924,0.054388415,0.048177853,0.06600686,0.0628925,0.06837248,0.053460255,0.077485226
109,0.10934947,0.039294284,0.036008056,0.035432365,0.09363828,0.06382163,0.06540871,0.030748526,0.030731494,0.08976343,0.05348443,0.031959172,0.08690373,0.060460776,0.121810555,0.0511851
110,0.051110834,0.053787235,0.029403618,0.071858816,0.11550445,0.052764833,0.04502645,0.023573617,0.06276838,0.09488392,0.07642144,0.045926448,0.054261427,0.06022587,0.096576095,0.065906554
111,0.073910736,0.07436412,0.07254384,0.026956387,0.06569432,0.059778854,0.06390814,0.04427293,0.022353856,0.076816544,0.06949272,0.04576112,0.0855549,0.052258145,0.057263285,0.1090701
112,0.053209018,0.023823226,0.014058952,0.06395743,0.10175439,0.09890252,0.09856573,0.01951422,0.03134893,0.093319334,0.046521664,0.10184046,0.060842056,0.09032991,0.036277626,0.06573458
113,0.12865904,0.04284681,0.023957634,0.03367074,0.08744141,0.07162883,0.06609134,0.013459813,0.04189448,0.04659505,0.084601134,0.08136889,0.09101498,0.052829985,0.0568015,0.0771384
114,0.080831885,0.04686311,0.04678845,0.059052408,0.09205034,0.039857164,0.058609847,0.05167858,0.045451526,0.11342593,0.10318672,0.05627842,0.049972344,0.039941113,0.046021625,0.06999055
115,0.083984666,0.051432367,0.10462364,0.017357571,0.028433695,0.032973487,0.036736075,0.06328131,0.072728425,0.057725865,0.12290537,0.075690165,0.041015398,0.04669,0.093766786,0.07065517
116,0.052975774,0.069971405,0.051203568,0.05643888,0.1095907,0.06837896,0.06083092,0.02372347,0.05483505,0.052570462,0.04910424,0.073711395,0.05364396,0.067843385,0.08938378,0.06579408
117,0.041080527,0.05533682,0.03410199,0.09689623,0.0889466,0.06540962,0.06558015,0.038820747,0.056227427,0.06461862,0.07131833,0.057169605,0.046908617,0.069850884,0.032129068,0.11560472
118,0.06766523,0.023605788,0.030383142,0.046961237,0.054142248,0.04491417,0.07632341,0.053210746,0.07549298,0.12124165,0.12109235,0.05492072,0.07760056,0.04576393,0.062547535,0.044134304
119,0.08793572,0.07089498,0.08142826,0.033163283,0.06759784,0.050824996,0.05243136,0.0429333,0.04433198,0.06475275,0.0781416,0.049312647,0.056022603,0.039706532,0.07246331,0.10805878
120,0.059578393,0.016634004,0.038483683,0.08095337,0.10745195,0.028106896,0.090407275,0.0931134,0.053957462,0.08459135,0.06436048,0.06502065,0.039450087,0.089683406,0.04082595,0.047381658
121,0.086565174,0.05908378,0.043736104,0.041718487,0.074126124,0.067787655,0.061892707,0.025818259,0.052654658,0.05766074,0.08445657,0.080347165,0.060155574,0.055074822,0.05726726,0.09165487
122,0.06906639,0.053069223,0.046682585,0.042070534,0.07858113,0.05074747,0.05968517,0.03372017,0.050725907,0.056781564,0.09802348,0.07348492,0.07022133,0.075317375,0.06738933,0.07443341
123,0.09497261,0.023325711,0.015534257,0.055956155,0.10515109,0.04644017,0.067886405,0.031848636,0.039927427,0.11178148,0.0857727,0.053603392,0.06683121,0.08736544,0.045314196,0.06828914
124,0.051788997,0.023831172,0.029921455,0.053981274,0.04416342,0.053072665,0.07214586,0.059541013,0.0620357,0.12429645,0.14002387,0.10659663,0.039135087,0.055149805,0.02651575,0.057800915
125,0.090652555,0.0200617,0.015668636,0.06738488,0.0843871,0.056355137,0.0788426,0.034139458,0.04498325,0.1142239,0.10996511,0.06506664,0.04356529,0.050843727,0.019117236,0.10474271
126,0.10229968,0.0373248,0.032442167,0.060643747,0.09754822,0.01872593,0.027395211,0.04626861,0.07346943,0.11037391,0.1096228,0.092267804,0.02699296,0.058501784,0.06518042,0.04094253
127,0.11602649,0.030310055,0.015161142,0.055088926,0.10262703,0.058513254,0.06803051,0.019378588,0.05158916,0.051582787,0.086264096,0.09200934,0.0653747,0.084751606,0.03189114,0.0714012
128,0.061107207,0.032511886,0.03628655,0.08943645,0.095255144,0.039874356,0.060734168,0.058299556,0.05212299,0.13658635,0.057944078,0.0716207,0.035545994,0.06495262,0.0654793,0.042242616
129,0.08317065,0.025223201,0.029919898,0.059863646,0.12462757,0.027519144,0.07022749,0.061230138,0.041328084,0.06960742,0.101697385,0.056475256,0.07100803,0.08196784,0.03473641,0.06139781
130,0.057723146,0.027877728,0.040985316,0.07672457,0.07435755,0.06476331,0.09041808,0.056466997,0.034509357,0.13498344,0.041901868,0.11120868,0.031937685,0.053327743,0.042765323,0.06004922
131,0.07091042,0.021851545,0.025400346,0.10686348,0.07768932,0.03502281,0.05830941,0.05095215,0.07387953,0.15144354,0.09723389,0.0773412,0.032190163,0.03205833,0.03941723,0.049436674
132,0.07549793,0.046396557,0.045045245,0.061522145,0.09670037,0.027703607,0.03931885,0.047031503,0.06565524,0.07291002,0.1012372,0.11065314,0.025041372,0.060996223,0.039155185,0.08513542
133,0.072259344,0.029663498,0.02987974,0.0691757,0.08686274,0.083237566,0.10385577,0.03462414,0.052575726,0.09061119,0.06051844,0.033639222,0.094672255,0.03438049,0.06964356,0.05440061
134,0.05138551,0.039272133,0.05155453,0.0642572,0.08372765,0.04390977,0.07778182,0.06871789,0.04104154,0.09963048,0.0729188,0.06948341,0.049354363,0.07012593,0.047783088,0.06905591
135,0.052379835,0.040735777,0.034922797,0.052177027,0.10445253,0.07913572,0.09760263,0.024023289,0.039294787,0.068737246,0.0784043,0.043304894,0.063227944,0.038503136,0.03745252,0.14564557
136,0.060676713,0.06584158,0.084470086,0.066875875,0.060920168,0.06455507,0.07782429,0.0468313,0.08714906,0.041479405,0.063646935,0.066969626,0.044656396,0.030242443,0.046890914,0.09097016
137,0.0999125,0.038652495,0.043337047,0.024510488,0.035817925,0.042450946,0.046755582,0.04488803,0.049436938,0.11992103,0.15022868,0.071152546,0.05962278,0.036821336,0.05217433,0.08431735
138,0.098253466,0.035902184,0.05618388,0.029248007,0.053886782,0.056725334,0.07096541,0.0514746,0.042982172,0.056392223,0.06324157,0.11510658,0.037124798,0.11754301,0.05066071,0.06430927
139,0.07178218,0.032590304,0.056208592,0.081953906,0.10208991,0.048078563,0.081025526,0.058289338,0.0448969,0.114293784,0.05951489,0.03797874,0.045018137,0.02960822,0.071277395,0.065393575
140,0.08537805,0.06831506,0.05700324,0.048365414,0.1055818,0.05180152,0.05755342,0.050298017,0.037199493,0.08869959,0.061184432,0.02736041,0.079962306,0.046332773,0.08059673,0.054367747
141,0.11550947,0.051914003,0.04898414,0.024017856,0.07401703,0.044852775,0.05620967,0.033258945,0.032875303,0.07332543,0.12162074,0.055378884,0.06780318,0.041997764,0.04134776,0.11688709
142,0.06881849,0.03754167,0.048959237,0.019876398,0.041000824,0.06159179,0.07530755,0.040605158,0.0323581,0.08671492,0.11378092,0.08540034,0.071777225,0.083826005,0.05054581,0.08189552
143,0.0532608,0.025759265,0.016701434,0.08110592,0.13439123,0.064156085,0.076390155,0.01601235,0.0774925,0.05753864,0.068144225,0.042662352,0.06572024,0.053854045,0.07985509,0.08695563
144,0.09101417,0.0450619,0.036873523,0.036668878,0.09924015,0.09402149,0.1005328,0.022847401,0.03782189,0.040230617,0.063032225,0.06383195,0.062138155,0.08104775,0.03965045,0.08598662
145,0.06514845,0.047414284,0.028889919,0.09747008,0.11695874,0.07800514,0.06532381,0.023969239,0.078142636,0.07287458,0.045309704,0.03810801,0.0591486,0.040297728,0.09841839,0.044520646
146,0.050138813,0.019293625,0.023038844,0.081588104,0.071345665,0.074637055,0.11225221,0.049267486,0.05094798,0.104612656,0.07289421,0.06790966,0.05049056,0.068992525,0.03204045,0.07055018
147,0.092197955,0.05236913,0.058507364,0.081251465,0.08444229,0.04435204,0.066603385,0.056689877,0.06419925,0.052408054,0.06973215,0.064820565,0.053861033,0.04164507,0.04089245,0.07602792
148,0.092532374,0.014164641,0.018313365,0.0390531,0.074408084,0.07032076,0.11423721,0.027880132,0.062276855,0.07132427,0.08567289,0.07186329,0.047907393,0.08327542,0.030349711,0.0964205
149,0.04467928,0.03997432,0.03946115,0.043903023,0.06703129,0.05033322,0.07498061,0.06456719,0.027378866,0.12704898,0.07188225,0.03748934,0.08477188,0.089384176,0.060928952,0.07618543
150,0.10561522,0.042121623,0.028260374,0.06134144,0.093075275,0.06375149,0.07314465,0.020583898,0.06508684,0.036363497,0.08527368,0.09279001,0.06313857,0.052214187,0.031640265,0.08559897
151,0.088793494,0.029556444,0.05235323,0.038882498,0.075072736,0.02936448,0.058750242,0.076917894,0.04958235,0.10628744,0.09938055,0.07730306,0.03874745,0.068778396,0.053854257,0.056375507
152,0.08628953,0.021892369,0.022572832,0.06706307,0.077237666,0.055841964,0.10662845,0.04605456,0.051592425,0.07803343,0.108598195,0.061355714,0.07634992,0.054583054,0.025378967,0.06052776
153,0.044941634,0.036318403,0.06212836,0.028020352,0.043945193,0.051216274,0.07219725,0.06573766,0.04007375,0.092999816,0.09230614,0.049237702,0.05342737,0.0766046,0.06343273,0.12741272
154,0.14788783,0.05876993,0.040936615,0.050898492,0.2151494,0.04493397,0.05551921,0.027964229,0.024994358,0.062037807,0.043230277,0.031287756,0.05437805,0.028022645,0.048062548,0.06592686
155,0.069996215,0.08022524,0.078930296,0.0344289,0.08275744,0.061968043,0.055379163,0.031385187,0.044906046,0.046191093,0.06149721,0.08447498,0.037784953,0.07357788,0.065919906,0.090577364
156,0.04672205,0.07938609,0.098605,0.037905257,0.058337588,0.07995376,0.08030255,0.051159307,0.033844333,0.06431652,0.062790625,0.05124465,0.049887657,0.05125081,0.041000657,0.11329313
157,0.08954686,0.056259323,0.038953017,0.036493298,0.09682248,0.07233002,0.06622011,0.024820805,0.030368023,0.044565305,0.049386356,0.09505183,0.053128827,0.10252579,0.049987417,0.09354054
158,0.047820315,0.061268564,0.06732022,0.054056868,0.054373026,0.03679919,0.04895234,0.064543165,0.08070328,0.076142274,0.11777711,0.06746536,0.047844794,0.04837319,0.051629126,0.0749312
159,0.07820199,0.048991997,0.05437507,0.05392207,0.053924456,0.06943172,0.079111435,0.042370975,0.071567886,0.058989238,0.101510495,0.060274977,0.051691756,0.027438596,0.02816453,0.12003287
160,0.11173018,0.053419102,0.037327018,0.03809717,0.07762245,0.06731228,0.05473644,0.027860725,0.054498617,0.08534015,0.097402774,0.061787467,0.045647804,0.04475322,0.042678718,0.099785894
161,0.108768485,0.04830719,0.02944854,0.02888755,0.06795639,0.057604935,0.047324415,0.022037333,0.05223973,0.07760036,0.11000014,0.06464466,0.073266335,0.06939176,0.081679456,0.060842693
162,0.099152535,0.02537662,0.022747755,0.0388881,0.107596755,0.064162046,0.08767891,0.026055655,0.034549143,0.070284225,0.06393715,0.042754587,0.07675451,0.088219516,0.062466457,0.089376114
163,0.07264585,0.02365376,0.029155647,0.057452496,0.10187874,0.052219868,0.10546717,0.04656616,0.050409093,0.07345981,0.0779013,0.056117523,0.06210609,0.09742406,0.042549383,0.050993074
164,0.10898576,0.038782466,0.024053419,0.03173488,0.052029967,0.044586997,0.046211243,0.028973809,0.0653704,0.08510819,0.14722179,0.06498424,0.08071593,0.04982319,0.0488558,0.08256195
165,0.062683746,0.06479565,0.048049986,0.046512257,0.07961041,0.06483797,0.053371403,0.030627495,0.04555331,0.08808711,0.072577216,0.08529681,0.04156373,0.06323188,0.061978262,0.09122276
166,0.052142844,0.030403154,0.036295887,0.06746902,0.1284005,0.073848434,0.109739624,0.03274848,0.024546796,0.07460939,0.03509889,0.04797479,0.05039729,0.07122575,0.05363114,0.11146798
167,0.080859326,0.055927143,0.070340455,0.05438308,0.08516166,0.054871038,0.065672494,0.060975462,0.038025856,0.08692723,0.04586804,0.038595054,0.056620747,0.056936126,0.096283235,0.052553076
168,0.11577755,0.048607584,0.028015763,0.038556267,0.087714106,0.054116502,0.04987428,0.01361826,0.06162861,0.04764342,0.097773276,0.07306945,0.07899334,0.0397951,0.07955999,0.085256495
169,0.07908434,0.049100805,0.040141463,0.05131352,0.062336612,0.064988,0.06975079,0.045027364,0.038020078,0.10499369,0.07868964,0.053453743,0.0922608,0.04664204,0.06499708,0.05920005
170,0.06307641,0.053529296,0.05571956,0.06746412,0.09266553,0.04513931,0.0660424,0.050256032,0.05541137,0.08482593,0.089898966,0.04973513,0.052615564,0.03518112,0.04254302,0.09589622
171,0.09671021,0.023607276,0.03602347,0.03105251,0.040943444,0.04985508,0.07039732,0.05650921,0.07132948,0.06447336,0.12751003,0.08740803,0.046234008,0.07821801,0.034029733,0.08569884
172,0.07481485,0.041644216,0.0502273,0.05926874,0.09779823,0.05928011,0.074297324,0.054474022,0.036655556,0.09304717,0.040782694,0.038418423,0.054273743,0.07297333,0.09604905,0.055995267
173,0.052704405,0.049935732,0.054399222,0.06378889,0.06441074,0.072589226,0.09632581,0.047944155,0.05592667,0.053823944,0.08259646,0.06586594,0.057414766,0.050608564,0.028351769,0.103313714
174,0.095858775,0.048532475,0.037802227,0.055916417,0.1527266,0.04943839,0.056070145,0.024020942,0.0392116,0.06302893,0.051240414,0.06415483,0.042417552,0.063489325,0.07235516,0.0837362
175,0.062305868,0.03778603,0.04254526,0.07049456,0.077488445,0.06646875,0.08218703,0.04745486,0.06728669,0.1108419,0.07114566,0.047553122,0.05569991,0.04155911,0.068442225,0.05074054
176,0.0701569,0.061171096,0.07274487,0.06945198,0.074272595,0.05173699,0.059772775,0.055255402,0.06365063,0.07293548,0.063794956,0.05701479,0.04326429,0.043522846,0.07179696,0.06945744
177,0.049829915,0.059421346,0.06149881,0.0473071,0.1047276,0.05424444,0.07099033,0.033604085,0.052245807,0.029222729,0.05995591,0.09115193,0.029549854,0.086819984,0.027886523,0.14154364
178,0.06854556,0.053149264,0.027310317,0.057639938,0.1258836,0.034315977,0.038778894,0.028551416,0.048509117,0.07248547,0.1034343,0.07436693,0.04613774,0.091073416,0.053457122,0.07636095
179,0.05633973,0.048972238,0.027314505,0.07546272,0.11796231,0.039692197,0.040680885,0.024433369,0.06309586,0.08698314,0.08855268,0.07726467,0.04026525,0.06410371,0.06471918,0.08415761
180,0.041816007,0.021909053,0.041401554,0.109537095,0.14460762,0.034386892,0.087781034,0.062742,0.048028354,0.08145178,0.055639368,0.056278184,0.03266574,0.06982205,0.045395676,0.06653761
181,0.06695313,0.026200896,0.015640067,0.051960424,0.09484137,0.032016948,0.057713363,0.052634124,0.025585966,0.15205327,0.111715,0.06193149,0.05476566,0.10654979,0.02596058,0.06347787
182,0.12273794,0.046997864,0.05763434,0.051785704,0.06438098,0.04463171,0.0605935,0.05352496,0.06167218,0.055372532,0.09553409,0.099016756,0.045750994,0.04307459,0.038259853,0.05903198
183,0.10794294,0.055389374,0.0398225,0.053578664,0.08307435,0.06967828,0.07202863,0.027989477,0.046674717,0.053005308,0.088924564,0.07340506,0.06960803,0.04143003,0.037155278,0.080292806
184,0.08302509,0.057569217,0.038813025,0.055745125,0.07258667,0.059682637,0.06204314,0.045249403,0.04245539,0.07510442,0.07567584,0.052087594,0.080698766,0.08513229,0.06492173,0.049209673
185,0.0770867,0.03139257,0.024920551,0.06310743,0.13083951,0.068587266,0.08692241,0.026947083,0.035856694,0.09108472,0.057901192,0.06261601,0.041016664,0.05755605,0.03515117,0.10901394
186,0.10113842,0.057785153,0.05592385,0.019413633,0.05891666,0.05932188,0.056638394,0.03529678,0.04906334,0.04279123,0.098256834,0.06646336,0.054752525,0.10268847,0.052025963,0.08952352
187,0.07810087,0.037864987,0.028043404,0.058819506,0.130948,0.08908353,0.10375778,0.018197471,0.035267476,0.05267064,0.051650528,0.070711516,0.054569677,0.04297772,0.033717453,0.11361944
188,0.08415821,0.05698381,0.05513669,0.07986129,0.07649244,0.042376798,0.045018077,0.040967938,0.10028133,0.07302866,0.07569587,0.06892552,0.034488346,0.030911148,0.06928858,0.06638529
189,0.14501524,0.081691675,0.07103035,0.01865354,0.048314203,0.0672495,0.04435249,0.019491525,0.060436178,0.029545372,0.06455926,0.10208714,0.04833831,0.039705593,0.090037525,0.0694921
190,0.09732037,0.064038426,0.060727578,0.03091669,0.09525596,0.06383211,0.065966435,0.032810424,0.033621144,0.08150646,0.06371153,0.040459197,0.06587919,0.043690473,0.07362342,0.08664063
191,0.04143416,0.035296712,0.08546367,0.023771785,0.050446052,0.043086305,0.061231274,0.07238777,0.028654931,0.08232228,0.05088904,0.07046929,0.031093389,0.11874282,0.09028262,0.114427894
192,0.046211734,0.025440559,0.03299098,0.10438242,0.11523358,0.036957916,0.07311959,0.056540806,0.062377233,0.09775228,0.06855746,0.05346692,0.04030954,0.0677329,0.053104963,0.06582116
193,0.07759633,0.021473872,0.015876116,0.10225936,0.1252987,0.061809707,0.097171426,0.022500345,0.05047677,0.08677327,0.08222637,0.05834511,0.06121579,0.02824031,0.02684608,0.081890464
194,0.08684507,0.05618422,0.041571718,0.024357585,0.053656746,0.06451664,0.06479237,0.03453203,0.031299505,0.054056447,0.0955623,0.061659146,0.07734882,0.09119412,0.042870115,0.11955311
195,0.07163846,0.027617926,0.026138833,0.07739941,0.10466317,0.0604849,0.08277908,0.028018733,0.061406687,0.0791471,0.086549796,0.07888746,0.033773437,0.03689572,0.0273674,0.11723188
196,0.07619323,0.07223293,0.038709745,0.070306264,0.072752856,0.061206747,0.04613486,0.02985788,0.062327564,0.08788011,0.094190575,0.08072951,0.04888473,0.03409821,0.04271905,0.08177575
197,0.0846709,0.070134744,0.077523045,0.030939514,0.06903156,0.07969608,0.07609572,0.03798692,0.0340327,0.0492209,0.060776424,0.04553136,0.069093026,0.062059265,0.06564384,0.087564014
198,0.059988514,0.046489324,0.030571232,0.07849723,0.15650403,0.039740577,0.050135132,0.032129973,0.045045853,0.06192239,0.078224994,0.05540898,0.052086473,0.08381927,0.05618003,0.07325599
199,0.108716495,0.021414958,0.033656016,0.034896307,0.07230904,0.043481257,0.079429455,0.05150616,0.036380436,0.13318582,0.08183561,0.06272967,0.056589942,0.056871835,0.059140608,0.06785637
200,0.10169372,0.051084816,0.03630735,0.03672349,0.08693627,0.04923297,0.045790557,0.024456738,0.055058006,0.064752646,0.08895767,0.068809845,0.055739213,0.06985485,0.08795873,0.0766431
201,0.039465442,0.053339463,0.07784423,0.040229753,0.050482888,0.057279486,0.061532903,0.06360276,0.049086202,0.06384414,0.064804874,0.04012179,0.060403947,0.10067606,0.10905919,0.06822682
202,0.030068027,0.0070310603,0.005771654,0.06801642,0.15236737,0.059886206,0.14411098,0.023212636,0.012648918,0.15619428,0.028415002,0.022129135,0.108324565,0.10405997,0.043211523,0.034552272
203,0.08154654,0.061569083,0.03563262,0.029927248,0.049689304,0.07241672,0.053199213,0.025084103,0.052036356,0.073095806,0.121223025,0.06633969,0.08122773,0.049030308,0.052360397,0.095621884
204,0.06612629,0.038783077,0.045174744,0.07513099,0.06402443,0.04446435,0.06924296,0.061794844,0.064221345,0.08494585,0.07719587,0.076767676,0.06429126,0.051036432,0.057445157,0.05935471
205,0.09441487,0.042078953,0.025417076,0.043041725,0.074972324,0.035323676,0.04457319,0.03579143,0.045422208,0.11023278,0.15627147,0.06319832,0.057498008,0.045476098,0.030327335,0.095960565
206,0.076083265,0.012413374,0.013570203,0.0355263,0.06640447,0.07041215,0.11237497,0.02887288,0.057623256,0.07475731,0.09401468,0.07060022,0.05975954,0.11879917,0.032014254,0.07677392
207,0.089635134,0.030662745,0.04108275,0.063785255,0.072773375,0.02285721,0.038201455,0.064136215,0.07661427,0.11217597,0.08907878,0.0955314,0.031654645,0.05736835,0.08315487,0.031287555
208,0.09220478,0.032048192,0.040930424,0.023356587,0.052678466,0.067887045,0.084061705,0.033275947,0.04822364,0.052815583,0.0967798,0.06264857,0.07076988,0.09087616,0.05692622,0.09451706
209,0.08667178,0.07905006,0.06278946,0.03595596,0.06705741,0.03816931,0.03204535,0.028326286,0.07141306,0.04996826,0.11567763,0.09708949,0.039363977,0.04284146,0.07209274,0.081487805
210,0.09200778,0.026056409,0.020893304,0.07260998,0.12946908,0.08083398,0.101852484,0.023853436,0.033608887,0.102198325,0.053072482,0.05107211,0.06034088,0.038800772,0.043807417,0.069522604
211,0.05683757,0.059410263,0.043471407,0.08352527,0.1268544,0.054383084,0.060903367,0.041234057,0.03211283,0.12215374,0.060336877,0.059137117,0.040512532,0.049063284,0.047967684,0.062096458
212,0.0462309,0.028956838,0.046864364,0.10043632,0.120625675,0.045858916,0.096850544,0.04097263,0.06655747,0.06426195,0.07130677,0.06352963,0.026483962,0.028209275,0.025363596,0.12749118
213,0.036869753,0.0649998,0.054699484,0.09818432,0.086844444,0.03286193,0.04232649,0.07080039,0.052208852,0.08398471,0.0741721,0.08910195,0.02614054,0.082395114,0.035924103,0.06848597
