,HS,VA3,VA1,FI2,FI1,IM1,IM2,VA2,AV2,PE2,AV1,AV3,IM4,BA,PE1,IM3
0,0.11576608,0.03418453,0.04870853,0.061768424,0.06940442,0.049692344,0.051400345,0.044081856,0.058125768,0.05407597,0.06886495,0.086820066,0.04396854,0.08435959,0.085459374,0.04331925
1,0.10234529,0.05311243,0.07715612,0.04867837,0.06942632,0.044317212,0.05625473,0.055001915,0.07709817,0.03775547,0.081072755,0.10136608,0.03395386,0.057398904,0.043925777,0.061136622
2,0.1077044,0.038339432,0.082369894,0.03152149,0.07547984,0.048517596,0.065843366,0.066836216,0.09938732,0.0397799,0.09225952,0.050681543,0.028535252,0.024570512,0.06166813,0.086505555
3,0.11043712,0.079430796,0.058549237,0.05978288,0.081686385,0.04299775,0.037564415,0.06278587,0.0731124,0.068394385,0.08022717,0.054358725,0.03882627,0.041042637,0.0536923,0.05711168
4,0.14328177,0.047454443,0.039538387,0.076370716,0.10631696,0.04886131,0.072079785,0.028144382,0.051466584,0.031710688,0.060521424,0.087382354,0.056105938,0.053771835,0.040752493,0.05624093
5,0.14917777,0.025456449,0.052153632,0.015934454,0.03097611,0.06821101,0.06814471,0.039572712,0.07761148,0.031998098,0.10901353,0.108485065,0.05194154,0.06727365,0.045856368,0.058193445
6,0.07341535,0.050972465,0.038062904,0.041283414,0.07430309,0.076191194,0.08405136,0.036614742,0.08330885,0.05997613,0.08524063,0.055086743,0.08332463,0.04594803,0.047094394,0.06512613
7,0.0885328,0.05695191,0.0635522,0.08165375,0.06754973,0.078973934,0.07527537,0.07295016,0.03183302,0.052320838,0.05024232,0.055828955,0.049459726,0.07428595,0.04378284,0.056806505
8,0.10339735,0.03667279,0.068891965,0.02967118,0.06797273,0.04060401,0.04645544,0.111236595,0.11428345,0.09426343,0.109463625,0.03485042,0.022629028,0.020196041,0.04605666,0.053355306
9,0.041782152,0.09252436,0.08180282,0.08708566,0.06453884,0.06742484,0.06736016,0.067775995,0.034862876,0.04094702,0.045137715,0.05571522,0.06036852,0.082675226,0.041556556,0.06844204
10,0.05414022,0.029003983,0.03581504,0.03826974,0.048060596,0.093905725,0.14358763,0.02126936,0.053499043,0.017670574,0.07491991,0.084367804,0.087699465,0.07049488,0.027616238,0.11967977
11,0.055833172,0.024398431,0.056908954,0.04859386,0.07233406,0.054956913,0.07583352,0.06796895,0.06358733,0.06653744,0.06232208,0.057093024,0.044888724,0.08513192,0.09016178,0.07344984
12,0.056148976,0.07365293,0.078023195,0.058193278,0.06503811,0.06252715,0.082132995,0.047729384,0.088721775,0.02745173,0.09071187,0.07056289,0.057403255,0.036913525,0.03484874,0.06994019
13,0.033485334,0.035897058,0.030145705,0.0760274,0.06833375,0.1293865,0.121702194,0.02636494,0.06249183,0.045618493,0.06549027,0.063228875,0.058990296,0.055716187,0.031061664,0.09605949
14,0.086136214,0.027560303,0.037775,0.051535863,0.05826508,0.07265442,0.1058009,0.04075393,0.05447799,0.027737321,0.10909209,0.06309083,0.06916537,0.08724799,0.03075716,0.077949576
15,0.09845992,0.04995842,0.05795585,0.056936126,0.12107706,0.036962863,0.05929325,0.061739102,0.07377113,0.04800433,0.0803939,0.046253324,0.05039604,0.05393819,0.053525697,0.051334847
16,0.11364466,0.021162705,0.025791505,0.052177187,0.07654937,0.0364545,0.06012025,0.03381143,0.08032136,0.07443578,0.07988787,0.09701804,0.06858545,0.087366275,0.056794345,0.035879258
17,0.050183605,0.052559674,0.092799924,0.027173445,0.04058675,0.049961556,0.048933048,0.06800129,0.09702819,0.05284974,0.08243899,0.084368624,0.04324616,0.059916437,0.06747291,0.08247963
18,0.10416954,0.019993234,0.036046937,0.038991332,0.06812507,0.06641892,0.108796515,0.032942664,0.067801945,0.03241861,0.083077125,0.0830133,0.055880357,0.06347621,0.040714044,0.09813414
19,0.046913907,0.030779777,0.03657774,0.044241805,0.08014011,0.06091707,0.09911675,0.049267706,0.08689418,0.060456883,0.1137441,0.041269258,0.07617509,0.07295571,0.038730856,0.061819095
20,0.038007345,0.061956298,0.02675202,0.09755686,0.20647644,0.06709891,0.050481122,0.024681428,0.031262234,0.06891225,0.021136886,0.0158922,0.03408036,0.019846058,0.0634926,0.17236698
21,0.092566155,0.05494617,0.057012975,0.042670712,0.065231964,0.060590427,0.059798703,0.061947465,0.068385445,0.0681615,0.07854643,0.06765538,0.05421127,0.066642575,0.04989298,0.051739812
22,0.05739766,0.036336493,0.038286082,0.085463524,0.1326624,0.04674877,0.06840159,0.05165942,0.058021206,0.07947314,0.049382854,0.033724036,0.06287767,0.05461051,0.08806046,0.056894165
23,0.11605679,0.048355132,0.07342283,0.052178532,0.09746783,0.042645264,0.06701848,0.06319433,0.05897412,0.029491896,0.07703785,0.05133295,0.03528406,0.044996817,0.04892153,0.093621574
24,0.040630396,0.0775836,0.10186857,0.03684124,0.059451584,0.04926618,0.07003046,0.044507027,0.07148004,0.020523546,0.074842215,0.078453824,0.06418517,0.07659242,0.04332793,0.090415806
25,0.10448027,0.037600145,0.03232223,0.05416848,0.06770166,0.07504129,0.061798614,0.06036803,0.058910754,0.089181684,0.11001799,0.047668766,0.041891843,0.055038277,0.030697832,0.07311217
26,0.078648075,0.057437185,0.047961798,0.048572045,0.07560948,0.073287405,0.06675645,0.0355174,0.08465945,0.055683333,0.07410894,0.083490826,0.05391392,0.051125154,0.04960345,0.063625015
27,0.1036978,0.03546148,0.044923738,0.06784755,0.08704457,0.064878725,0.10098437,0.037732594,0.07225403,0.039434012,0.07399027,0.07356437,0.055278007,0.034151632,0.042794827,0.06596205
28,0.11404788,0.021694696,0.03327777,0.08122306,0.06268244,0.046512917,0.061782256,0.04903504,0.05548806,0.058279976,0.08581618,0.10219882,0.038764168,0.09186357,0.042120606,0.055212516
29,0.034082416,0.0326356,0.061540768,0.03795672,0.045687456,0.07892487,0.07679028,0.066481635,0.06357008,0.08896399,0.042313185,0.04874857,0.06842539,0.072263904,0.1308656,0.05074951
30,0.10250652,0.03875297,0.03244229,0.08132329,0.09930394,0.09982095,0.09508451,0.07242891,0.038248543,0.07459206,0.07490764,0.024628775,0.03859715,0.028460668,0.023941102,0.07496063
31,0.044316884,0.05359439,0.092567645,0.063232444,0.07479822,0.054669365,0.08211562,0.06616134,0.08104379,0.034402072,0.08759704,0.0747076,0.036368683,0.048335016,0.036507994,0.06958195
32,0.04515968,0.02118661,0.041349266,0.080807894,0.064031996,0.07280708,0.08766383,0.08076269,0.04003235,0.09340181,0.05630037,0.07085095,0.031439383,0.10738319,0.034997385,0.07182548
33,0.07658115,0.040247664,0.06891649,0.041774374,0.081042744,0.07499846,0.12130561,0.059394408,0.085508384,0.041866228,0.07793856,0.046758104,0.050099343,0.023586303,0.040317133,0.06966504
34,0.04967621,0.023464842,0.03597216,0.060318142,0.10960146,0.044252202,0.078170925,0.09467861,0.08359305,0.12570086,0.08378419,0.020258954,0.046426367,0.03220344,0.049226437,0.06267217
35,0.042448957,0.029985145,0.061098013,0.061366756,0.08073173,0.028338814,0.043837022,0.10854766,0.08274017,0.10811004,0.077419005,0.040370494,0.03618583,0.078519836,0.085634135,0.034666315
36,0.106322475,0.054848555,0.06423532,0.055302788,0.058608785,0.0567423,0.039993104,0.066774376,0.041473523,0.07779916,0.05479498,0.08113175,0.034094144,0.0957249,0.06807914,0.044074688
37,0.056685943,0.040828243,0.04733481,0.049830128,0.060586903,0.08046646,0.056912035,0.05319102,0.06174216,0.08384249,0.07058835,0.05180219,0.04608765,0.07840706,0.07615032,0.085544206
38,0.06920912,0.03307808,0.058258843,0.06611747,0.08682441,0.04940417,0.07022116,0.06386482,0.0479786,0.06396899,0.05531101,0.0653146,0.049012065,0.095547415,0.06881256,0.057076704
39,0.0778602,0.03845422,0.0657072,0.051126722,0.07302449,0.05937456,0.07057247,0.069565564,0.084507465,0.052509684,0.09348739,0.06307406,0.032979235,0.043295223,0.04581946,0.07864202
40,0.039806638,0.07126061,0.05439328,0.072569676,0.1214917,0.025819572,0.02913443,0.052446812,0.08659022,0.08666111,0.062089603,0.045424525,0.05040181,0.062150825,0.10044428,0.039314907
41,0.090182155,0.043233525,0.06989855,0.030576944,0.06279407,0.049028125,0.055235103,0.054061633,0.121583976,0.049123365,0.110868774,0.06694145,0.03849664,0.036115132,0.06216174,0.05969889
42,0.12767804,0.047371984,0.04333328,0.054286048,0.06826029,0.057329524,0.040789116,0.05103742,0.04558185,0.077700436,0.068808295,0.07702321,0.033728927,0.09074036,0.052197304,0.0641339
43,0.055976007,0.048123088,0.049232677,0.04180105,0.09928569,0.064692385,0.08337945,0.0337711,0.10317377,0.04400521,0.0742319,0.045962628,0.074448496,0.041193098,0.07454162,0.06618184
44,0.09364135,0.05422998,0.057103187,0.06749528,0.06697356,0.064224415,0.060364563,0.049663886,0.056299273,0.060126323,0.056257427,0.07863185,0.05195875,0.058767617,0.069867134,0.05439545
45,0.05871126,0.036020923,0.08443297,0.060812194,0.076329075,0.04928732,0.064579174,0.10760137,0.048766475,0.06289164,0.056356534,0.039083395,0.03632039,0.073070586,0.09477854,0.050958127
46,0.111369334,0.041975584,0.055133056,0.06990319,0.085309274,0.0594475,0.09271371,0.04423541,0.05498764,0.031057782,0.06478659,0.06938218,0.057365913,0.04564121,0.05022621,0.0664654
47,0.11513769,0.038690593,0.028675357,0.09231644,0.098429896,0.047877233,0.058833968,0.031424668,0.05413628,0.055004075,0.07270995,0.0877194,0.053795666,0.06520471,0.04071301,0.059331108
48,0.092460275,0.04283679,0.04699467,0.07257941,0.101480335,0.05243298,0.07136054,0.038535397,0.056800086,0.0382393,0.06409945,0.05676416,0.060005277,0.06402906,0.07681936,0.06456288
49,0.1336475,0.03450359,0.029270666,0.07225161,0.1708887,0.023746358,0.036773812,0.042666703,0.1009639,0.07229868,0.09459245,0.044065878,0.024605855,0.019464932,0.040700644,0.05955869
50,0.091516815,0.016720077,0.043917507,0.019645052,0.039895523,0.07778731,0.09159575,0.08449321,0.08543558,0.06636861,0.14130674,0.041152317,0.040911417,0.04597047,0.036300804,0.07698278
51,0.061381876,0.019161949,0.019414013,0.08903121,0.13805686,0.07281811,0.13000993,0.02839177,0.057949174,0.0600268,0.060257,0.02962318,0.07092268,0.038433474,0.050864007,0.07365798
52,0.079167224,0.028510608,0.062962115,0.04840365,0.05701272,0.1047226,0.073647805,0.060368136,0.051558126,0.046935674,0.072720714,0.050563663,0.028251715,0.06094426,0.08602852,0.08820247
53,0.04649799,0.018972307,0.035661165,0.043592248,0.041000213,0.09254391,0.11259293,0.06461877,0.060937118,0.0761053,0.0924407,0.052358925,0.06746984,0.09587029,0.041674744,0.05766356
54,0.07182627,0.029446239,0.061808567,0.05731341,0.05890638,0.06320788,0.11368979,0.0762612,0.054179937,0.03591271,0.09940723,0.06530466,0.052760635,0.07544584,0.029748188,0.054781046
55,0.086263865,0.03989647,0.030630609,0.06418913,0.08833965,0.03668944,0.045755778,0.04603824,0.07618534,0.09928354,0.08568397,0.08158169,0.057478305,0.0799588,0.041630827,0.040394377
56,0.084223926,0.06811272,0.052256178,0.060082126,0.07835733,0.06187291,0.07630402,0.036776602,0.06651626,0.03748027,0.06407274,0.07003015,0.07006237,0.042439062,0.04318768,0.08822561
57,0.050415862,0.016525378,0.041271985,0.047892306,0.07242813,0.08137397,0.116267525,0.05709766,0.084855996,0.05668113,0.105871834,0.039722178,0.036581133,0.04629864,0.05666018,0.09005606
58,0.050473217,0.03725366,0.06268271,0.082536876,0.07727567,0.06745062,0.1198372,0.10142624,0.027867101,0.03668447,0.0668967,0.035852205,0.04762968,0.08970978,0.023287341,0.0731365
59,0.13062619,0.033303816,0.048082795,0.08579892,0.11633804,0.028286539,0.06288161,0.050156493,0.08479449,0.035308085,0.07230234,0.066365644,0.032200143,0.03151753,0.06456162,0.0574758
60,0.08444432,0.043468837,0.06211688,0.04791588,0.03814691,0.07384414,0.064038515,0.06636043,0.048920754,0.03430598,0.12432065,0.06978315,0.043216307,0.08525256,0.02753519,0.08632949
61,0.07550598,0.057537507,0.05078799,0.05563947,0.10233929,0.040087093,0.049660753,0.052250843,0.07251201,0.06456918,0.082152374,0.06529722,0.04829597,0.07796348,0.04371546,0.061685365
62,0.08478066,0.05198795,0.03090713,0.09043503,0.08635696,0.088543646,0.09347681,0.040134326,0.045269456,0.056723397,0.067646585,0.061652362,0.06778825,0.048758876,0.023852013,0.061686546
63,0.055791635,0.04304993,0.049150046,0.07038901,0.0819732,0.06791336,0.07857279,0.05123948,0.06502288,0.048694912,0.09669313,0.066467755,0.041855905,0.06907707,0.030295273,0.08381361
64,0.08716112,0.049130183,0.038985495,0.055758774,0.12988614,0.05228444,0.06077313,0.046273697,0.07226855,0.06826525,0.070656985,0.052198138,0.041707844,0.04915744,0.037725795,0.087767005
65,0.056102764,0.04113249,0.05089706,0.08239484,0.06589606,0.08166783,0.08230033,0.07553505,0.03950763,0.059131797,0.074085794,0.04386835,0.043201715,0.0772134,0.033588458,0.09347642
66,0.043240905,0.028885445,0.042527646,0.05854718,0.07563082,0.082518734,0.09293517,0.069889456,0.055059597,0.0950813,0.05948317,0.034215394,0.060269754,0.07062632,0.07037128,0.060717802
67,0.117827475,0.02209769,0.03953291,0.064249575,0.060863435,0.06714588,0.06158344,0.07521603,0.033021215,0.07821605,0.059209365,0.055919927,0.035273533,0.1036251,0.056310806,0.0699076
68,0.06453069,0.02268281,0.045660827,0.05630972,0.116554804,0.09327087,0.12070312,0.049318764,0.029898224,0.049290944,0.041161325,0.035714123,0.044483263,0.08829031,0.06144404,0.0806862
69,0.04567352,0.027692234,0.036780354,0.04077836,0.05678167,0.0768598,0.06865603,0.03874206,0.09251288,0.11167852,0.062030207,0.091279685,0.05063517,0.07323136,0.06778104,0.058887154
70,0.043664053,0.07841847,0.10250042,0.07559522,0.07840133,0.046117455,0.04373954,0.080130406,0.04550719,0.040824775,0.06292348,0.049072225,0.027178502,0.07998279,0.056681544,0.089262575
71,0.092553206,0.06668353,0.09253933,0.053842068,0.07216097,0.040638763,0.06015742,0.051260736,0.07033616,0.022446744,0.07499877,0.08636611,0.03932795,0.047264084,0.05064353,0.07878062
72,0.064208634,0.05820076,0.046768952,0.05340542,0.09485791,0.08296144,0.065213405,0.04215078,0.0627541,0.07034639,0.057090197,0.032302048,0.050895352,0.035736434,0.08304864,0.10005954
73,0.115769945,0.022080502,0.0336855,0.048334632,0.07655267,0.04424393,0.07528996,0.026864568,0.102340214,0.030431611,0.11234299,0.07449686,0.05773596,0.062225204,0.06591057,0.051694896
74,0.063931674,0.048716325,0.054130886,0.05487897,0.106717564,0.08055844,0.112422705,0.029540503,0.05769397,0.029015414,0.04526602,0.048346367,0.07454648,0.038013473,0.07232475,0.083896436
75,0.06891707,0.027020035,0.033576183,0.07849154,0.10952544,0.052528832,0.08587145,0.036656857,0.084388256,0.049064096,0.08602843,0.052529503,0.050312635,0.04478736,0.057140604,0.08316169
76,0.047966924,0.050045606,0.04876624,0.027006445,0.051299024,0.08761996,0.06437,0.06307622,0.05297014,0.08529163,0.07196134,0.02713353,0.074994534,0.0709602,0.08243984,0.09409833
77,0.09129805,0.06574648,0.07925504,0.044564214,0.07255414,0.03858592,0.037718013,0.060904842,0.0682552,0.06090817,0.051179647,0.064072065,0.041162092,0.056972783,0.120781206,0.046042185
78,0.053752244,0.038799208,0.034580067,0.08411916,0.15742046,0.05766799,0.07233542,0.05188443,0.056257457,0.07586517,0.07344229,0.030679857,0.036963407,0.04472593,0.039647203,0.091859676
79,0.05676877,0.054090574,0.061527867,0.070741884,0.075994916,0.04672918,0.049962312,0.060007583,0.07835204,0.06934097,0.07251369,0.052704126,0.052220616,0.053150278,0.08634897,0.05954619
80,0.11409665,0.017814992,0.025794722,0.06795799,0.06010388,0.05637567,0.08158601,0.09264004,0.07287235,0.08780199,0.17108274,0.032221828,0.037716404,0.028557507,0.017438533,0.03593868
81,0.08467707,0.04316902,0.08604244,0.024626523,0.050849367,0.07484292,0.08103474,0.059701968,0.08894363,0.033977453,0.0987793,0.04431884,0.05358426,0.034868177,0.07478535,0.065798916
82,0.049431413,0.07225639,0.059360225,0.07187634,0.05954288,0.08591046,0.06276533,0.058202993,0.053037215,0.06944886,0.06084655,0.05563834,0.058375403,0.072119854,0.05841298,0.05277477
83,0.066035524,0.048727337,0.026891857,0.08249488,0.11146039,0.06303748,0.07962424,0.03152457,0.098922886,0.06504183,0.08408608,0.06052342,0.07423637,0.027907588,0.029109964,0.050375566
84,0.06529962,0.054991707,0.06863596,0.058390196,0.06306835,0.06681255,0.045997154,0.05691719,0.054277945,0.055973496,0.07023365,0.06103159,0.03380541,0.080903895,0.0850535,0.0786078
85,0.09829327,0.09588269,0.08474643,0.040715147,0.08371502,0.059109926,0.076378815,0.046338942,0.066041864,0.031619057,0.05204467,0.057017427,0.06422707,0.031247541,0.048905242,0.0637169
86,0.06549603,0.019210724,0.02911274,0.0632217,0.06640247,0.07156631,0.084154904,0.057415795,0.0514323,0.095047265,0.08620179,0.041801583,0.06284368,0.08838364,0.06110993,0.05659918
87,0.07240953,0.04886199,0.052137494,0.075233206,0.10654461,0.072352804,0.09275774,0.03895855,0.05147335,0.03488661,0.054478947,0.046823442,0.066695884,0.057156365,0.06862782,0.060601685
88,0.06273472,0.05610669,0.0543647,0.07439295,0.095801055,0.06457331,0.06928826,0.053857386,0.0651174,0.07112882,0.053003058,0.060082693,0.046119463,0.03915224,0.05506125,0.079215996
89,0.11001363,0.02209041,0.03896052,0.05224788,0.10573995,0.051254373,0.07054175,0.056195002,0.068684615,0.069265135,0.07986618,0.04774444,0.036551528,0.052915435,0.067782104,0.070147075
90,0.12253854,0.067446016,0.06683315,0.05981664,0.14227276,0.030899502,0.06271198,0.046434607,0.07112641,0.029894074,0.0649996,0.054149892,0.046151865,0.036932748,0.044372495,0.05341975
91,0.13227126,0.09416316,0.14148286,0.046038557,0.055463478,0.018863672,0.024561485,0.11451169,0.06508851,0.028421639,0.08578992,0.055405457,0.019193953,0.031274717,0.043727357,0.04374228
92,0.08784775,0.022658588,0.04321559,0.05400449,0.063144274,0.06269068,0.07662479,0.028268142,0.07858399,0.037496652,0.06866037,0.113752805,0.035665475,0.053091794,0.08007858,0.09421603
93,0.08157315,0.042271774,0.07400749,0.039162606,0.05849738,0.06547955,0.071636595,0.059154302,0.06613787,0.047389757,0.06806307,0.06982478,0.052745383,0.06604603,0.079511456,0.0584988
94,0.06434826,0.051292796,0.09706953,0.057177734,0.058167666,0.032133568,0.04200907,0.060683522,0.059157927,0.033655226,0.07534111,0.1260252,0.030168014,0.09898036,0.054636344,0.059153657
95,0.06530123,0.065769285,0.07269073,0.0630644,0.113595955,0.037453186,0.05163571,0.08200731,0.08144633,0.05812784,0.08185881,0.03742251,0.035145327,0.035702992,0.047579717,0.07119871
96,0.089045025,0.05097391,0.06415936,0.087148495,0.11656246,0.05725084,0.06763653,0.050740644,0.051499262,0.040655136,0.050524086,0.057744026,0.028729828,0.04027996,0.057716,0.08933442
97,0.057481278,0.017915996,0.03379443,0.058793377,0.079052694,0.07418054,0.12962176,0.057783786,0.068444304,0.07512537,0.07564439,0.035939932,0.06679448,0.04978487,0.062158044,0.05748481
98,0.088657476,0.027996173,0.04257546,0.03658296,0.060377706,0.06150347,0.067594334,0.05333324,0.082165085,0.07754633,0.083032414,0.068083644,0.053408448,0.07550012,0.065828346,0.05581479
99,0.064568065,0.043281395,0.053462643,0.062166173,0.10261118,0.039531182,0.061203077,0.07459989,0.100975044,0.08466106,0.080240905,0.045255836,0.048600342,0.03374994,0.05602846,0.04906485
100,0.09656241,0.019625233,0.026004782,0.04021643,0.055628885,0.07576711,0.058398765,0.032441422,0.07481286,0.109150834,0.066587396,0.07196985,0.047771852,0.069977336,0.10170845,0.05337638
101,0.06970047,0.06321133,0.08707454,0.040579557,0.06536325,0.03316884,0.031079618,0.059403438,0.08404381,0.06844676,0.059704494,0.09740049,0.025944829,0.06122606,0.077955924,0.075696565
102,0.04021047,0.022672117,0.03068886,0.07922221,0.077386156,0.10456457,0.13736592,0.0318108,0.038347993,0.04417585,0.044306174,0.042696014,0.078942016,0.07951049,0.06695833,0.081142046
103,0.066352166,0.04045721,0.03676257,0.062291652,0.08411495,0.08693346,0.089246176,0.026122868,0.07921119,0.053976785,0.05408602,0.05711476,0.07747645,0.03988127,0.08995526,0.05601727
104,0.09785829,0.057836015,0.091655694,0.06222376,0.08529887,0.042836234,0.044967834,0.071282946,0.042744745,0.04141037,0.046691764,0.06391927,0.029382482,0.07956676,0.08786733,0.054457624
105,0.080441825,0.06157324,0.07645643,0.04803313,0.07503841,0.041601148,0.052404303,0.051967993,0.08117726,0.041030865,0.07277522,0.08054448,0.04172807,0.058133382,0.06164958,0.075444624
106,0.07070783,0.023055607,0.04168655,0.039108634,0.056163058,0.072864495,0.13529654,0.08557117,0.06158713,0.060982894,0.11144656,0.035868976,0.07235087,0.051853705,0.028260268,0.05319573
107,0.08711549,0.06417815,0.042858798,0.07249311,0.14119916,0.03306709,0.03172802,0.048547234,0.06091538,0.08515563,0.054433063,0.036250453,0.033565085,0.040312793,0.08241606,0.085764475
108,0.055688005,0.047871992,0.071892835,0.044139493,0.08617637,0.06584707,0.08396871,0.047820356,0.08724064,0.050363075,0.065688364,0.06938789,0.04838753,0.046188157,0.06614525,0.06319428
109,0.0520263,0.04096396,0.04551028,0.055805396,0.081051804,0.06351266,0.07483276,0.05497327,0.08506948,0.073956795,0.09388513,0.055569727,0.05111437,0.05975296,0.041826516,0.07014858
110,0.082085826,0.03388322,0.055971865,0.07813983,0.09452525,0.044523273,0.060214642,0.06955477,0.057592046,0.06023933,0.074014574,0.075794145,0.029374778,0.07241252,0.045124695,0.06654924
111,0.087101646,0.03311017,0.03427656,0.052042354,0.10700897,0.050874483,0.07732358,0.021519817,0.11437846,0.041588712,0.074513294,0.08113695,0.06425389,0.037529677,0.06811822,0.05522321
112,0.1013032,0.023637727,0.030243397,0.06694177,0.06513926,0.08978514,0.10921741,0.06503812,0.04648943,0.06790886,0.093600124,0.046184033,0.05240309,0.054463416,0.026674842,0.060970217
113,0.10922233,0.046072077,0.05914521,0.04873851,0.090558015,0.046734676,0.056751546,0.046766568,0.060701426,0.039579257,0.07539398,0.0655315,0.047884572,0.07723309,0.0661419,0.063545294
114,0.10111616,0.029388718,0.048393536,0.048060182,0.07027065,0.07643962,0.08936288,0.04305998,0.07754627,0.047317732,0.08464717,0.093159646,0.030057015,0.033792228,0.03426914,0.09311906
115,0.085853375,0.01866913,0.043989997,0.056071397,0.06724394,0.055562172,0.081877194,0.04469493,0.075614445,0.047122627,0.08061252,0.10239931,0.03296912,0.07100371,0.05971359,0.076602556
116,0.049418062,0.031756688,0.03329984,0.11591575,0.06534853,0.06658559,0.07914413,0.057518672,0.043485437,0.069561474,0.08133454,0.06860929,0.045808405,0.086534895,0.025041403,0.08063731
117,0.0593804,0.06945353,0.09562979,0.04219983,0.08061483,0.037502367,0.05643906,0.05534558,0.082178526,0.030974679,0.0636699,0.06223324,0.054128155,0.060402263,0.08129329,0.0685545
118,0.0737546,0.02028503,0.024339078,0.060768023,0.10546842,0.03234647,0.05823278,0.04659094,0.13709883,0.10371218,0.120799065,0.04516256,0.05300012,0.039843176,0.050760668,0.027838072
119,0.1291221,0.032192346,0.034555886,0.0673127,0.08119915,0.047572047,0.048936155,0.037507325,0.08093179,0.07514527,0.07266366,0.06145532,0.045916524,0.03948462,0.095788,0.05021715
120,0.072636805,0.015988244,0.030380875,0.04232949,0.042925026,0.08188517,0.085736245,0.035789784,0.029990532,0.054485667,0.03767227,0.04733558,0.090711415,0.14151545,0.1410848,0.049532663
121,0.08108295,0.030927397,0.052961353,0.058982898,0.07565633,0.048201296,0.08010428,0.071910866,0.12208352,0.047231328,0.14182025,0.057480127,0.027592482,0.020952336,0.022724532,0.060288038
122,0.09671164,0.050220937,0.062451225,0.06417263,0.1456948,0.034098927,0.05695027,0.07147238,0.06763773,0.054513175,0.069611095,0.04743406,0.026591415,0.035532933,0.03568804,0.08121876
123,0.07531894,0.042072337,0.045606356,0.08198532,0.08369995,0.060292926,0.063595966,0.053657725,0.06596077,0.061960816,0.083135955,0.055464834,0.048310082,0.05776043,0.0590778,0.062099814
124,0.10836244,0.021790825,0.03447409,0.0610466,0.08382437,0.044493437,0.06626481,0.08289824,0.05581391,0.105569266,0.071241915,0.03575595,0.05598687,0.064360246,0.070037685,0.038079377
125,0.05773425,0.037332144,0.047268078,0.048666745,0.08522606,0.082692474,0.09023264,0.04313935,0.07398907,0.068494126,0.06484201,0.07933587,0.052037116,0.06832987,0.047209408,0.053470805
126,0.04721728,0.04496852,0.051387627,0.074531876,0.12998778,0.060303483,0.11051425,0.0848529,0.04582238,0.05061281,0.06817124,0.017807668,0.058002364,0.033665773,0.029935027,0.092219055
127,0.0823384,0.013689794,0.02515699,0.10534576,0.082379155,0.04150262,0.061681498,0.07642095,0.05656037,0.11376571,0.090583086,0.05399711,0.02703713,0.07410675,0.041557588,0.053877085
128,0.0665057,0.076671146,0.05351266,0.090358496,0.09605008,0.0747331,0.07855532,0.038460016,0.04092799,0.043290127,0.0345265,0.04724947,0.08809187,0.0452508,0.07235521,0.053461522
129,0.0687029,0.015340187,0.023462383,0.117776,0.06591242,0.06159232,0.06557816,0.0588804,0.056619734,0.108367324,0.09594282,0.055102635,0.032829378,0.07971672,0.045376167,0.04880048
130,0.10634637,0.020932829,0.019616105,0.078555845,0.05889378,0.06183265,0.060772087,0.0725421,0.04258133,0.15394996,0.09241132,0.038625263,0.062099367,0.064770564,0.035705596,0.030364813
131,0.101160996,0.04791422,0.04589097,0.056890473,0.08909399,0.030745799,0.03128008,0.04777192,0.07796312,0.068621345,0.10703385,0.06858552,0.03601661,0.088667385,0.06722957,0.035134185
132,0.07021365,0.034234136,0.05761854,0.039861027,0.061864585,0.06548504,0.06335407,0.05642302,0.06498184,0.057891056,0.07527343,0.06720611,0.04239854,0.085609734,0.06777666,0.08980859
133,0.08705568,0.024719631,0.03077198,0.104769714,0.10478261,0.06941879,0.1040996,0.034333,0.051296387,0.05267757,0.056402087,0.06875371,0.05406541,0.048507154,0.05146748,0.056879178
134,0.06396359,0.050021965,0.055407356,0.05657911,0.120919555,0.04381095,0.06733432,0.047697466,0.10360175,0.048060913,0.078050345,0.050228853,0.038426515,0.026956609,0.048614163,0.10032654
135,0.07039753,0.049107373,0.06309422,0.052144725,0.07929608,0.05518477,0.0530923,0.08064377,0.07805743,0.08441341,0.07520762,0.04999036,0.0323107,0.040540308,0.0538899,0.08262948
136,0.08073404,0.020971537,0.033891525,0.044627022,0.06368581,0.047803845,0.06630679,0.050783556,0.08291096,0.095240444,0.07947832,0.072763145,0.06273392,0.082779564,0.07413006,0.041159403
137,0.09499234,0.04257664,0.034130987,0.07914731,0.07361803,0.0723697,0.05382606,0.027208671,0.043711707,0.056948263,0.052308038,0.084072925,0.04963495,0.08654725,0.07152545,0.0773817
138,0.0949559,0.069568135,0.051657844,0.061188668,0.09842899,0.057556946,0.05871887,0.03858482,0.104416065,0.04524215,0.08780262,0.052947495,0.043980677,0.018581687,0.042766977,0.07360214
139,0.06912341,0.061656732,0.04473415,0.110096015,0.117102176,0.037324023,0.035425518,0.057016846,0.052678857,0.085754,0.0546831,0.044028882,0.044273626,0.06407408,0.08418456,0.037844013
140,0.063835405,0.07487156,0.06848801,0.050935823,0.054148853,0.07968636,0.06711269,0.046895433,0.070680015,0.049040973,0.065360844,0.06006542,0.06432572,0.042188507,0.066303425,0.07606094
141,0.051446944,0.028866015,0.042298686,0.06257156,0.08289621,0.075587444,0.0998904,0.043480337,0.089418925,0.048616886,0.10171297,0.052092925,0.041541725,0.03897704,0.0435548,0.09704711
142,0.10436954,0.014112294,0.02166113,0.039834175,0.0640584,0.077655844,0.10048314,0.05057736,0.07534111,0.089029916,0.11413031,0.04839467,0.04670848,0.050685763,0.03395463,0.06900328
143,0.07560921,0.034583207,0.044951405,0.044015657,0.078297086,0.05450943,0.060441136,0.07860461,0.07398824,0.099101305,0.09282898,0.058986753,0.033391457,0.058542993,0.031243967,0.080904625
144,0.0746645,0.01926816,0.050970238,0.05796582,0.063647084,0.06201617,0.1143136,0.07473829,0.052770883,0.028575433,0.12993117,0.06125002,0.030984329,0.0642578,0.019139437,0.09550703
145,0.042927515,0.056152124,0.095427126,0.06685147,0.05989061,0.06924883,0.059876908,0.10461422,0.045254353,0.05349802,0.0726398,0.060590953,0.021075511,0.06992165,0.029308261,0.092722684
146,0.14551374,0.03053538,0.04825372,0.056267634,0.095386535,0.043878656,0.08044157,0.05825928,0.06617968,0.036993165,0.08184508,0.053821336,0.039091382,0.037822504,0.04445244,0.08125787
147,0.04897416,0.036132496,0.044537086,0.03797516,0.04584624,0.111448586,0.080076925,0.04057765,0.05869322,0.06861261,0.061622772,0.063611954,0.057935853,0.080204,0.07538182,0.08836943
148,0.061509255,0.021443993,0.02545547,0.092401624,0.06822258,0.050851747,0.06926436,0.059919048,0.06735624,0.10775993,0.09966725,0.055090193,0.06394052,0.080780275,0.04341938,0.032918144
149,0.057993963,0.06441482,0.0551156,0.0761101,0.11816294,0.048973516,0.067473374,0.049819406,0.062564604,0.045810174,0.060114592,0.034258585,0.07343569,0.043797996,0.07867629,0.06327835
150,0.10809127,0.07760846,0.042626683,0.060723443,0.13526374,0.052638188,0.09043483,0.033561606,0.046729445,0.021340424,0.057102665,0.02970854,0.07421359,0.027472427,0.02576165,0.11672306
151,0.07291796,0.047063004,0.05983864,0.09454501,0.09580781,0.044231042,0.046804186,0.098347396,0.051526744,0.069585286,0.07677004,0.043567482,0.017792625,0.035332102,0.029033454,0.116837226
152,0.070780374,0.01807425,0.041960817,0.065626144,0.06888605,0.07278248,0.13699996,0.038906794,0.0782977,0.03114652,0.09100297,0.10133159,0.027568072,0.03252379,0.026606565,0.09750595
153,0.10411548,0.025804682,0.017099647,0.09073556,0.09526092,0.04216504,0.05219079,0.05370277,0.052138228,0.15804029,0.075048454,0.053922113,0.058064546,0.06296271,0.030967668,0.027781093
154,0.07543246,0.057386845,0.065917246,0.06922551,0.093078315,0.059806064,0.0732756,0.03679127,0.040448368,0.028609341,0.0400544,0.073806226,0.056983724,0.080054216,0.07608252,0.07304787
155,0.1269404,0.01679775,0.02306774,0.06853965,0.06165077,0.025277212,0.032378513,0.10081518,0.058276806,0.12392051,0.17670758,0.036735628,0.025767202,0.06406357,0.025847666,0.033213813
156,0.03646518,0.015282668,0.02439963,0.089774735,0.12922998,0.05641414,0.14125827,0.05349892,0.05176723,0.10311646,0.046521485,0.031765874,0.061714172,0.0602978,0.05035937,0.048134115
157,0.053323578,0.111055225,0.07378942,0.07498792,0.08202794,0.03825216,0.0330653,0.051102575,0.080830574,0.04675125,0.084486894,0.045878828,0.03128818,0.029503442,0.0506617,0.11299499
158,0.05074678,0.055164274,0.03707515,0.090589374,0.075491555,0.06936731,0.05090894,0.036691908,0.04566055,0.07169432,0.06159234,0.055821344,0.057173435,0.09232571,0.06550668,0.08419036
159,0.08663402,0.056539837,0.07524134,0.06849617,0.11415687,0.026433775,0.041852877,0.06757483,0.08643088,0.056459736,0.084903896,0.09068221,0.021726735,0.040980875,0.031312883,0.050573062
160,0.03307304,0.01731367,0.065440714,0.022534467,0.038018692,0.11177003,0.12536466,0.08368877,0.062504776,0.03834777,0.093530215,0.02412714,0.040831733,0.04841357,0.059898645,0.13514209
161,0.11794272,0.017832706,0.038956493,0.051659793,0.0742951,0.07735594,0.07771789,0.05147083,0.034512796,0.05374615,0.05472744,0.052156802,0.03586369,0.09827737,0.07754538,0.08593891
162,0.05459926,0.04711035,0.06697153,0.061289113,0.10482337,0.056040466,0.081328146,0.0614634,0.06723514,0.052007753,0.04723466,0.039177157,0.047344953,0.035076432,0.08251524,0.095783025
163,0.122016944,0.0341869,0.032197963,0.031289477,0.06697563,0.045940608,0.047608033,0.043680817,0.09509043,0.09983009,0.08575699,0.06310064,0.06346497,0.05593157,0.06936372,0.043565214
164,0.08278744,0.045130026,0.069796525,0.03900974,0.078323334,0.06084183,0.08715054,0.05401467,0.101362795,0.040948894,0.09023517,0.057187926,0.04268712,0.026328951,0.04485486,0.07934016
165,0.056894626,0.058541223,0.0795378,0.037301127,0.049289107,0.085737444,0.08388258,0.040223055,0.07312197,0.025334017,0.0775584,0.081969835,0.047635693,0.049470127,0.038008127,0.115494825
166,0.038072336,0.06712197,0.08948084,0.06128183,0.11164671,0.06715313,0.085428454,0.07032483,0.060759027,0.04656602,0.041876864,0.028291285,0.035224754,0.024428597,0.055363398,0.11697995
167,0.09710151,0.03825343,0.038220767,0.03756903,0.05872512,0.054284688,0.05392452,0.042398173,0.08856746,0.0638197,0.11290052,0.05447178,0.06396129,0.06209141,0.068720825,0.06498975
168,0.08155224,0.07085642,0.057445426,0.028625494,0.061159212,0.057253223,0.04047997,0.049073506,0.111393355,0.09983123,0.06671845,0.057164546,0.052207816,0.03358731,0.0863243,0.046327543
169,0.04147462,0.019570151,0.022453433,0.084805556,0.10222909,0.08258753,0.1582738,0.045063138,0.053238202,0.08067903,0.059842195,0.029114297,0.090070866,0.05439646,0.04044277,0.03575884
170,0.08431079,0.0539556,0.052988958,0.07187586,0.14427464,0.02941157,0.034763474,0.09405315,0.06704404,0.1023395,0.06829778,0.026468411,0.024397975,0.030198634,0.056616645,0.059002977
171,0.08843405,0.054977376,0.06389685,0.056392338,0.076628394,0.06343676,0.06143516,0.061818555,0.059122633,0.04916868,0.06968237,0.046413112,0.05035919,0.057279307,0.078106076,0.06284915
172,0.06039071,0.043668706,0.067248814,0.029344631,0.045553062,0.09075624,0.08307057,0.06381058,0.07532927,0.05309367,0.084950246,0.04533114,0.06424672,0.05530013,0.06596967,0.07193584
173,0.057436723,0.02943817,0.05371894,0.07741157,0.07949053,0.053078055,0.07053158,0.096902944,0.07343933,0.07286369,0.100545265,0.06489899,0.020387925,0.044018317,0.02495881,0.08087915
174,0.12044034,0.048900425,0.03422065,0.079789795,0.09200477,0.032964442,0.034718964,0.03957561,0.05418457,0.08082905,0.058647703,0.08414354,0.04880412,0.07438182,0.069239356,0.047154825
175,0.08032057,0.033703636,0.047653813,0.06344905,0.05449299,0.09241461,0.07660752,0.08375297,0.05534686,0.07910309,0.09705216,0.0506926,0.035639334,0.058896136,0.035138775,0.055735927
176,0.039999906,0.07540276,0.066846885,0.108007304,0.14210635,0.047515955,0.058781534,0.079238825,0.033734206,0.07087371,0.031142069,0.030569145,0.03816685,0.05050053,0.049150687,0.07796329
177,0.058979064,0.026410425,0.024473669,0.09389773,0.16700108,0.054099735,0.09547589,0.043016862,0.08964055,0.081331745,0.06035176,0.023916664,0.064469196,0.018545207,0.05239437,0.04599602
178,0.1129635,0.019294789,0.023281375,0.07663091,0.087936856,0.046703707,0.0621651,0.041613877,0.045191165,0.08881137,0.07214003,0.06622081,0.049180806,0.10606942,0.05179509,0.050001185
179,0.03472516,0.056435984,0.064756,0.054280262,0.1380258,0.074089736,0.14353177,0.054727245,0.04560725,0.036404032,0.03903843,0.021839067,0.081253715,0.037254,0.041073557,0.07695795
180,0.10218688,0.036605846,0.07264225,0.03824494,0.066561885,0.05978046,0.08744655,0.051229134,0.08847326,0.028795714,0.09732258,0.06474021,0.041930106,0.03280965,0.052801643,0.0784289
181,0.081356764,0.038103793,0.05236576,0.03488331,0.06950234,0.05692154,0.06593788,0.06060501,0.095894754,0.0716179,0.09817672,0.056195974,0.049402654,0.05341126,0.05470103,0.06092329
182,0.123248,0.049219664,0.050600696,0.06561644,0.1209898,0.034426242,0.05020451,0.035467982,0.070226304,0.029373316,0.07685136,0.06538836,0.028184513,0.03868874,0.048142016,0.11337203
183,0.074799694,0.023421133,0.048379272,0.04143891,0.05602323,0.06606879,0.0674348,0.07271948,0.057331502,0.08464578,0.06917294,0.05137631,0.048675343,0.0905807,0.09643797,0.051494163
184,0.118769296,0.057020407,0.056866616,0.03206214,0.038855962,0.09267042,0.0455619,0.034788426,0.08494222,0.059465747,0.08538998,0.10272354,0.030142352,0.033686433,0.053829983,0.073224574
185,0.05183619,0.054650266,0.031213103,0.053931568,0.12036427,0.096086025,0.103844345,0.02214636,0.060386818,0.051829815,0.042661343,0.04334584,0.10133839,0.042244643,0.05877289,0.065348186
186,0.057244536,0.03750737,0.071327925,0.056204032,0.042799562,0.04885825,0.059571218,0.08622091,0.06917033,0.05184433,0.09315916,0.06601742,0.057970863,0.09116993,0.06480403,0.04613012
187,0.03360595,0.0552014,0.046095908,0.07313684,0.10856357,0.07963324,0.10668439,0.037414584,0.05061841,0.049986813,0.031045869,0.03147201,0.09792793,0.039973665,0.07921299,0.07942646
188,0.055705417,0.079389155,0.0546443,0.061449707,0.10592011,0.041610714,0.035690848,0.063049085,0.08588471,0.12235253,0.05705169,0.048062768,0.040462293,0.039071143,0.06260563,0.04704985
189,0.04833645,0.035663888,0.11422131,0.02933977,0.049725235,0.07236054,0.09047097,0.061978813,0.08587527,0.03425224,0.071253896,0.09958416,0.027780943,0.046158403,0.052783873,0.08021418
190,0.06511682,0.049462844,0.08502986,0.043626036,0.045181233,0.03657416,0.03069711,0.07199199,0.060447324,0.057605457,0.067973785,0.07201632,0.040493835,0.111964345,0.13326132,0.028557545
191,0.052547053,0.034143288,0.025749436,0.08251912,0.065102726,0.07475732,0.061050583,0.05631462,0.045043636,0.13115622,0.07682848,0.047995478,0.06114142,0.0937832,0.04209721,0.049770188
192,0.0929685,0.07184497,0.08515218,0.067181066,0.08498996,0.057492327,0.064154096,0.049931142,0.037986238,0.020869171,0.051721025,0.052714378,0.0429164,0.06451938,0.061494336,0.094064824
193,0.106380545,0.02650492,0.033437423,0.07394177,0.06881214,0.10531518,0.10536179,0.035514716,0.037688628,0.042229068,0.0570032,0.05390358,0.049318284,0.050521534,0.04852883,0.10553842
194,0.06587332,0.05808981,0.06853742,0.054994617,0.08691127,0.061171453,0.063920066,0.058605045,0.083256505,0.05984469,0.068292364,0.051337417,0.04169911,0.03887659,0.067068525,0.0715218
195,0.12478822,0.022882411,0.043755308,0.060783416,0.059180707,0.051306665,0.04010381,0.0726454,0.055794775,0.09484138,0.071781136,0.063013524,0.0246227,0.07165304,0.09420841,0.048639167
196,0.09902362,0.054095685,0.05308197,0.060312558,0.092526644,0.050213072,0.060330313,0.0640089,0.07061387,0.05869922,0.09218689,0.05072743,0.04528131,0.045539066,0.040711354,0.062648125
197,0.10084491,0.03951335,0.05763996,0.05923697,0.09379199,0.052090686,0.07470525,0.04727764,0.07535402,0.030558094,0.11041155,0.07584003,0.030805215,0.048808698,0.028714111,0.074407525
198,0.12650229,0.03958462,0.056658555,0.06342629,0.1450926,0.031558957,0.055337597,0.044728443,0.09265658,0.03383358,0.094653904,0.057325214,0.02640153,0.030653268,0.050303582,0.051282953
199,0.0640266,0.06146611,0.048862685,0.09688602,0.07740728,0.05071747,0.05529632,0.04617082,0.059740882,0.05491974,0.07303387,0.10085661,0.048416626,0.07339508,0.033491265,0.055312674
200,0.06331895,0.03980467,0.054835793,0.095004536,0.08873522,0.06427643,0.10691133,0.0628139,0.03810725,0.03686403,0.06589375,0.05777961,0.050150957,0.076380104,0.027713532,0.07140997
201,0.14323492,0.05538327,0.049797356,0.06624571,0.07536985,0.029660568,0.0263929,0.036483396,0.06327564,0.04862951,0.07801963,0.12712899,0.026107749,0.07930457,0.05459796,0.040367957
202,0.08445716,0.08004845,0.0587154,0.08602068,0.1658427,0.024524836,0.038889457,0.049239043,0.09203855,0.040028665,0.08989937,0.045460273,0.033496693,0.027139178,0.039732087,0.044467483
203,0.10915003,0.021951595,0.044420768,0.054312926,0.05991928,0.051936407,0.101577945,0.07157023,0.07028179,0.0395866,0.12002387,0.046201635,0.06560999,0.050996546,0.040485535,0.05197488
204,0.046676263,0.042553905,0.057614952,0.04497182,0.067893736,0.103012115,0.10761962,0.023552129,0.07048529,0.031694617,0.046397675,0.09906354,0.055817608,0.047131732,0.06839437,0.087120585
205,0.071753375,0.01038489,0.020327166,0.03933235,0.052128408,0.12703183,0.13166918,0.04787888,0.038666233,0.12171755,0.046553597,0.03849133,0.056568544,0.078001715,0.070698,0.048796967
206,0.1160981,0.06999404,0.026842726,0.08919108,0.20389885,0.031805906,0.027610315,0.0368128,0.05366884,0.10074522,0.047924083,0.03136234,0.033328548,0.025940685,0.051779803,0.052996676
207,0.0974451,0.054138053,0.054750744,0.051301498,0.08967029,0.058711294,0.076547764,0.045571953,0.07215137,0.04317036,0.07933396,0.063538715,0.057163596,0.047232658,0.044121776,0.06515086
208,0.073102124,0.067910634,0.052489545,0.05363001,0.090488456,0.06057327,0.06622722,0.032782845,0.06780877,0.035001833,0.06408916,0.057754803,0.065077804,0.053308636,0.061910793,0.0978441
209,0.04325472,0.013465474,0.0312561,0.04958937,0.07067206,0.09555543,0.16042173,0.092651784,0.034681458,0.08102698,0.07281104,0.027607687,0.04243497,0.091887005,0.023537613,0.06914658
210,0.0547857,0.07157989,0.04786405,0.06902235,0.17277545,0.04816003,0.080265574,0.05103055,0.08700988,0.03942697,0.09649131,0.022869186,0.04631487,0.015708096,0.021324983,0.07537109
211,0.089097075,0.03510801,0.052117243,0.04796022,0.07883897,0.05716547,0.09030068,0.056475047,0.09529155,0.040851474,0.11264312,0.060011964,0.042091634,0.03169316,0.03003195,0.08032243
212,0.11502561,0.031202033,0.054670017,0.038103968,0.04505286,0.030214662,0.028193725,0.06949879,0.086510904,0.08451528,0.100228466,0.091059156,0.028481128,0.079986684,0.08435974,0.03289699
213,0.058114853,0.061830282,0.07078061,0.032043908,0.058772046,0.065231405,0.063865125,0.07112887,0.12530443,0.08162754,0.08183709,0.059350763,0.04723732,0.024948053,0.04056928,0.05735841
