,HS,VA3,VA1,FI2,FI1,IM1,IM2,VA2,AV2,PE2,AV1,AV3,IM4,BA,PE1,IM3
0,0.03554776,0.026849976,0.0290294,0.049595077,0.09044516,0.15529162,0.12399283,0.022889746,0.04060155,0.09967222,0.04435429,0.07625655,0.05300334,0.021921135,0.05992514,0.070624195
1,0.08495211,0.03806987,0.02591903,0.051935527,0.09588784,0.05447066,0.0679647,0.035896327,0.058220755,0.10629994,0.09989544,0.06780416,0.058335576,0.04470725,0.04655716,0.06308363
2,0.08338701,0.0519533,0.03989139,0.06425265,0.14875141,0.04991774,0.067556836,0.037239376,0.06301861,0.079329334,0.09796951,0.04127696,0.043270063,0.014607043,0.032834515,0.08474427
3,0.08690032,0.054706026,0.053671513,0.046077013,0.074850835,0.05749634,0.059963267,0.042658824,0.071232654,0.049258117,0.10282242,0.074130036,0.05285876,0.03909575,0.04110396,0.09317417
4,0.12365979,0.059280973,0.06330538,0.07961782,0.14821257,0.04169005,0.06498766,0.03442927,0.05844051,0.048995703,0.05520487,0.0333038,0.039458882,0.015549775,0.0827051,0.051157866
5,0.070136584,0.048889328,0.05717294,0.03833427,0.078831255,0.07450107,0.07181217,0.04301196,0.053041816,0.06551769,0.09483274,0.041253347,0.061104205,0.035715465,0.05988876,0.10595644
6,0.0802769,0.02127988,0.020673443,0.077995464,0.073770076,0.07512403,0.08009147,0.019105053,0.08088719,0.054427456,0.058610845,0.1226193,0.036393262,0.046355467,0.09345243,0.058937747
7,0.09667369,0.082953095,0.06545011,0.056596234,0.14639561,0.04352023,0.041480172,0.021948336,0.044637058,0.03964598,0.089553416,0.06563897,0.033139814,0.020467753,0.062860906,0.08903863
8,0.06834841,0.0448342,0.03178813,0.054778192,0.0749014,0.09729152,0.07733203,0.018769443,0.08312824,0.049970675,0.10560175,0.066715926,0.074260116,0.025245205,0.06023486,0.06679983
9,0.03785393,0.038197454,0.032741785,0.054487873,0.07902095,0.05506127,0.084693104,0.041539345,0.051437657,0.07336497,0.12823646,0.04415682,0.07782074,0.091823876,0.029287472,0.08027636
10,0.09373205,0.033670984,0.044460822,0.07796657,0.07918775,0.054440364,0.09017604,0.07775545,0.049321186,0.04257768,0.05910651,0.06382177,0.057847917,0.06738783,0.027752986,0.08079413
11,0.0752408,0.06057964,0.07694646,0.046308924,0.0819765,0.07081692,0.056317303,0.04154156,0.040335223,0.055292066,0.084025405,0.07311354,0.03990579,0.040766213,0.05606027,0.10077337
12,0.06536579,0.052018557,0.04740554,0.048313558,0.06682184,0.08277898,0.06180762,0.03847604,0.06930451,0.08612607,0.101052605,0.0546288,0.04872172,0.031202273,0.061490517,0.08448557
13,0.083405256,0.031195214,0.019209987,0.06888649,0.12074539,0.04267374,0.06830116,0.024094762,0.042501044,0.08730066,0.061921943,0.066974625,0.04950266,0.088450015,0.10660312,0.038233932
14,0.058593255,0.028682351,0.027579391,0.12943117,0.16711847,0.04809847,0.0865314,0.027055534,0.048419148,0.054101955,0.08380478,0.08024651,0.03170817,0.034207385,0.0312999,0.06312212
15,0.039661918,0.0319614,0.053741444,0.08149866,0.083079904,0.08952379,0.11267442,0.039328296,0.06063256,0.037854463,0.063219234,0.07049081,0.050794795,0.029541934,0.04443256,0.111563794
16,0.025572347,0.04092497,0.08299575,0.046744157,0.055695917,0.09567947,0.073299654,0.12316885,0.022416517,0.11164548,0.030131072,0.043333557,0.031763833,0.058209214,0.050337315,0.108081885
17,0.037482858,0.039758544,0.025169706,0.09203496,0.14684461,0.060235526,0.077043824,0.028461048,0.032909933,0.11525443,0.05491161,0.033994433,0.05392773,0.053619877,0.09323909,0.055111814
18,0.084126584,0.038799558,0.03918465,0.06936734,0.08601877,0.06761729,0.07770974,0.034158044,0.07088127,0.07716868,0.083482444,0.044224102,0.0500104,0.028890157,0.09341607,0.05494487
19,0.04130887,0.04877593,0.052827496,0.080347665,0.12048612,0.04811276,0.06858631,0.05524272,0.04477118,0.081815846,0.08656138,0.03855737,0.044631515,0.038026925,0.045770075,0.10417787
20,0.055295676,0.050102383,0.03887595,0.08924178,0.14776628,0.054521263,0.06538746,0.028829878,0.038302112,0.08507073,0.08617707,0.050306577,0.04228499,0.04353839,0.062931865,0.06136756
21,0.08734899,0.0576119,0.0629046,0.05359906,0.10159909,0.084532075,0.07864389,0.036984157,0.037866008,0.028240405,0.047303896,0.07242278,0.06787741,0.054870266,0.047157507,0.081038006
22,0.07741129,0.047678143,0.022788277,0.087465465,0.1236591,0.03063094,0.055633377,0.027435185,0.09063509,0.08102268,0.11739099,0.05470839,0.059592832,0.03283472,0.05630703,0.03480656
23,0.0777051,0.06885394,0.056893576,0.04395899,0.081998795,0.06566205,0.05985151,0.033902247,0.05315259,0.050647482,0.1104802,0.057893272,0.069248326,0.05699494,0.051880214,0.060876716
24,0.08488723,0.090698205,0.07656246,0.058505345,0.16124956,0.035679735,0.04612714,0.022640197,0.049555015,0.03693791,0.10403993,0.051510483,0.033715446,0.021614986,0.061718315,0.06455803
25,0.047887634,0.05188362,0.057427358,0.035240095,0.050783675,0.08411705,0.08222244,0.04185587,0.08288041,0.04763664,0.113475345,0.05538219,0.09197181,0.040952746,0.040992353,0.07529082
26,0.055417806,0.04683576,0.0437535,0.08743022,0.09733235,0.06716963,0.06608147,0.04305164,0.062792666,0.07392363,0.09647741,0.06803879,0.038335603,0.02818949,0.0350234,0.09014666
27,0.06560447,0.07619789,0.04993276,0.07120741,0.13561529,0.046153467,0.06480446,0.058662787,0.03752892,0.096652605,0.052285995,0.033129852,0.06543105,0.03967603,0.049590036,0.057526972
28,0.060185622,0.06839498,0.093033075,0.022283874,0.050580967,0.09811237,0.062021982,0.043444004,0.04995459,0.061300337,0.06491477,0.043139715,0.07494319,0.028262092,0.094012044,0.08541638
29,0.070379175,0.049391154,0.052813504,0.07014299,0.11894188,0.06024598,0.068041,0.049276028,0.031538974,0.0975863,0.053453177,0.040650483,0.03850981,0.044542175,0.08216115,0.07232624
30,0.10079705,0.07526662,0.06394442,0.049304087,0.10162117,0.069972165,0.07106253,0.036032822,0.046367317,0.036855474,0.05930691,0.048885066,0.08196405,0.045373574,0.056479935,0.05676682
31,0.046917733,0.057062756,0.05754823,0.10637226,0.13125072,0.057484124,0.07386755,0.055024445,0.04347797,0.062768735,0.06504477,0.047279637,0.039106514,0.028656503,0.03146498,0.09667304
32,0.073294826,0.03306718,0.06094418,0.041947957,0.045522023,0.07956632,0.052899543,0.071162075,0.044383958,0.051445518,0.065995395,0.10882386,0.025602905,0.050010543,0.02831652,0.16701722
33,0.040159475,0.089938335,0.050615046,0.06369092,0.08803246,0.054636147,0.0511775,0.037203353,0.05361126,0.08667233,0.115241885,0.045785654,0.07176005,0.052469645,0.055156548,0.043849394
34,0.07699879,0.07111638,0.045500677,0.07239932,0.13202354,0.04067647,0.0709888,0.062027518,0.058632147,0.10863233,0.06502383,0.028033188,0.06783492,0.022766585,0.040304903,0.037040535
35,0.052422058,0.098920494,0.043115914,0.055650577,0.10362807,0.07880434,0.037779875,0.020122701,0.026817828,0.09023299,0.055441033,0.053480748,0.043928728,0.052844424,0.12210026,0.064710006
36,0.040954664,0.029880388,0.02889298,0.063179545,0.1889034,0.07959074,0.10791249,0.022386832,0.036771514,0.061347246,0.08896872,0.031296488,0.047201026,0.013317916,0.02094953,0.13844654
37,0.07358464,0.07371485,0.0490265,0.048148733,0.09751425,0.09108073,0.061062336,0.02652215,0.046590596,0.07332227,0.061375905,0.05941254,0.064905755,0.028476717,0.07623444,0.069027565
38,0.0763449,0.042946722,0.038410135,0.07021386,0.09296861,0.038338117,0.054412007,0.051658977,0.080480486,0.11533318,0.09100691,0.032758046,0.040987067,0.030254632,0.09293922,0.05094713
39,0.07863444,0.02532994,0.02533602,0.07455485,0.0716576,0.08609507,0.077534825,0.03181397,0.062006414,0.0818812,0.05365585,0.1084691,0.036732014,0.050383866,0.06603695,0.06987781
40,0.031361286,0.038652975,0.032501873,0.07117493,0.13195151,0.10218892,0.08649904,0.023498172,0.025621116,0.10366777,0.05156227,0.043285083,0.045102555,0.041647766,0.09091132,0.080373414
41,0.031070113,0.023146411,0.03073603,0.03574226,0.042687047,0.14246027,0.07556893,0.029982418,0.06591892,0.078942,0.09744874,0.089490734,0.037673924,0.022322467,0.03261016,0.16419959
42,0.094268836,0.09318191,0.044950917,0.06743898,0.09509941,0.035168577,0.03817654,0.028942337,0.07514015,0.060169727,0.11183202,0.060720295,0.05181771,0.042247098,0.06522594,0.035619587
43,0.080725364,0.04657351,0.042646598,0.102113806,0.0775702,0.025179783,0.04058143,0.040900964,0.07999167,0.033629987,0.08739475,0.10999968,0.032135595,0.09613246,0.057924043,0.046500187
44,0.06430256,0.06933724,0.062358182,0.056960862,0.13874973,0.058400113,0.06425004,0.03104899,0.036066424,0.071375065,0.08813995,0.034630697,0.055707593,0.035024427,0.076313876,0.057334274
45,0.05916821,0.04438834,0.04846689,0.067499526,0.11704654,0.07820782,0.07668201,0.036082394,0.038422298,0.06584234,0.06634528,0.06854869,0.03868419,0.030832082,0.048515975,0.11526734
46,0.036641784,0.085058264,0.05892809,0.06052807,0.15525115,0.05849466,0.0731824,0.035459775,0.032184605,0.053060044,0.061362516,0.03019707,0.079735525,0.035296712,0.046956506,0.097662844
47,0.101798005,0.048980583,0.03197962,0.062044352,0.11975471,0.04338013,0.069733106,0.024694666,0.07066133,0.04946682,0.08477173,0.04962012,0.07282292,0.044501852,0.07668177,0.049108297
48,0.068270855,0.07908779,0.051902328,0.069005266,0.16274725,0.05219978,0.06337001,0.037207346,0.042091917,0.053141486,0.07138645,0.048960533,0.05564476,0.028086836,0.030720092,0.08617739
49,0.06878432,0.05697448,0.035866696,0.08783963,0.1139605,0.04732542,0.050111283,0.021420093,0.064835876,0.05914237,0.09091019,0.086113565,0.042793382,0.036792178,0.076432444,0.060697597
50,0.08362662,0.08426803,0.037185274,0.07412953,0.14404266,0.035460517,0.04366829,0.022271222,0.047883812,0.070436604,0.08549837,0.056686368,0.057254747,0.043702736,0.08042883,0.033456385
51,0.06538103,0.067853555,0.04109606,0.06882993,0.09674155,0.034682516,0.047837306,0.034305334,0.08004869,0.06487474,0.14992285,0.07073289,0.05055544,0.039424513,0.036860246,0.05085334
52,0.041794747,0.049770277,0.045347434,0.079097696,0.13178064,0.06222409,0.0879978,0.035320137,0.030249476,0.062456463,0.06379606,0.04727531,0.05857721,0.07755295,0.06267919,0.06408053
53,0.10148857,0.019863738,0.025599996,0.0373758,0.07872731,0.08292176,0.10405734,0.028547697,0.053396028,0.041334856,0.066440456,0.077133894,0.061851006,0.060855348,0.056843836,0.10356232
54,0.069508456,0.049084153,0.046919774,0.037451778,0.08590901,0.06445926,0.07155558,0.047195744,0.04653124,0.10903338,0.10977316,0.031652555,0.074786745,0.031968255,0.048930842,0.07524008
55,0.07767641,0.03536983,0.055493012,0.06990086,0.08179171,0.0982048,0.09387171,0.040113095,0.05602775,0.053186666,0.04883037,0.052682962,0.044008393,0.02284789,0.07448858,0.095506005
56,0.034430865,0.036050204,0.044607226,0.08179399,0.08954594,0.08074799,0.07777207,0.03995173,0.041911498,0.088068515,0.06162549,0.05572353,0.040014107,0.039387207,0.0881398,0.1002298
57,0.046161875,0.029981866,0.018293433,0.08257716,0.14250268,0.054781217,0.083553314,0.010331377,0.08076512,0.04110573,0.14841923,0.038040105,0.066509575,0.030566966,0.06932666,0.05708371
58,0.090242244,0.08167706,0.04641855,0.06607974,0.15063144,0.05080634,0.056343045,0.03938183,0.04039534,0.06623778,0.07688042,0.03815006,0.06385368,0.03565329,0.039289895,0.057959277
59,0.08202225,0.07789032,0.047061127,0.031007783,0.072818846,0.04777893,0.047341485,0.044804726,0.045056414,0.11813438,0.08633759,0.030662173,0.079675265,0.05447619,0.088983,0.0459495
60,0.070951775,0.03775929,0.055006776,0.07099197,0.111452185,0.05431376,0.083283216,0.05201766,0.034707133,0.05849895,0.056837764,0.055475634,0.043216545,0.06661538,0.07000441,0.07886759
61,0.051370367,0.08159929,0.06852421,0.09696698,0.09805439,0.030612534,0.035899088,0.050013695,0.04558641,0.07072982,0.06436891,0.08968213,0.027619205,0.06939119,0.07694855,0.042633187
62,0.029366113,0.08249747,0.0665321,0.082878835,0.10038087,0.039132524,0.035323855,0.0424632,0.041857254,0.08869211,0.08921125,0.05766617,0.02493397,0.05395786,0.074281394,0.090825014
63,0.063501894,0.095739044,0.11145248,0.07472081,0.17701073,0.028847953,0.04246087,0.07103221,0.030081546,0.07941421,0.060628552,0.023836076,0.02588672,0.016295774,0.041034635,0.058056522
64,0.06609464,0.085899234,0.060622472,0.057729494,0.13772243,0.044171903,0.063719325,0.022062918,0.07242448,0.036022212,0.120614566,0.046039313,0.067340046,0.020500368,0.048807293,0.05022934
65,0.043884862,0.047283128,0.032024708,0.05804028,0.14873724,0.08393348,0.07084125,0.0109845055,0.0484518,0.036036275,0.12201481,0.08805416,0.05034952,0.022624927,0.032450806,0.10428823
66,0.066874266,0.050162118,0.037630428,0.06579408,0.06675287,0.025534928,0.034738857,0.03161965,0.106203355,0.035818756,0.13296208,0.13862444,0.033984095,0.08566777,0.047870804,0.039761484
67,0.066016994,0.036405716,0.037007466,0.065230936,0.09585879,0.068137966,0.07842649,0.027111234,0.05983846,0.04702949,0.123434074,0.052550167,0.055650815,0.04887867,0.05175014,0.086672604
68,0.08957512,0.022378989,0.023295252,0.042511787,0.10381951,0.107100986,0.11567036,0.01969132,0.03607681,0.05512162,0.045209438,0.044946555,0.071662776,0.039934624,0.10278747,0.08021737
69,0.090308554,0.08529701,0.031191036,0.07468357,0.11496055,0.023094485,0.02774934,0.03073988,0.06056298,0.08977833,0.1451874,0.06549422,0.03727277,0.049815476,0.03787229,0.035992097
70,0.062675595,0.042317238,0.05617253,0.054337244,0.09410194,0.0467771,0.060720723,0.043030728,0.052130222,0.05597425,0.11273152,0.051949482,0.040949322,0.053793643,0.057765644,0.11457282
71,0.027948333,0.021586621,0.010861349,0.12122046,0.15779354,0.064039975,0.10922722,0.019090159,0.051509093,0.10034158,0.08705457,0.03204371,0.07426205,0.03753259,0.036132332,0.0493564
72,0.06425286,0.03133587,0.02924352,0.07601372,0.08732772,0.044863004,0.05914143,0.046831448,0.061286587,0.101108514,0.087860525,0.07168605,0.036720324,0.05420144,0.061878,0.086249
73,0.05596702,0.07161818,0.08539342,0.07490671,0.06697925,0.051976528,0.045307864,0.06392744,0.055107538,0.05908018,0.095336616,0.090100765,0.028605225,0.04936306,0.037908044,0.068422146
74,0.079407185,0.084533505,0.058261096,0.09387478,0.18631673,0.01763858,0.034866214,0.05299228,0.040598504,0.092960395,0.07577083,0.0338937,0.028628299,0.030239737,0.054384124,0.035634052
75,0.04272005,0.06914701,0.06107996,0.108224116,0.12061298,0.0395943,0.04684357,0.05543079,0.039641798,0.09110225,0.07339137,0.055177737,0.027778143,0.051096123,0.053906098,0.0642537
76,0.064320326,0.059433073,0.08550411,0.029223373,0.061662953,0.104089715,0.07744467,0.040566746,0.058978226,0.043688565,0.06891335,0.052847803,0.06893689,0.020770634,0.055352133,0.108267464
77,0.03220139,0.02996814,0.045428753,0.09422639,0.15580456,0.09194165,0.108107306,0.021575905,0.034004014,0.03645577,0.065994866,0.06386772,0.03232735,0.020567013,0.038657058,0.12887216
78,0.097238205,0.037215665,0.023416951,0.03246352,0.07839826,0.054661017,0.07788316,0.02100832,0.05711044,0.054473992,0.08228611,0.038147748,0.11691304,0.07896737,0.10524336,0.04457283
79,0.124935456,0.025203047,0.031484198,0.036782425,0.10888288,0.079793505,0.09586575,0.023671329,0.04447654,0.03698206,0.071409255,0.06419953,0.055076327,0.03661385,0.051986482,0.11263742
80,0.09140166,0.040497836,0.064439036,0.04629116,0.12438551,0.056725208,0.094421625,0.065910324,0.036174115,0.07331734,0.052360374,0.037933733,0.0486989,0.028933495,0.048954975,0.0895547
81,0.10912136,0.07084706,0.048727278,0.04685883,0.14734522,0.07523648,0.06401692,0.025142854,0.037410527,0.041980725,0.07176583,0.03360749,0.06276691,0.02872214,0.049476728,0.086973645
82,0.11247012,0.044575572,0.06254024,0.07936213,0.11690369,0.03434105,0.058462042,0.0704055,0.04213677,0.051715348,0.06639776,0.07302543,0.031389523,0.044865478,0.03771336,0.07369602
83,0.036046542,0.035272732,0.032117944,0.05956389,0.08947811,0.09675109,0.085231364,0.024168694,0.06657821,0.084718786,0.11113388,0.042406965,0.057939317,0.023363784,0.06423154,0.09099718
84,0.08011141,0.06315371,0.06761711,0.05842488,0.10565122,0.04261676,0.060381133,0.05697797,0.055143636,0.072305605,0.08712848,0.05496456,0.045801554,0.033868227,0.04965731,0.06619645
85,0.108447105,0.0692158,0.02334594,0.06028093,0.16854507,0.04072457,0.043338224,0.017015675,0.042732578,0.092782654,0.07912604,0.04665777,0.05601256,0.033676628,0.07800394,0.040094484
86,0.048359413,0.0718785,0.042092565,0.05947807,0.21785612,0.042720314,0.05937521,0.020030307,0.035958994,0.0647049,0.11778941,0.045093615,0.059169378,0.026430374,0.033232965,0.055829808
87,0.060432743,0.0547433,0.04977275,0.036351193,0.093757905,0.051981773,0.065309756,0.024316965,0.05670698,0.046372835,0.12416389,0.06514093,0.0750168,0.0489524,0.06321695,0.08376285
88,0.055179674,0.050136328,0.057424095,0.04388557,0.085673064,0.069326684,0.084430814,0.029853456,0.048073143,0.04315247,0.09356969,0.041110095,0.08398414,0.05912018,0.0826796,0.072400995
89,0.03320219,0.019519975,0.04088968,0.08383248,0.10830128,0.054874405,0.11026504,0.038617518,0.042274386,0.039787844,0.098833464,0.0810836,0.028735371,0.061288666,0.029595152,0.12889893
90,0.06406748,0.061330885,0.058101248,0.063257374,0.13371028,0.059807632,0.077545494,0.02955612,0.051937163,0.054599363,0.08085558,0.053297877,0.055659566,0.024305431,0.058933895,0.07303459
91,0.074138515,0.037890162,0.03855099,0.054857794,0.0789308,0.06070135,0.060905546,0.03274477,0.05348003,0.058509205,0.12545663,0.07420873,0.04565074,0.06558749,0.04656118,0.0918261
92,0.10902232,0.025532385,0.039111383,0.09118583,0.15071666,0.040615838,0.10778713,0.03495204,0.05539913,0.026777416,0.06998001,0.067153566,0.043749332,0.037147142,0.033279646,0.06759024
93,0.06595959,0.061405867,0.039856877,0.06107323,0.104949065,0.04480642,0.05918944,0.040685743,0.056491625,0.086256675,0.09263158,0.038295195,0.066929005,0.054798055,0.069626264,0.05704539
94,0.051258016,0.0348164,0.025877357,0.08554554,0.12858766,0.069065206,0.073346384,0.029007891,0.03719009,0.108852126,0.06824408,0.039234847,0.045997858,0.049399626,0.07826159,0.075315386
95,0.04695295,0.020688785,0.043188836,0.024522537,0.07109291,0.12281551,0.120434426,0.019898042,0.047439173,0.034461677,0.09645865,0.04641977,0.06459341,0.031383906,0.065281354,0.14436807
96,0.044759367,0.038645856,0.024300339,0.06184736,0.082846306,0.0481139,0.06982917,0.035576615,0.061185345,0.10402414,0.09047944,0.050621137,0.06562566,0.091887675,0.07927638,0.050981272
97,0.08289241,0.06257677,0.07135389,0.065322064,0.1411154,0.043351095,0.07393195,0.08714294,0.02951497,0.084207445,0.04224978,0.025599578,0.05349772,0.034764603,0.04957357,0.052905828
98,0.09719744,0.05213483,0.039463054,0.060642663,0.09245061,0.050073516,0.050214555,0.021019446,0.09118638,0.028174674,0.13730131,0.092781864,0.040496875,0.025527442,0.031007871,0.09032748
99,0.083578505,0.07530653,0.043481555,0.032730415,0.07744029,0.06838825,0.05009528,0.023208668,0.056068763,0.06810987,0.10081551,0.04801729,0.083173715,0.042279407,0.089967646,0.057338297
100,0.09041616,0.062444825,0.047167435,0.08008067,0.11753091,0.046177473,0.05558969,0.043086097,0.05872768,0.04826398,0.12008377,0.05973606,0.047204107,0.032917168,0.02261596,0.06795805
101,0.07979274,0.025693258,0.030146247,0.035693977,0.06799415,0.07577419,0.07827369,0.020782175,0.07529673,0.024843859,0.12433795,0.09189098,0.051190834,0.050949205,0.031643327,0.13569666
102,0.060879853,0.05852346,0.053144813,0.07499681,0.14423183,0.04624321,0.073466346,0.03734784,0.03924182,0.06256943,0.07295376,0.027926186,0.06503448,0.0476512,0.08145187,0.054337114
103,0.0997914,0.09110433,0.06641569,0.03160444,0.05629152,0.027866201,0.03755792,0.096241266,0.04485335,0.08436429,0.057258546,0.03797375,0.0708175,0.1063188,0.058913913,0.032627102
104,0.055762827,0.09189441,0.07478576,0.050307587,0.083497256,0.08150422,0.04595003,0.044045746,0.039859578,0.08799926,0.06745714,0.08301579,0.03692467,0.026034458,0.04164906,0.089312226
105,0.0827956,0.034927662,0.020756064,0.07597161,0.10689034,0.054837387,0.068036295,0.016616033,0.059034582,0.04672646,0.082615376,0.07727138,0.062772214,0.07524159,0.08757767,0.047929782
106,0.08644413,0.04917034,0.03707922,0.102859676,0.12206403,0.050036464,0.0672185,0.03257248,0.07529373,0.0435447,0.109148644,0.066308685,0.048529606,0.022707706,0.026271142,0.060750943
107,0.08497209,0.12995899,0.042807598,0.05721003,0.16223918,0.025009556,0.030506918,0.027106805,0.061056715,0.06692096,0.14309718,0.026740229,0.057670396,0.018668288,0.033326205,0.03270888
108,0.08723261,0.03501609,0.03405887,0.08084139,0.1518424,0.050870016,0.10585181,0.04035293,0.04683816,0.052531347,0.065746784,0.03538673,0.06429348,0.049524307,0.043863818,0.055749256
109,0.06643104,0.05839832,0.044261623,0.072216496,0.11803921,0.08340359,0.06752356,0.022351125,0.045952875,0.06680416,0.07363638,0.06411596,0.04829373,0.030245565,0.076434635,0.061891805
110,0.09904323,0.030968497,0.038129847,0.057699453,0.11088544,0.054579694,0.079355225,0.038418762,0.067293204,0.06046013,0.09721314,0.045021594,0.04510413,0.019919468,0.050421268,0.1054869
111,0.09251308,0.04424115,0.056315254,0.054339055,0.07446624,0.063576594,0.07014326,0.03892736,0.054649603,0.044623554,0.07736925,0.06866577,0.050092947,0.06337637,0.07775188,0.06894868
112,0.046851594,0.070617415,0.04813731,0.088115156,0.15618815,0.060776275,0.0507317,0.02125892,0.044078317,0.07557357,0.09612683,0.049317118,0.033685025,0.019775124,0.06258773,0.076179795
113,0.076326646,0.090478085,0.07762513,0.040906753,0.09306572,0.027828904,0.033196446,0.046131004,0.034482364,0.046347048,0.13017534,0.080638,0.04399271,0.08648228,0.025721105,0.06660247
114,0.034244496,0.05225617,0.046376422,0.12773444,0.14792304,0.038500313,0.061418433,0.055499595,0.04499635,0.10968959,0.07767195,0.040282294,0.026915649,0.041287053,0.043783028,0.05142117
115,0.051239844,0.034717187,0.0809957,0.06456194,0.07574025,0.064840056,0.10582892,0.08254587,0.028385377,0.04021294,0.03458813,0.050441604,0.04900162,0.09625927,0.06843623,0.07220502
116,0.046091516,0.055030074,0.042555902,0.120060466,0.11107526,0.03673072,0.041686673,0.043665793,0.047853854,0.10143327,0.096209675,0.088169545,0.023557218,0.046035826,0.045182467,0.054661725
117,0.04049838,0.07367585,0.059167225,0.10695702,0.095443755,0.05033016,0.045627628,0.036106844,0.048254848,0.06648973,0.058537077,0.06661297,0.0331706,0.056428473,0.109954506,0.05274496
118,0.12535344,0.042738874,0.048552077,0.102770306,0.1726652,0.068382174,0.06651767,0.027902069,0.024574256,0.053367544,0.022292858,0.03972875,0.027142307,0.020592751,0.11097914,0.046440545
119,0.06502023,0.05348049,0.0833387,0.09719056,0.104015194,0.050483763,0.056178927,0.056626264,0.055341423,0.049635675,0.07562274,0.059801728,0.023621494,0.02121453,0.04267176,0.10575656
120,0.02719363,0.046047296,0.048608318,0.06740347,0.06410519,0.06263343,0.03966673,0.020530323,0.05500749,0.03317285,0.18936254,0.13893935,0.02447006,0.06491313,0.02447372,0.09347251
121,0.06196541,0.057979763,0.060310293,0.051059444,0.10297192,0.09369162,0.05613646,0.018630018,0.045345735,0.057085577,0.10119039,0.074456014,0.03218553,0.020301327,0.07223555,0.09445497
122,0.05158761,0.024688562,0.029317534,0.102283634,0.115045905,0.0630971,0.102318846,0.024596125,0.06557096,0.031922594,0.08887627,0.0529573,0.056166798,0.038973436,0.049192876,0.1034044
123,0.09649081,0.021007644,0.022591174,0.062228005,0.09889218,0.06918916,0.105704814,0.047592107,0.05751027,0.08624631,0.07684718,0.049227014,0.04884405,0.03727053,0.032624703,0.087734066
124,0.10007284,0.04277702,0.058331873,0.04491563,0.08882809,0.06984393,0.08100674,0.04462904,0.04521552,0.0611839,0.05728832,0.08106116,0.05533411,0.032462854,0.06402977,0.07301919
125,0.0874567,0.02544652,0.028439378,0.12437364,0.13723248,0.037926186,0.069461495,0.039971557,0.0680081,0.062771715,0.08636282,0.07197875,0.025365194,0.023097446,0.035835914,0.07627211
126,0.028712077,0.079883896,0.07006842,0.09469092,0.14119352,0.0637291,0.0562887,0.03269719,0.03304131,0.05492036,0.088830166,0.06627134,0.03118127,0.032258403,0.031856984,0.09437635
127,0.096771635,0.019454567,0.023742368,0.0479898,0.08301247,0.077795096,0.10205954,0.026862444,0.07377463,0.036918327,0.09893435,0.05626421,0.055597752,0.038486823,0.04055145,0.12178447
128,0.09969791,0.045338184,0.038714495,0.06811132,0.14235693,0.055727065,0.084476076,0.037571132,0.043918606,0.06983596,0.060000185,0.032844592,0.064718336,0.029304197,0.06469915,0.06268588
129,0.039983425,0.045336585,0.03811703,0.08462173,0.17240469,0.052093565,0.07085843,0.034464125,0.03714415,0.13170119,0.09410292,0.037152153,0.039599594,0.021250738,0.04175015,0.059419528
130,0.06252026,0.10257555,0.056104083,0.059269745,0.14841987,0.04466935,0.041878927,0.017811911,0.04499642,0.042326063,0.14363874,0.074207656,0.05120693,0.026780337,0.035771254,0.04782288
131,0.079272725,0.034466255,0.045544643,0.062101215,0.1338691,0.051620472,0.10132476,0.06112774,0.03327224,0.06467975,0.05866097,0.03635559,0.05833419,0.052065205,0.04127534,0.086029805
132,0.042815622,0.06958621,0.066203736,0.051343605,0.045557067,0.068850964,0.042063553,0.038399726,0.066825554,0.042030904,0.084882915,0.12879732,0.04107057,0.069564514,0.051772863,0.090234876
133,0.07207498,0.050348494,0.052427787,0.11553969,0.15318213,0.053390115,0.058384333,0.039223418,0.037907925,0.078168735,0.048937958,0.044024248,0.024166137,0.027341286,0.074273385,0.070609346
134,0.051769864,0.0447576,0.07258896,0.055180434,0.054901704,0.04865508,0.05428071,0.051969692,0.067965634,0.04504813,0.12559241,0.084746756,0.038934164,0.060584888,0.054745954,0.088278025
135,0.07602065,0.099711575,0.05777717,0.045175727,0.09148678,0.038387153,0.044554655,0.043831468,0.047571186,0.080345064,0.08727798,0.055227417,0.07427915,0.0537641,0.061474215,0.04311567
136,0.065859355,0.044136588,0.04284424,0.05724214,0.10370324,0.051931847,0.06630173,0.043282825,0.039422657,0.07311451,0.100352205,0.07338627,0.048773993,0.06528706,0.035186574,0.08917478
137,0.06557286,0.05977437,0.031420466,0.06324104,0.113866724,0.047139864,0.05124561,0.023183135,0.04569304,0.0777485,0.08956998,0.08219325,0.054110426,0.070456624,0.074974634,0.04980943
138,0.038395416,0.102398455,0.088149905,0.045475055,0.09036807,0.050780967,0.05294797,0.048096884,0.051057756,0.10759362,0.10634584,0.024113812,0.051987212,0.023755884,0.075711235,0.042821914
139,0.049578313,0.045162827,0.074963175,0.06536568,0.13801047,0.07451027,0.11223793,0.03975646,0.043571267,0.040987354,0.06697989,0.0309877,0.053557903,0.017546045,0.047306042,0.0994787
140,0.070491105,0.05598117,0.050608426,0.075154714,0.10017984,0.04847775,0.057724595,0.055633266,0.048325595,0.1077862,0.06494349,0.051734194,0.039001267,0.048469227,0.07318843,0.052300725
141,0.037660137,0.05061846,0.04899765,0.062296648,0.07807059,0.09958344,0.05690821,0.025070949,0.044256184,0.06844736,0.06319234,0.099132,0.03029175,0.034606718,0.08017947,0.12068808
142,0.07421262,0.07554104,0.04428968,0.04404308,0.0912577,0.030770293,0.036287274,0.034900483,0.0669643,0.076630235,0.17301969,0.05044655,0.05489387,0.043975115,0.042225614,0.060542475
143,0.05180573,0.06480517,0.047994297,0.06807835,0.11190969,0.059637275,0.07136321,0.031771284,0.040076885,0.048967555,0.07985022,0.06715768,0.06335104,0.07602271,0.049931865,0.0672771
144,0.04328598,0.056516945,0.103455745,0.042374175,0.04315394,0.07303971,0.048910026,0.044009577,0.059347082,0.028550684,0.06786545,0.109118186,0.03330069,0.06866592,0.06731183,0.111094095
145,0.057087954,0.042313974,0.055330634,0.11645443,0.104732476,0.043109175,0.06643876,0.08115094,0.03240438,0.09286641,0.044432085,0.043814797,0.03220513,0.06787992,0.07506525,0.044713665
146,0.07719111,0.039851207,0.041217048,0.082035735,0.11391132,0.071594104,0.100670755,0.04016355,0.04926038,0.058340505,0.046986204,0.03635896,0.063574076,0.048609,0.07857832,0.051657725
147,0.08180075,0.042477578,0.038929597,0.024643859,0.054979738,0.12661351,0.076433145,0.018719181,0.082719386,0.032966044,0.11943039,0.050719127,0.08648298,0.020660952,0.04318263,0.099241115
148,0.08469831,0.060293455,0.05767251,0.07406417,0.08069386,0.085141696,0.05616346,0.036810543,0.049827293,0.051308587,0.066675395,0.09461439,0.03829373,0.045410663,0.050469488,0.06786246
149,0.11475646,0.053620532,0.035372954,0.043887198,0.10448923,0.04070893,0.06262172,0.041392926,0.054273617,0.08141801,0.08576781,0.07357979,0.06998672,0.046090376,0.043002617,0.04903114
150,0.053965557,0.053796556,0.052778143,0.042863935,0.067882024,0.1134767,0.07302763,0.025640955,0.048469346,0.062601395,0.056279283,0.06303333,0.0627827,0.035417374,0.110013865,0.07797122
151,0.08990013,0.043605153,0.037159164,0.07955849,0.11485859,0.0664399,0.07410401,0.02318888,0.04903108,0.036243074,0.0505448,0.09870092,0.05651767,0.06410998,0.070060395,0.045977812
152,0.076971285,0.05901001,0.059266523,0.08197019,0.11539549,0.08051235,0.08076693,0.03269959,0.061514016,0.04129975,0.07071239,0.042818565,0.051827382,0.020365858,0.051389355,0.07348033
153,0.0869461,0.05301532,0.07488481,0.061591174,0.11493369,0.058883023,0.068793274,0.031004863,0.03717218,0.021722307,0.043946166,0.08789739,0.040830832,0.06290252,0.06797472,0.08750164
154,0.103151895,0.07076933,0.062196765,0.03351063,0.056162316,0.06991442,0.04556693,0.031521637,0.08346599,0.07890335,0.07429462,0.06345939,0.04263294,0.02162272,0.10388887,0.058938175
155,0.09856763,0.04175398,0.051029276,0.060876418,0.14799456,0.04453033,0.058412094,0.04120805,0.028432151,0.0829689,0.050954025,0.037937865,0.029260544,0.03303999,0.09627093,0.096763276
156,0.093268275,0.043679077,0.03277993,0.07235769,0.14544064,0.06593585,0.091123015,0.026236394,0.05151881,0.07220813,0.056557044,0.027852356,0.071296975,0.023467466,0.08499204,0.041286234
157,0.123346485,0.024362208,0.031080188,0.029899025,0.08862995,0.09153784,0.10914811,0.020126957,0.05276518,0.02487853,0.054641377,0.05686133,0.07724396,0.037390485,0.06785459,0.11023378
158,0.05617997,0.076376475,0.06878974,0.07927769,0.082614504,0.031014336,0.03902934,0.046075564,0.08353583,0.040631186,0.11183833,0.09282348,0.036392268,0.046682775,0.04166044,0.067078054
159,0.06867277,0.0233983,0.03357796,0.07351589,0.06261355,0.059211124,0.08526824,0.0510764,0.06815081,0.061705183,0.063838,0.06393059,0.04373768,0.07394355,0.08435407,0.08300588
160,0.1021179,0.07668666,0.017962333,0.0568193,0.153176,0.029247968,0.041611012,0.024229286,0.06054144,0.11777956,0.100703485,0.03368474,0.086992204,0.028878734,0.041206658,0.028362745
161,0.102493174,0.0650074,0.04547009,0.05447802,0.07852841,0.03782678,0.042584207,0.045666274,0.058864072,0.06839936,0.06827167,0.118034996,0.044727027,0.08241406,0.052486658,0.034747805
162,0.06867403,0.068731844,0.05644462,0.037727375,0.09938235,0.07974065,0.07081893,0.041185405,0.03730422,0.07121586,0.09389827,0.039726492,0.08057073,0.03992754,0.037075657,0.077576034
163,0.04957639,0.045633405,0.05560069,0.07775197,0.13581033,0.07257724,0.10235254,0.04040004,0.034838315,0.040036634,0.052897703,0.037867036,0.060100902,0.0418863,0.049235966,0.10343454
164,0.077613965,0.07536218,0.06535896,0.039500035,0.09626871,0.05855589,0.054027718,0.04624635,0.037287224,0.08064627,0.08052776,0.048342306,0.056128044,0.05354886,0.058781683,0.07180401
165,0.038893674,0.05859853,0.06381307,0.07277084,0.089539014,0.0845545,0.0849691,0.039462093,0.050972182,0.06458894,0.07299649,0.047847953,0.060353577,0.0324339,0.06906942,0.06913672
166,0.12403522,0.058148753,0.033758733,0.040034648,0.07426832,0.07222018,0.048640627,0.021618059,0.08346298,0.04215068,0.116380185,0.08515201,0.05728978,0.019637072,0.03266488,0.09053787
167,0.09587628,0.04870027,0.065927684,0.0479024,0.068294026,0.058690786,0.06473658,0.06644991,0.07119142,0.065278195,0.0844539,0.058145046,0.04773234,0.023922121,0.041819006,0.09088001
168,0.06433646,0.06115743,0.07198852,0.02986683,0.06890563,0.07053893,0.06173623,0.029765591,0.049162865,0.029044107,0.1165992,0.075629294,0.07319374,0.04957223,0.036238994,0.11226394
169,0.045771454,0.05520073,0.037241116,0.050868746,0.119237624,0.06357521,0.07985836,0.022451624,0.049136847,0.07007707,0.106992275,0.078671925,0.0707452,0.05146076,0.04951529,0.0491958
170,0.04814531,0.07793054,0.062115986,0.08456114,0.1183764,0.060405463,0.057435587,0.030508162,0.047279518,0.06003553,0.08188346,0.06838382,0.044128492,0.03465553,0.062307555,0.061847474
171,0.07793249,0.03883426,0.032114346,0.04597065,0.078747205,0.09150225,0.06904521,0.026108777,0.052659314,0.044081483,0.07955122,0.09774211,0.05467516,0.054034296,0.03921553,0.117785715
172,0.043045413,0.049554627,0.05135782,0.036748525,0.0505908,0.07693771,0.04803213,0.031961266,0.069301836,0.051151652,0.12874301,0.1024896,0.036729515,0.05193889,0.042696506,0.12872069
173,0.066448905,0.073025286,0.08766263,0.060975198,0.08127862,0.075641334,0.07211662,0.043167677,0.06560794,0.05191334,0.06909708,0.03488894,0.058860004,0.02088313,0.08390655,0.0545267
174,0.09998056,0.03071543,0.029426195,0.100058764,0.11440921,0.040747166,0.06107183,0.03868408,0.036509003,0.056963544,0.046694662,0.054991275,0.031237694,0.09939807,0.093757294,0.06535519
175,0.0513947,0.09075701,0.069958426,0.048444603,0.11928407,0.05573633,0.06065455,0.038831737,0.046059787,0.053070057,0.12770522,0.03929993,0.06889432,0.027556181,0.025470994,0.07688206
176,0.030774295,0.07451405,0.068309896,0.09063869,0.09010618,0.05968095,0.059180845,0.040071294,0.048901904,0.066865616,0.07225352,0.049324274,0.043824077,0.049000528,0.09335798,0.06319589
177,0.044701364,0.098558046,0.08364117,0.049241006,0.12089052,0.06059578,0.054913785,0.03816725,0.040809207,0.048832934,0.09610207,0.04255727,0.055292625,0.024921963,0.032923803,0.107851215
178,0.06730231,0.037327237,0.031104134,0.076043464,0.14018978,0.056852434,0.072648086,0.025346711,0.055036888,0.053539637,0.11872617,0.057103664,0.045956686,0.030340174,0.03177398,0.100708656
179,0.0406902,0.02555643,0.021311803,0.06362576,0.098324955,0.1165727,0.10098203,0.014002611,0.04713574,0.052871723,0.07557535,0.09350773,0.05757005,0.035564233,0.061544683,0.095164
180,0.08872584,0.016350402,0.02719964,0.10052077,0.11673507,0.055155996,0.10668447,0.025158623,0.07511722,0.022649102,0.078185625,0.07367321,0.03203867,0.034301776,0.037305146,0.110198446
181,0.079541415,0.027926913,0.027035585,0.033391852,0.06829339,0.07454354,0.08225442,0.027317723,0.06254303,0.047797192,0.121313356,0.075698085,0.07360969,0.06529308,0.036045738,0.097395025
182,0.07518483,0.025209593,0.023035794,0.07255028,0.13147978,0.06961042,0.09163018,0.03761364,0.031978663,0.10101309,0.05748084,0.05092488,0.04449378,0.055242896,0.051752944,0.08079841
183,0.0706139,0.040659618,0.032250967,0.0799283,0.09056603,0.051465977,0.06787976,0.03989199,0.054052945,0.079455264,0.08731734,0.059291642,0.053128775,0.07490465,0.06293201,0.055660848
184,0.07756407,0.045707833,0.06300823,0.04609653,0.113147296,0.051573735,0.072988264,0.031353235,0.08152894,0.035254363,0.13342114,0.037929744,0.043156836,0.010317547,0.03947116,0.117481045
185,0.101117976,0.028776264,0.04356453,0.063398026,0.11507472,0.04389368,0.096929036,0.05526054,0.07110968,0.04816082,0.06804636,0.048862934,0.0525112,0.022310698,0.042814028,0.098169535
186,0.048079956,0.04941156,0.027920598,0.076261505,0.116401106,0.0644655,0.06553202,0.021514548,0.052851498,0.09450995,0.1156447,0.049504157,0.05820078,0.043270677,0.065153986,0.0512775
187,0.05268131,0.034190863,0.04443237,0.024734033,0.031053036,0.11919898,0.06754819,0.032173317,0.06262217,0.060203135,0.07083336,0.09385258,0.06507798,0.08276868,0.09983268,0.058797274
188,0.054324314,0.030106539,0.04004264,0.1390659,0.15889697,0.04253396,0.06540737,0.042780403,0.047427148,0.07007595,0.082651556,0.0491351,0.018867662,0.021044232,0.03498398,0.10265627
189,0.044646356,0.028316423,0.033615276,0.10101709,0.14578134,0.068095215,0.09936824,0.033768117,0.04917255,0.06383676,0.079834916,0.05576841,0.032452736,0.024457363,0.031180182,0.108689
190,0.085677564,0.07826247,0.051263362,0.06961477,0.08301457,0.030705186,0.036588635,0.042578388,0.0673866,0.06156491,0.086999886,0.06489272,0.041071177,0.07459582,0.07849962,0.047284335
191,0.061981868,0.061399516,0.072390504,0.10082012,0.14695166,0.05572002,0.06987123,0.033425994,0.04929216,0.03930567,0.0739536,0.051185235,0.034157947,0.022866957,0.04995813,0.07671935
192,0.04640986,0.0585836,0.058671366,0.07335391,0.12976612,0.054873083,0.074147604,0.035508048,0.04026204,0.054590274,0.07899658,0.052667905,0.050341476,0.05031876,0.059016407,0.08249296
193,0.09484192,0.022498488,0.022415182,0.0630762,0.09535765,0.074027576,0.09197805,0.03117934,0.05443561,0.047799807,0.07641986,0.081002586,0.052042574,0.046125233,0.03563618,0.11116376
194,0.04783846,0.036941398,0.047520667,0.07485517,0.09920598,0.091315724,0.082188495,0.04575936,0.031733777,0.0851104,0.052401047,0.07858487,0.035304558,0.04653898,0.05723274,0.087468356
195,0.05520761,0.039591093,0.04629224,0.047168404,0.06049486,0.07892024,0.063345656,0.051579654,0.05440928,0.07538463,0.06501374,0.09709648,0.0374275,0.06648783,0.05409059,0.10749016
196,0.08119168,0.026450077,0.040875997,0.045247797,0.09113268,0.07445546,0.09592754,0.041388404,0.05716321,0.048535496,0.105534725,0.043792468,0.050375473,0.023570716,0.029956132,0.14440218
197,0.053758454,0.07111766,0.043060478,0.061583545,0.081622444,0.054090995,0.06421053,0.047083,0.06518572,0.07564848,0.11228919,0.043734517,0.079737045,0.053093147,0.03911693,0.05466787
198,0.07096005,0.045042854,0.03797361,0.07205904,0.11677843,0.067375325,0.07815165,0.02771686,0.05323355,0.06573684,0.08191671,0.05459718,0.0538062,0.041235406,0.07035019,0.06306606
199,0.066079535,0.051320493,0.046367362,0.07924161,0.11114786,0.06187469,0.07806393,0.03843185,0.072911814,0.08346964,0.07407611,0.04009171,0.049763013,0.021595404,0.06940609,0.05615888
200,0.044560235,0.051736325,0.04863742,0.049630117,0.07410092,0.04568552,0.06387978,0.06921978,0.053539556,0.10317274,0.10257677,0.042964067,0.059042826,0.07063347,0.042560697,0.07805979
201,0.047869597,0.103384264,0.08269333,0.04045129,0.09023885,0.07100844,0.051784206,0.020506233,0.03749275,0.045347232,0.08440385,0.050644886,0.062823154,0.04926284,0.109241374,0.052847695
202,0.10294717,0.062396716,0.04240905,0.0706198,0.21937259,0.042979795,0.07320496,0.036056682,0.027135288,0.04950777,0.055683266,0.021757537,0.060446445,0.041923556,0.04006135,0.053498004
203,0.12606736,0.08959758,0.06172122,0.018609075,0.043959375,0.04829677,0.037004605,0.029483676,0.07915769,0.03536391,0.10124879,0.061522502,0.08841122,0.059864532,0.073151805,0.04653989
204,0.094307385,0.033365663,0.029458726,0.056684773,0.1400063,0.056385454,0.09744965,0.0414119,0.038894165,0.09869772,0.06481396,0.040354967,0.0638778,0.04144794,0.051365126,0.05147848
205,0.12382651,0.065420784,0.05148488,0.042208333,0.112514816,0.04700093,0.068027146,0.054953452,0.04100505,0.059466064,0.06772798,0.040598277,0.0835794,0.047158837,0.038937703,0.056089822
206,0.07484454,0.0753526,0.05003811,0.052090403,0.11869218,0.045264345,0.052463274,0.028916314,0.05101022,0.0717577,0.11736127,0.059475165,0.053994942,0.03640874,0.05532076,0.057009522
207,0.058101263,0.07432451,0.06260998,0.06797432,0.084738195,0.043972492,0.059794586,0.06859979,0.03707728,0.08119645,0.045664396,0.037360344,0.06265167,0.085678674,0.090264075,0.039992
208,0.08110285,0.051182766,0.069065236,0.043689568,0.06473187,0.070699684,0.06394061,0.036496695,0.05748391,0.040778283,0.08169315,0.059658974,0.050852418,0.053066682,0.08924595,0.08631132
209,0.09071056,0.06706862,0.100868784,0.02153304,0.049192786,0.092335425,0.058762055,0.03307911,0.06446507,0.03265113,0.07011536,0.046605047,0.0749662,0.024068689,0.090350784,0.08322736
210,0.09736692,0.05330524,0.048689786,0.04808542,0.053369015,0.063933335,0.04424238,0.03607449,0.076218426,0.045030802,0.09571049,0.111482084,0.038692806,0.06141301,0.050327256,0.07605859
211,0.06017108,0.047742393,0.079397626,0.09101512,0.11449837,0.054185648,0.06677407,0.08927255,0.03066088,0.073845394,0.04208909,0.054910798,0.025782501,0.029403156,0.03773573,0.10251561
212,0.037788797,0.08140092,0.08337573,0.07443725,0.07687911,0.094387464,0.07138829,0.04378691,0.052687272,0.049460534,0.07665074,0.059570063,0.057358574,0.029034175,0.04266004,0.06913417
213,0.04796481,0.06881199,0.041002885,0.061872795,0.16809635,0.04744493,0.06974998,0.036762834,0.032647274,0.10113446,0.07579168,0.03597015,0.07111906,0.04207042,0.04509358,0.054466803
