,HS,VA3,VA1,FI2,FI1,IM1,IM2,VA2,AV2,PE2,AV1,AV3,IM4,BA,PE1,IM3
0,0.069684714,0.068805955,0.052891433,0.065114714,0.097750455,0.058476064,0.060003284,0.04856172,0.042558163,0.06864808,0.052187428,0.05360863,0.05489709,0.05379175,0.051403504,0.101617
1,0.110461734,0.040893145,0.042331934,0.04505181,0.054927062,0.0788012,0.057578206,0.033425782,0.061030697,0.06915358,0.07108604,0.07366442,0.041297536,0.04670131,0.052426714,0.12116879
2,0.08988456,0.050087545,0.04164933,0.061190605,0.07161003,0.06660653,0.049901366,0.0440677,0.055829983,0.08611589,0.072828315,0.05855084,0.043474883,0.06569599,0.058019865,0.084486604
3,0.13108258,0.032396495,0.025316576,0.040647227,0.10214614,0.059513867,0.060028423,0.02064147,0.053207103,0.028521277,0.10637143,0.06398924,0.03453312,0.05876938,0.028896727,0.15393895
4,0.08916322,0.022590967,0.028571067,0.099820256,0.07757723,0.07663216,0.085326314,0.042773355,0.064360626,0.062209386,0.08115342,0.05111664,0.03648758,0.056953177,0.046522226,0.07874234
5,0.06669886,0.07570696,0.05823128,0.06637659,0.091207124,0.080113,0.06582574,0.024927294,0.080834396,0.03783704,0.048029438,0.08333558,0.045166492,0.029098764,0.064177155,0.082434274
6,0.08904339,0.039387736,0.028583154,0.08672657,0.11507461,0.056215566,0.056740034,0.030024394,0.051687162,0.060503263,0.058219034,0.072978064,0.033368353,0.076167464,0.059302505,0.085978724
7,0.16321124,0.15360875,0.11065563,0.029412476,0.12963812,0.021741139,0.018177684,0.04265656,0.037501816,0.044547666,0.05197406,0.037197307,0.02198794,0.03774963,0.036388423,0.06355152
8,0.057592917,0.06370905,0.044486318,0.08517506,0.16739227,0.04459423,0.059826452,0.028534472,0.040805776,0.032412525,0.057172652,0.1058569,0.026197014,0.052512344,0.024209104,0.1095229
9,0.059746698,0.075739875,0.03899066,0.06023026,0.11344715,0.057765484,0.058952753,0.025724046,0.045722157,0.03249791,0.06289632,0.10879818,0.052372303,0.06580292,0.031845096,0.10946814
10,0.105366796,0.03779317,0.049866598,0.048665836,0.089628905,0.042610418,0.06511564,0.0665632,0.040236596,0.042168494,0.113646604,0.06695122,0.030599356,0.057410974,0.014671435,0.12870474
11,0.067101024,0.074544184,0.0585252,0.085393995,0.10379433,0.03485649,0.039222553,0.09636129,0.030135483,0.09349606,0.051062454,0.033133164,0.042993616,0.083354674,0.045377016,0.060648482
12,0.08687702,0.12877892,0.050243568,0.039016113,0.12191557,0.046188116,0.034881055,0.024430752,0.03260694,0.0411445,0.039741244,0.053540606,0.059485346,0.072878756,0.06988598,0.09838551
13,0.11552918,0.054661065,0.087371685,0.022911718,0.032216363,0.08603802,0.054007452,0.041840583,0.09212598,0.048343077,0.08885419,0.035557717,0.06130753,0.029842615,0.07048581,0.078907035
14,0.08615458,0.093734145,0.06067868,0.041001692,0.074023835,0.04676159,0.032889143,0.039907455,0.058912966,0.05196448,0.060003515,0.08732373,0.03723109,0.09406916,0.06562211,0.069721825
15,0.10757599,0.08261536,0.07293793,0.029031197,0.058299005,0.06519967,0.04240361,0.04537804,0.051495444,0.06585639,0.073416,0.043264657,0.050844964,0.045397166,0.052771404,0.11351321
16,0.11139024,0.033720735,0.028941767,0.08374467,0.06687043,0.090556055,0.07282734,0.02056864,0.103978716,0.04093349,0.06526592,0.083202995,0.050617617,0.027758548,0.05651648,0.063106395
17,0.07440156,0.023217594,0.03583408,0.08968112,0.08127555,0.04332762,0.066601105,0.094453834,0.045483436,0.12012374,0.08071455,0.042367052,0.029545559,0.07020902,0.033233963,0.06953015
18,0.06260059,0.039798014,0.027503991,0.080891706,0.15421839,0.028808868,0.07160913,0.035693094,0.07666836,0.027918452,0.12355715,0.06455362,0.052932303,0.06750126,0.01914473,0.066600315
19,0.05733332,0.10242236,0.059521835,0.056294575,0.08052496,0.08383036,0.04351828,0.038361844,0.032068755,0.11515188,0.036485147,0.02777078,0.05068648,0.019691668,0.055259425,0.14107831
20,0.09882306,0.09039998,0.05456007,0.032807298,0.13230592,0.021878941,0.02487432,0.033466324,0.05949231,0.058816254,0.079320215,0.068799295,0.027215974,0.08511659,0.05152368,0.08059973
21,0.100892045,0.07217241,0.0493191,0.07209509,0.11547569,0.050072715,0.049519386,0.047150705,0.051260483,0.06678119,0.07098948,0.047824368,0.043172736,0.03998964,0.036596525,0.08668844
22,0.07574678,0.057104584,0.059190422,0.04942873,0.114538275,0.03520366,0.06138709,0.04723355,0.055673238,0.034161482,0.102731675,0.06804312,0.03786021,0.06561233,0.023498429,0.11258642
23,0.108379275,0.07099428,0.046133835,0.067055576,0.119915105,0.039875682,0.038103405,0.04356271,0.051540166,0.059061315,0.0742892,0.07148082,0.027643183,0.067006335,0.037812974,0.07714614
24,0.1160833,0.021545643,0.035459053,0.026768612,0.046714023,0.07872541,0.08612863,0.025741918,0.058180932,0.02261834,0.087251924,0.098127276,0.042094264,0.09794287,0.040515438,0.116102375
25,0.080694996,0.08167357,0.056412563,0.050990965,0.08988267,0.05892205,0.04638071,0.045758273,0.042392787,0.072378986,0.054043025,0.05426312,0.044671,0.06487319,0.056253612,0.1004085
26,0.057201236,0.02981018,0.045151547,0.035503525,0.062496573,0.08255014,0.11056843,0.029329704,0.05602616,0.029289698,0.069043495,0.108757235,0.049229946,0.06552681,0.035708796,0.13380653
27,0.06290334,0.021085331,0.030032938,0.10632679,0.11735797,0.028341563,0.08222419,0.07284755,0.07184995,0.05716933,0.13398202,0.0639166,0.024778476,0.053804588,0.01530318,0.058076162
28,0.106226884,0.038850434,0.026195696,0.09942087,0.11211648,0.055268496,0.07287256,0.03905104,0.04823409,0.03836635,0.105421476,0.04489537,0.056150097,0.047395438,0.020780874,0.08875391
29,0.04732569,0.016072216,0.029001882,0.09844848,0.07078301,0.043278266,0.102192044,0.10116086,0.07209689,0.11305032,0.08869794,0.037671555,0.047578275,0.053300608,0.034895808,0.04444614
30,0.036826063,0.05640817,0.07279122,0.08807204,0.06560692,0.0641594,0.079252556,0.07136265,0.05897488,0.08006605,0.047321957,0.05680594,0.05156033,0.04492268,0.05736926,0.06849983
31,0.0750781,0.047496315,0.044707194,0.07091934,0.08778405,0.05327111,0.07500896,0.053914573,0.06269502,0.04162393,0.10712769,0.0765845,0.044584032,0.0534011,0.021931881,0.08387218
32,0.05544157,0.07687145,0.056765452,0.049940664,0.0820739,0.064114034,0.04757547,0.03599256,0.07271045,0.08632356,0.054172847,0.08968235,0.032530773,0.05440392,0.0670285,0.07437247
33,0.12885766,0.051204722,0.037430257,0.049904317,0.14461197,0.03273252,0.043095637,0.023749372,0.06553507,0.021670349,0.10690255,0.07991412,0.023946593,0.07396852,0.026593952,0.08988235
34,0.044513743,0.042054772,0.030653277,0.06249839,0.091201074,0.07371815,0.1106297,0.0276385,0.058039278,0.028157143,0.12527786,0.064456,0.040403746,0.027533771,0.009715202,0.16350935
35,0.03608806,0.037875477,0.06787515,0.04493581,0.066324994,0.080716744,0.10158935,0.047740657,0.04718509,0.076107614,0.040495075,0.075793914,0.032128673,0.05668853,0.05458477,0.13387005
36,0.09007028,0.06055822,0.069702365,0.039398804,0.049809575,0.0680631,0.048580308,0.058501307,0.0846029,0.09456692,0.08580351,0.04737473,0.04282175,0.03664017,0.049459696,0.074046366
37,0.11600414,0.05464959,0.05413185,0.04214841,0.07751001,0.040358353,0.044298276,0.076226756,0.04763,0.091676414,0.09399202,0.035578992,0.053592335,0.05287196,0.03482321,0.084507726
38,0.09357432,0.07649044,0.0316554,0.06814479,0.12206308,0.053542804,0.045069154,0.016709147,0.062015664,0.033001516,0.044094995,0.10923037,0.053327482,0.05746473,0.06502187,0.06859428
39,0.08670092,0.036759656,0.041815553,0.07166252,0.11022898,0.043381393,0.059008524,0.054595906,0.050437123,0.058679033,0.09488246,0.05233221,0.024644619,0.09069553,0.033299685,0.090875894
40,0.091890775,0.05776733,0.02946652,0.11376023,0.17259513,0.036473453,0.05041038,0.027694574,0.058364403,0.026970169,0.10937697,0.07657854,0.027954072,0.036865886,0.013445631,0.07038591
41,0.09451854,0.055732112,0.06251826,0.033661842,0.054118294,0.081148826,0.064291604,0.032262195,0.08431145,0.047413107,0.078556865,0.06204757,0.056579467,0.037216887,0.061351854,0.09427112
42,0.08105297,0.048597142,0.05030152,0.046598043,0.072813876,0.07138697,0.06986525,0.04185487,0.030722594,0.044973616,0.045688123,0.058570344,0.06564387,0.08299017,0.06010634,0.1288343
43,0.088425435,0.09583967,0.07144064,0.045245737,0.07209744,0.05644071,0.03993272,0.04359397,0.0722368,0.055834983,0.07021428,0.0547737,0.037378896,0.055496737,0.05973647,0.081311814
44,0.041906342,0.066563524,0.04906897,0.052807737,0.109312154,0.07126578,0.08073178,0.025162036,0.03089034,0.036732387,0.033455834,0.0735245,0.052765217,0.07040489,0.052488405,0.15292014
45,0.07201912,0.059022743,0.056925785,0.069800176,0.121861875,0.049350888,0.074582614,0.04361399,0.05658629,0.03719805,0.077057965,0.09078667,0.032906372,0.038395368,0.021132164,0.09875993
46,0.107568525,0.0676724,0.05745567,0.049396172,0.09578171,0.06821835,0.06179281,0.029012226,0.069939025,0.042658966,0.06556878,0.062109813,0.044057768,0.031077072,0.047793735,0.099896945
47,0.08129241,0.0358115,0.057978977,0.06971046,0.0964728,0.05804652,0.09000213,0.085253984,0.024260327,0.079703584,0.046995755,0.021142766,0.063657165,0.04490817,0.043849003,0.100914426
48,0.08089184,0.03140675,0.041274447,0.039795455,0.09063715,0.07251466,0.111191176,0.034029003,0.026144996,0.026426397,0.056330185,0.053966343,0.06596672,0.07303274,0.028743029,0.1676491
49,0.036048368,0.06299328,0.048663836,0.099098355,0.097499244,0.062966846,0.08885751,0.044558834,0.06250959,0.04695024,0.0697232,0.08004904,0.046817888,0.032627072,0.02354656,0.09709013
50,0.09264958,0.050958272,0.025492445,0.10320228,0.122335784,0.045858234,0.041503716,0.0372486,0.032357763,0.06921941,0.046873834,0.04062002,0.057860374,0.097156346,0.06891244,0.06775092
51,0.10910478,0.05759233,0.043072324,0.07124648,0.10791814,0.050314814,0.050457716,0.05171497,0.03310393,0.081436686,0.052112382,0.029847926,0.0608352,0.043398988,0.052300278,0.10554304
52,0.046811104,0.043976035,0.03341959,0.09690214,0.090702675,0.083486885,0.056395542,0.028980272,0.030432755,0.11068362,0.026096717,0.042585935,0.032730434,0.053691562,0.101345144,0.121759616
53,0.044852708,0.075886056,0.04480123,0.0528443,0.07171152,0.05782111,0.053309083,0.03153711,0.06735767,0.04890114,0.052405983,0.11185396,0.0697603,0.08197211,0.06915259,0.06583312
54,0.07947598,0.032765526,0.04849906,0.057196427,0.11472342,0.041774575,0.07209691,0.066139124,0.033777505,0.063171595,0.08715743,0.05106099,0.0269249,0.05740432,0.019823909,0.14800839
55,0.09541132,0.01672221,0.027166873,0.061029773,0.06994418,0.03937528,0.07269597,0.07420646,0.03864144,0.0838568,0.063999556,0.03293997,0.05865002,0.14764814,0.072436854,0.045275237
56,0.075722985,0.048439365,0.03107551,0.04015745,0.056703374,0.09896896,0.0550129,0.016754182,0.052065838,0.028318347,0.04484464,0.0674534,0.090723194,0.08438533,0.11082682,0.098547675
57,0.100587435,0.05257685,0.04464825,0.059232395,0.09848819,0.06056573,0.058672052,0.03346424,0.06067422,0.048935656,0.0719934,0.06727293,0.03906918,0.05861704,0.05042086,0.094781615
58,0.07068326,0.04212613,0.032581072,0.09295792,0.11626774,0.038511023,0.051489603,0.052684978,0.057749253,0.08618724,0.09693661,0.06356067,0.027706316,0.059626203,0.027567744,0.083364286
59,0.06168251,0.041059088,0.055005353,0.06769516,0.096417405,0.055469334,0.07389912,0.055131573,0.03229801,0.061952088,0.045377787,0.061402414,0.03701769,0.08975169,0.053927973,0.11191276
60,0.13429078,0.069406904,0.03917816,0.09420484,0.10773444,0.06516235,0.04433477,0.027009347,0.07444658,0.04721622,0.07011449,0.06480399,0.030815408,0.023794338,0.033849105,0.07363822
61,0.14560981,0.05131963,0.06120045,0.02859526,0.053431034,0.057145745,0.053256463,0.046637055,0.0713236,0.04709514,0.12232805,0.05175456,0.045289148,0.032780398,0.026105717,0.10612794
62,0.060512066,0.0674888,0.08201067,0.05987844,0.080218635,0.06254307,0.08924905,0.06507712,0.045469802,0.038863342,0.054550942,0.061819285,0.06630031,0.05925567,0.037185468,0.06957733
63,0.07644406,0.060350846,0.051684808,0.04519094,0.06519774,0.08622133,0.05693965,0.03378229,0.025880381,0.055253685,0.028393785,0.050070573,0.066701785,0.07746461,0.100058235,0.12036526
64,0.0755715,0.049140844,0.054775983,0.054723743,0.09701428,0.056250777,0.05938801,0.05613099,0.031126658,0.06184713,0.066686034,0.062479764,0.023062216,0.082951955,0.028584182,0.14026594
65,0.110084735,0.036620766,0.041051734,0.041961763,0.07344363,0.051367134,0.0700166,0.056713995,0.05245268,0.053330272,0.1142979,0.050048754,0.057453703,0.055084337,0.025685206,0.11038677
66,0.0525317,0.01958459,0.028920481,0.051127642,0.07558673,0.12542088,0.12536633,0.015865235,0.035098534,0.02456019,0.04138206,0.07166497,0.03009662,0.048211467,0.04435715,0.21022542
67,0.06445676,0.051943157,0.04377361,0.078923136,0.089266755,0.075841695,0.067705356,0.033870697,0.05625431,0.07151494,0.043325543,0.06455414,0.0482036,0.044750765,0.07694106,0.088674515
68,0.070416264,0.035499368,0.04405905,0.09020414,0.111935765,0.040248815,0.0765058,0.07243114,0.046892498,0.0497492,0.08758169,0.07150937,0.030800877,0.0671118,0.02117605,0.08387818
69,0.078974836,0.06121177,0.052524816,0.062119037,0.10143895,0.0585726,0.06435057,0.044598196,0.049483288,0.060162812,0.056621935,0.06271986,0.047131177,0.05245856,0.048805594,0.09882601
70,0.09861782,0.10714056,0.03960964,0.054292213,0.13230926,0.044062477,0.03341635,0.023385627,0.057269424,0.050154805,0.05462764,0.06398179,0.04934199,0.055117678,0.06260028,0.07407244
71,0.07639934,0.033429418,0.04504335,0.065968595,0.12718745,0.033627655,0.06384223,0.07904428,0.03142942,0.092005074,0.07024845,0.04244332,0.03713528,0.07264572,0.030950874,0.098599575
72,0.11590507,0.044852465,0.042509645,0.048583593,0.14451368,0.03727868,0.053105295,0.034641188,0.04287466,0.030647695,0.10480384,0.054203052,0.02270721,0.07161936,0.02130345,0.1304511
73,0.06615647,0.058732808,0.051220283,0.056953732,0.060778245,0.044996724,0.0347709,0.060855474,0.08046478,0.14815526,0.061185796,0.0438092,0.04660645,0.056763947,0.08415463,0.044395287
74,0.08922535,0.048435006,0.032406542,0.107202895,0.120216124,0.05539267,0.06836737,0.043870013,0.03886688,0.061850324,0.060680363,0.043899357,0.060974557,0.042293746,0.03695473,0.08936405
75,0.11767105,0.06291759,0.033542857,0.062817894,0.10689334,0.07760609,0.056833223,0.0185195,0.05794813,0.03204306,0.071445234,0.06579072,0.047301903,0.02828797,0.032971393,0.1274101
76,0.044244245,0.020101633,0.028357953,0.11526662,0.113420874,0.052865565,0.14334376,0.047447816,0.04311226,0.029999703,0.08730946,0.048185486,0.056002676,0.07695207,0.020055478,0.07333436
77,0.064839356,0.038029674,0.04091123,0.06624711,0.07174677,0.08750496,0.1005235,0.034172647,0.076131016,0.057880063,0.07104505,0.05958563,0.057047293,0.0287247,0.045789707,0.09982131
78,0.112943046,0.05733679,0.045273915,0.056870934,0.09995371,0.06864788,0.058985755,0.03402251,0.0523898,0.03862314,0.09990356,0.05146374,0.025260685,0.029399695,0.017360942,0.15156387
79,0.091263086,0.062510535,0.060510706,0.03370427,0.082393,0.0598944,0.05702843,0.036648348,0.041894753,0.041096997,0.065751076,0.07769326,0.036172967,0.06407162,0.03570687,0.15365969
80,0.061692864,0.03987893,0.04570408,0.08573844,0.09621475,0.048315823,0.061700672,0.05592844,0.05358988,0.06125923,0.07429102,0.097234786,0.019531267,0.07888933,0.031129805,0.08890066
81,0.085513085,0.0317717,0.045984853,0.0853253,0.09626403,0.045938548,0.08287966,0.06664049,0.056403425,0.04567629,0.08674244,0.06554977,0.034859817,0.06460506,0.029197628,0.0766479
82,0.05346809,0.023310078,0.036643203,0.08890233,0.06844942,0.07768272,0.15664761,0.046910405,0.07114156,0.0245187,0.12893651,0.050173864,0.047697026,0.027248075,0.012890514,0.08537986
83,0.03536671,0.050505802,0.043115567,0.12135073,0.11806437,0.049124345,0.06919614,0.049172897,0.026616216,0.07938632,0.02887478,0.029303132,0.052418772,0.06888554,0.07933477,0.099283904
84,0.07851996,0.063969955,0.047519088,0.0704633,0.10133877,0.046787713,0.05666117,0.05585325,0.05773062,0.051746402,0.089589246,0.046062227,0.054206144,0.075412504,0.038289722,0.06584993
85,0.07376848,0.038923163,0.035413682,0.098276146,0.07217982,0.07522274,0.061790835,0.03709155,0.053266335,0.072019994,0.04588877,0.059655655,0.049549174,0.07229126,0.091463,0.06319941
86,0.09384117,0.048137676,0.045895513,0.049854267,0.14920226,0.031175027,0.05791986,0.044065025,0.04292808,0.04946747,0.07301661,0.058879178,0.04975005,0.08091817,0.039046075,0.085903585
87,0.05312826,0.0410756,0.065067,0.057247013,0.09691191,0.056961168,0.089488566,0.050180227,0.037320986,0.04315005,0.069101766,0.07282516,0.024649745,0.035802484,0.016684735,0.19040532
88,0.03163447,0.040527154,0.031960264,0.10319066,0.114151925,0.055615664,0.0876118,0.0346458,0.029080683,0.045466926,0.038186874,0.07318521,0.047427323,0.1156195,0.04542947,0.10626626
89,0.056215078,0.028395697,0.050829817,0.0767363,0.054341037,0.065419756,0.10677538,0.07883829,0.06578723,0.04901202,0.074582875,0.07640541,0.051959366,0.06712025,0.037829295,0.059752237
90,0.034364093,0.025580674,0.029995061,0.10786655,0.16748486,0.034108475,0.071001224,0.05086273,0.014620468,0.08602992,0.034773607,0.033673473,0.025040083,0.10310701,0.034040924,0.14745085
91,0.10656536,0.024700025,0.035564724,0.06788991,0.07624243,0.03795829,0.07458597,0.07585671,0.08435494,0.054552298,0.18436842,0.042274017,0.03324025,0.032902036,0.012268781,0.05667585
92,0.088099994,0.03467096,0.028680863,0.058570605,0.079812236,0.058017164,0.062487323,0.03376129,0.049791947,0.059005305,0.06613292,0.06875328,0.0676529,0.0965079,0.06526562,0.082789674
93,0.07100911,0.032162387,0.0334938,0.05923428,0.124887936,0.039332014,0.09190791,0.042107124,0.048504323,0.029635,0.120297015,0.052853864,0.05583748,0.064949885,0.016931059,0.11685681
94,0.08749217,0.052244652,0.057721186,0.054445654,0.0629931,0.0880393,0.06350658,0.044211794,0.032891497,0.05726379,0.04618519,0.065733485,0.040290814,0.052903254,0.04971337,0.14436413
95,0.059164137,0.06800855,0.072348796,0.030639589,0.045271534,0.08662472,0.07287348,0.028847357,0.07188768,0.022870148,0.06369832,0.112300195,0.077240944,0.055245895,0.051865336,0.081113346
96,0.122024335,0.0152666895,0.014649749,0.05202057,0.09285823,0.04768802,0.08493167,0.03466648,0.047267456,0.044505645,0.15951115,0.0423553,0.052674692,0.062780775,0.015895214,0.110903986
97,0.11996495,0.023621341,0.023206048,0.07068761,0.105117775,0.05446565,0.07914368,0.031001085,0.051389173,0.052430317,0.08240446,0.048145324,0.051035166,0.05888631,0.0467514,0.101749696
98,0.08410037,0.11815635,0.03701196,0.037998017,0.12018161,0.030595353,0.027756331,0.017949851,0.11400483,0.022835843,0.113758795,0.11207882,0.03370825,0.04953589,0.02189442,0.058433235
99,0.101397954,0.025612736,0.02943705,0.07132321,0.12257367,0.047981013,0.07683447,0.041038178,0.040376324,0.048821893,0.09351501,0.06834481,0.027625239,0.06718684,0.022975504,0.11495608
100,0.078235045,0.056177616,0.061266806,0.04942018,0.071922295,0.08654988,0.06573496,0.04795642,0.01846655,0.06456035,0.029932441,0.04163253,0.047258925,0.061614532,0.060833897,0.15843761
101,0.09131955,0.077583335,0.05600817,0.043021817,0.083785415,0.04572757,0.042150725,0.036219567,0.06957824,0.053749096,0.06922543,0.088882595,0.045617063,0.06470702,0.05812214,0.074302286
102,0.0973172,0.028718228,0.037218858,0.071188055,0.105349235,0.061279554,0.07831432,0.04714379,0.04011869,0.09051486,0.05581807,0.05266443,0.02837301,0.04328527,0.041874915,0.120821536
103,0.108098686,0.050649684,0.03261724,0.094182976,0.1278364,0.031974625,0.03999797,0.051803455,0.04347648,0.06725671,0.07504317,0.04874505,0.04163033,0.08060706,0.03873686,0.06734328
104,0.06929173,0.017260429,0.019918231,0.040885657,0.061442006,0.05288351,0.12033091,0.035687152,0.05545485,0.032406893,0.15066265,0.053003993,0.095384605,0.05431061,0.016375018,0.124701746
105,0.07614378,0.11261469,0.06549483,0.030976096,0.06898355,0.06328555,0.036764663,0.022399893,0.062357705,0.039427906,0.049856555,0.09766211,0.04326829,0.054597795,0.071994066,0.10417258
106,0.13593297,0.09131089,0.04393516,0.04164046,0.073959574,0.08427747,0.041386023,0.023496756,0.06117202,0.05102345,0.067796044,0.043909345,0.07239142,0.028929474,0.050865725,0.08797324
107,0.09656116,0.04458709,0.04338111,0.054259177,0.07346078,0.06544221,0.067003086,0.04123271,0.064555764,0.04569571,0.08886197,0.06201921,0.04829185,0.06947764,0.042683583,0.092486925
108,0.15610795,0.03657743,0.014735746,0.04249225,0.106011234,0.027277306,0.02483969,0.020617886,0.056429256,0.073358886,0.08631179,0.10866787,0.030618476,0.10996917,0.041428033,0.06455703
109,0.082101956,0.09101573,0.051905643,0.06034265,0.13780208,0.035962943,0.037636068,0.0356084,0.039683476,0.05267292,0.043682035,0.086636275,0.03611201,0.08341742,0.056768093,0.06865231
110,0.09175688,0.03106706,0.046713065,0.06255793,0.09362257,0.047545105,0.09282679,0.054066557,0.0710786,0.039341692,0.09502565,0.06267448,0.040629487,0.057688076,0.03277995,0.08062611
111,0.074831836,0.020161062,0.02846954,0.06114124,0.102284014,0.029983042,0.09070945,0.055339232,0.08571157,0.031115485,0.19542451,0.06538383,0.030123472,0.054431245,0.010028369,0.0648621
112,0.11391657,0.038203157,0.060905922,0.049073,0.07498776,0.03333192,0.05013324,0.08825045,0.07589347,0.08388534,0.087927334,0.047550824,0.04022569,0.053661708,0.04558419,0.056469407
113,0.09837442,0.058249652,0.03683369,0.064825885,0.13542895,0.06368325,0.056155164,0.02181471,0.023053924,0.032621067,0.034196973,0.059598673,0.04448386,0.07099571,0.05810258,0.14158152
114,0.047428682,0.081975825,0.04870229,0.061623663,0.1271524,0.0467125,0.054596677,0.03546237,0.035739444,0.040156435,0.055265915,0.08129338,0.04386008,0.079611756,0.03086745,0.12955113
115,0.049957544,0.04524206,0.059210483,0.038844142,0.08552488,0.076715775,0.087438636,0.036733326,0.028624037,0.046735257,0.04107047,0.044934377,0.04246783,0.07133227,0.056937486,0.18823145
116,0.098268956,0.030035188,0.0331925,0.077259205,0.09681777,0.054003786,0.07622368,0.045851693,0.049344342,0.069002084,0.077247374,0.047057703,0.04630452,0.060444254,0.045961346,0.0929856
117,0.06457693,0.07532089,0.05633281,0.08376939,0.09130349,0.046720058,0.048505697,0.052466195,0.051016375,0.058377504,0.048291773,0.071747296,0.05218171,0.07877553,0.06618633,0.054428022
118,0.04735217,0.06340348,0.06434602,0.0675295,0.08266493,0.0668661,0.089222364,0.06523884,0.04207447,0.061932757,0.062897086,0.06264856,0.056754198,0.034719486,0.023946552,0.108403504
119,0.05047306,0.064825416,0.054928113,0.06360937,0.06638473,0.08863029,0.06074204,0.042904448,0.059871566,0.076557174,0.05722935,0.07298165,0.035681423,0.06131069,0.061195713,0.08267499
120,0.05750219,0.045928072,0.05207022,0.07407971,0.064684235,0.070059955,0.06690133,0.04811345,0.068678096,0.061265558,0.05015253,0.06966825,0.045953725,0.085487634,0.08666106,0.052793995
121,0.05527566,0.061867658,0.052936167,0.06164526,0.07065417,0.081010036,0.06771614,0.039843168,0.04904331,0.06787328,0.042849857,0.08048167,0.051211312,0.05937363,0.066739,0.09147968
122,0.052843615,0.030537585,0.036955714,0.067919455,0.074476294,0.09421486,0.101362616,0.031911302,0.031666685,0.048085023,0.036346987,0.053156484,0.055205423,0.07868359,0.07470881,0.13192552
123,0.06280839,0.061113123,0.061097782,0.0657951,0.07746936,0.061271023,0.063625276,0.068616696,0.04484268,0.07961773,0.057936396,0.043690044,0.05309503,0.067562185,0.054906864,0.0765523
124,0.09812722,0.10218171,0.034572612,0.09562834,0.14765543,0.039910384,0.027386049,0.030470079,0.065173574,0.08463637,0.05611224,0.045286927,0.036317665,0.037604388,0.051388517,0.047548432
125,0.10277749,0.038924217,0.026471788,0.07562622,0.08282572,0.064463,0.06105861,0.028668499,0.06371567,0.074357666,0.065786146,0.06087659,0.06313495,0.040643234,0.05831374,0.09235648
126,0.09544446,0.06539853,0.048893046,0.058151484,0.1126192,0.055507455,0.04089692,0.033280093,0.03959224,0.06621558,0.056045722,0.058476165,0.022203447,0.06421215,0.0536563,0.12940724
127,0.07662684,0.10677975,0.085854016,0.063331045,0.09626565,0.056627076,0.05099821,0.05482985,0.053864706,0.054371048,0.052651495,0.06405804,0.04341801,0.03788614,0.042286247,0.06015189
128,0.07541842,0.026459197,0.03883493,0.083843194,0.07455503,0.040478617,0.0674064,0.06664485,0.0650991,0.08541435,0.056609247,0.09596097,0.04003456,0.080268815,0.059794474,0.043177802
129,0.04631269,0.040639084,0.038386736,0.06769564,0.10065862,0.055234898,0.07982179,0.057360783,0.030281221,0.06655785,0.07031698,0.051250856,0.046905596,0.08363932,0.02654179,0.13839625
130,0.08486197,0.04404967,0.064420395,0.051189397,0.08233025,0.053972635,0.0785111,0.05384879,0.06368127,0.048434988,0.08130688,0.079146944,0.034159068,0.050977856,0.031925548,0.097183265
131,0.0649217,0.05286516,0.07595343,0.05180796,0.076081224,0.071716644,0.08655971,0.045743924,0.071653314,0.04329324,0.07696244,0.088980116,0.033617046,0.03258435,0.028837271,0.09842247
132,0.14140473,0.07789663,0.052172016,0.024554007,0.114381105,0.03715908,0.039689723,0.017510964,0.037227638,0.013162385,0.0703447,0.099859364,0.026682561,0.07997813,0.022747368,0.1452296
133,0.04222836,0.035957754,0.047528666,0.08199753,0.10484534,0.033331294,0.06931757,0.07989446,0.056760233,0.066351466,0.08315995,0.07381316,0.025988227,0.08999858,0.028483868,0.08034349
134,0.06486229,0.035496976,0.048368033,0.070527785,0.071796745,0.059970994,0.10246094,0.068191774,0.07972213,0.05515644,0.10409913,0.050222453,0.05402335,0.03786741,0.026975607,0.07025793
135,0.09942162,0.018810682,0.022837518,0.08749922,0.10883992,0.029128417,0.060190637,0.060346503,0.04808569,0.056189913,0.094563745,0.076145925,0.029983714,0.12395062,0.029494295,0.054511536
136,0.07385694,0.06450969,0.062054366,0.06589224,0.077361055,0.056609023,0.05376558,0.0488672,0.0598377,0.051352177,0.057314474,0.06657825,0.043900426,0.085408084,0.07011906,0.06257371
137,0.058328014,0.07532692,0.031523313,0.06723417,0.10865939,0.06306829,0.048673946,0.016708402,0.062357474,0.04779637,0.036936674,0.11208687,0.05298658,0.053775698,0.084971905,0.079566
138,0.06365848,0.042227443,0.037386302,0.082028694,0.12642327,0.034444313,0.063293554,0.06074655,0.04923919,0.05892845,0.10495626,0.080028884,0.026354857,0.044919055,0.013318674,0.11204603
139,0.06804965,0.045030702,0.05679818,0.04542743,0.10062939,0.038560975,0.07546872,0.049308937,0.082286574,0.039695084,0.10286432,0.07507535,0.040497582,0.0682868,0.034262035,0.077758275
140,0.08429465,0.06406448,0.042242695,0.06741211,0.10871323,0.061136514,0.05117759,0.029621556,0.03590944,0.058136683,0.039354786,0.06850137,0.04454639,0.058072094,0.06422437,0.12259206
141,0.045522213,0.07497876,0.030717105,0.12733224,0.18678015,0.023557609,0.030998329,0.030134529,0.04895228,0.05223006,0.046964496,0.07433703,0.031429514,0.09088241,0.0506732,0.054510053
142,0.09062853,0.03897648,0.052619707,0.0694673,0.057679873,0.08046412,0.09488407,0.055255245,0.07804763,0.055419672,0.087843426,0.041674633,0.060390342,0.025560932,0.035832483,0.0752556
143,0.09595721,0.033542585,0.040427983,0.052565027,0.092072845,0.0663758,0.08476296,0.036789156,0.036990896,0.04397601,0.05999361,0.066754185,0.04501031,0.050199434,0.034836076,0.15974593
144,0.10354855,0.04072458,0.0253222,0.085625015,0.102988295,0.055124376,0.047375053,0.02774909,0.05726586,0.078456156,0.050014082,0.073266625,0.039698496,0.067008175,0.078980856,0.06685265
145,0.07671558,0.02722188,0.03765193,0.08027453,0.13149142,0.037011158,0.07288364,0.06517431,0.030794464,0.04989301,0.08704849,0.063655235,0.020630548,0.08699459,0.01666564,0.11589361
146,0.0777146,0.02362877,0.019201666,0.070949115,0.13619126,0.040768888,0.06902104,0.040299643,0.041985076,0.054136664,0.13559131,0.05160163,0.029872388,0.06822005,0.013923566,0.12689434
147,0.12032198,0.050558213,0.031152023,0.06552282,0.12251621,0.05710114,0.06280603,0.02047965,0.057085842,0.023874382,0.08854697,0.044891354,0.06252181,0.04153588,0.034719527,0.11636614
148,0.032801688,0.029094703,0.05706428,0.06875309,0.07094907,0.059248786,0.11975404,0.062158655,0.060772974,0.059934884,0.05351078,0.080680676,0.048030417,0.06568221,0.050800145,0.08076361
149,0.10464156,0.019210422,0.026996607,0.042477872,0.072641574,0.04792428,0.09109964,0.0690872,0.033149283,0.044444386,0.14849441,0.033413325,0.056219757,0.06726673,0.013494191,0.12943874
150,0.069057114,0.08321364,0.05755408,0.06694741,0.096132375,0.053712204,0.044627946,0.039743993,0.056997966,0.0660814,0.048211504,0.08486637,0.034796093,0.068027675,0.067206115,0.06282411
151,0.119049884,0.07244144,0.04676002,0.03276399,0.080956705,0.050933946,0.0370151,0.03056656,0.058412302,0.044613034,0.08631542,0.06115197,0.039307818,0.06704609,0.048317347,0.12434834
152,0.12406522,0.026000515,0.026194423,0.0814631,0.1004048,0.059093177,0.07160768,0.037126943,0.071327515,0.043923397,0.12573643,0.046761367,0.030223466,0.045955535,0.025468176,0.08464832
153,0.042339403,0.033596918,0.047528286,0.09385958,0.07574977,0.0657833,0.078329705,0.06502741,0.0344932,0.094688214,0.03730545,0.047924653,0.033674832,0.09277419,0.072572984,0.084352165
154,0.1306306,0.04195117,0.027198395,0.058304414,0.080567814,0.048768733,0.042233687,0.023943478,0.080578946,0.040159114,0.06825714,0.076535344,0.048466217,0.100757144,0.08176136,0.04988651
155,0.07099529,0.10358416,0.072637744,0.040528286,0.0641961,0.04718547,0.031314928,0.049291562,0.058750134,0.094502725,0.05717204,0.050173458,0.049419496,0.058700696,0.08160768,0.06994023
156,0.10163102,0.076983385,0.047050595,0.07803899,0.20119561,0.0227803,0.026310662,0.0401002,0.032016754,0.07350709,0.04372874,0.061353594,0.022200659,0.060369883,0.04068147,0.0720511
157,0.057175953,0.03755985,0.056879293,0.090129256,0.09856928,0.054199,0.07737851,0.05759291,0.05606286,0.07728896,0.05742835,0.08298124,0.022695715,0.04680236,0.039162863,0.088093586
158,0.08152256,0.05720297,0.0664741,0.053627998,0.07640562,0.05689509,0.054329667,0.05231215,0.05263931,0.06304332,0.06072442,0.061963588,0.033038795,0.07932039,0.06235646,0.08814356
159,0.041986167,0.053923007,0.033840775,0.07841489,0.16645508,0.0443093,0.054267246,0.030272424,0.023983786,0.06980535,0.043846738,0.058643337,0.027091747,0.061866324,0.02712647,0.18416739
160,0.089774035,0.040837165,0.06696859,0.027537867,0.08314503,0.045486648,0.09860376,0.039233442,0.067602895,0.016051749,0.1266347,0.06128056,0.056703378,0.04737703,0.016358439,0.11640472
161,0.101697385,0.02897858,0.023310557,0.058668505,0.14877182,0.026304537,0.053226788,0.038097557,0.03958327,0.035345815,0.113577165,0.042899344,0.057321638,0.122288845,0.028500566,0.08142764
162,0.11744114,0.020019954,0.042296868,0.0381279,0.04768956,0.08201596,0.11981837,0.039681274,0.069818296,0.03009445,0.09137192,0.08896154,0.0449364,0.040102318,0.02517353,0.10245052
163,0.09841452,0.06248953,0.031072915,0.0827626,0.1739223,0.04105861,0.046505164,0.022960832,0.07148761,0.050316524,0.06480616,0.07674908,0.036046434,0.03643057,0.03833513,0.066641994
164,0.066287,0.078899324,0.13849203,0.018878123,0.036339875,0.051572215,0.036857735,0.07539724,0.075635515,0.057510678,0.08487103,0.08146358,0.025313854,0.05778198,0.03905795,0.07564186
165,0.052316826,0.077556014,0.06645999,0.101403646,0.07722557,0.07369658,0.052893523,0.0685811,0.04626295,0.12362034,0.04888934,0.028676614,0.038315993,0.022154385,0.045657624,0.07628949
166,0.07005621,0.08309881,0.055618986,0.05858289,0.1031689,0.07129821,0.07025274,0.034996446,0.043628294,0.047403324,0.06358364,0.044594552,0.060604353,0.020881876,0.025292827,0.14693792
167,0.114750095,0.057396557,0.04320253,0.0668029,0.17659533,0.030796686,0.05466378,0.05679664,0.023560612,0.038793985,0.08794174,0.024986861,0.045500007,0.027173653,0.010268828,0.14076976
168,0.12023947,0.08852496,0.048533887,0.035459176,0.07623729,0.05637741,0.037034247,0.032264337,0.04233733,0.042022232,0.067634724,0.066999435,0.05639269,0.07760467,0.04893167,0.1034065
169,0.046882886,0.04708578,0.04667181,0.07602515,0.07351313,0.062576145,0.07755942,0.06339938,0.049327534,0.104723595,0.059080362,0.030718954,0.066743635,0.043058943,0.053321686,0.09931158
170,0.09617587,0.050593156,0.06600357,0.07881924,0.08510063,0.046204526,0.052623004,0.09320399,0.04204021,0.10564857,0.044912983,0.02987302,0.047264934,0.04691046,0.062417477,0.05220835
171,0.10323799,0.024044475,0.028310085,0.07054589,0.111462824,0.055047672,0.09572334,0.03305122,0.039550472,0.0273095,0.092886426,0.06518514,0.042570475,0.065057345,0.02110818,0.12490896
172,0.098315716,0.029852197,0.031848628,0.07722774,0.069754325,0.08375303,0.087396495,0.036846723,0.06166787,0.06845063,0.075321294,0.06803967,0.046480138,0.033895377,0.036239233,0.09491095
173,0.10176066,0.024718054,0.015370958,0.09950384,0.14756098,0.044912472,0.06318423,0.028046912,0.04229862,0.05027915,0.08519732,0.043346424,0.04915585,0.07904554,0.035143044,0.09047592
174,0.069981985,0.10331687,0.03858844,0.102138974,0.17048585,0.028427841,0.023554588,0.025083533,0.046565007,0.06487838,0.03601337,0.07701292,0.028347177,0.060470134,0.06966791,0.055466995
175,0.05571857,0.037741065,0.043252062,0.08337564,0.063140206,0.077682614,0.075349115,0.05959211,0.034848783,0.084778614,0.034734964,0.06259542,0.060146526,0.090120755,0.077264905,0.059658665
176,0.09763836,0.022739641,0.030273465,0.0507036,0.094207205,0.04409328,0.07608482,0.043754607,0.04342738,0.046612184,0.10606626,0.08664151,0.02175773,0.06751094,0.01616452,0.15232447
177,0.105267346,0.055295575,0.054646086,0.03562892,0.087054156,0.050476585,0.056187544,0.032170717,0.050886873,0.034858648,0.07937349,0.07560367,0.04229748,0.07128935,0.04156283,0.12740074
178,0.0648022,0.078733735,0.06078728,0.04161747,0.056947082,0.06229928,0.04268616,0.05880314,0.05147921,0.088829465,0.067675665,0.050877124,0.056695834,0.06758297,0.057452995,0.092730366
179,0.1364427,0.044152882,0.028588055,0.098687686,0.120046966,0.03740455,0.04552358,0.04132517,0.07828734,0.06444263,0.09326112,0.039913055,0.045448463,0.04336809,0.037003435,0.046104282
180,0.10185214,0.059838604,0.04780723,0.0676058,0.10587826,0.045169268,0.044404175,0.037477564,0.052952144,0.0466985,0.06662631,0.06669727,0.03266146,0.08361328,0.05479832,0.0859197
181,0.12039796,0.0668393,0.034652114,0.05074117,0.097578436,0.07025701,0.05034132,0.01987326,0.04727653,0.03637449,0.06545941,0.06309705,0.06383095,0.036625933,0.04233272,0.13432229
182,0.04182892,0.019399976,0.017557086,0.11485219,0.11473373,0.058287222,0.10670286,0.028057868,0.039411727,0.03851611,0.063980415,0.092711,0.041788798,0.102567464,0.027602261,0.09200236
183,0.031757403,0.042732883,0.034714337,0.098906815,0.16286176,0.051362604,0.096489824,0.020736424,0.035787866,0.020652903,0.051802132,0.14401893,0.023640739,0.046024516,0.01353521,0.12497562
184,0.042240202,0.06276339,0.07001278,0.05919552,0.09515657,0.038062047,0.06384435,0.043794934,0.11032658,0.03478037,0.067974865,0.11819402,0.03341323,0.06268486,0.045418814,0.052137434
185,0.0932372,0.035437062,0.07693211,0.026966037,0.06815541,0.03927851,0.06963944,0.055911493,0.073425375,0.026242048,0.124253415,0.08031886,0.024144335,0.07503205,0.022741213,0.10828549
186,0.06193538,0.054468464,0.04690666,0.08049423,0.09197188,0.07782114,0.08257549,0.05055358,0.046081673,0.07617361,0.0736868,0.04829492,0.048220646,0.027045852,0.025357293,0.10841235
187,0.0817691,0.093829505,0.0653492,0.059386928,0.08127808,0.06461737,0.049308017,0.03858043,0.051212218,0.060957063,0.043201197,0.053229157,0.06661202,0.03441232,0.07145815,0.08479921
188,0.08959096,0.04134571,0.044813495,0.044237364,0.08118999,0.049907606,0.061076403,0.047558423,0.06314036,0.06439784,0.0878162,0.04792903,0.048566654,0.07557728,0.059076775,0.09377595
189,0.10040271,0.0841996,0.07641476,0.065426804,0.1131714,0.06696303,0.05925991,0.036546487,0.041687194,0.034392998,0.06180589,0.06973962,0.023602394,0.0216308,0.019663224,0.1250932
190,0.12077284,0.0466747,0.01862688,0.111619614,0.17953871,0.038156487,0.038341034,0.02336458,0.03792191,0.06109984,0.052618504,0.050019946,0.042443097,0.060712576,0.04704295,0.07104632
191,0.041417208,0.061038107,0.03752476,0.08387554,0.17795195,0.038403146,0.05600409,0.026734686,0.0429759,0.050646782,0.050856132,0.07737322,0.033888284,0.06190319,0.040245228,0.11916173
192,0.047504842,0.037354536,0.048453476,0.06557152,0.086209476,0.058044355,0.09682817,0.050741654,0.07009243,0.036027342,0.08866613,0.0826363,0.040107224,0.081004255,0.031216897,0.07954139
193,0.08266723,0.038705554,0.059463724,0.03454542,0.06524178,0.04881363,0.083450854,0.06503415,0.059652325,0.037529636,0.118771456,0.056193933,0.055881724,0.06185862,0.02447109,0.10771891
194,0.07719874,0.059977453,0.056007054,0.058921874,0.11803192,0.046311226,0.05546617,0.05453155,0.041665357,0.07478523,0.09055916,0.043533135,0.027213449,0.029401517,0.017554991,0.14884123
195,0.041180145,0.04930359,0.06600175,0.072916,0.081359304,0.05151322,0.10216404,0.075319774,0.063719966,0.039604794,0.08403199,0.054241646,0.065225095,0.067071185,0.030914022,0.05543351
196,0.124459624,0.022110201,0.024539402,0.072450005,0.10226653,0.02044605,0.04224834,0.0834445,0.061973106,0.069306664,0.15032578,0.05751835,0.019952103,0.08543386,0.015998887,0.047526583
197,0.06916949,0.07585352,0.056941066,0.09002882,0.0621503,0.093963124,0.05498587,0.040138494,0.054827217,0.06841615,0.038875926,0.04775053,0.06807089,0.031342942,0.088573985,0.058911663
198,0.04819025,0.041901942,0.050430972,0.071536936,0.10034452,0.047525752,0.114668526,0.05613262,0.047416944,0.028425535,0.09329418,0.08250461,0.05312678,0.06048736,0.01524847,0.0887646
199,0.07617738,0.06584752,0.047994867,0.08837355,0.11687622,0.064646624,0.05491959,0.03380196,0.041667227,0.06683583,0.050940324,0.06872891,0.03166073,0.03615563,0.04205552,0.11331812
200,0.12350402,0.03368858,0.021710245,0.0957339,0.12905619,0.0843684,0.06876497,0.02256135,0.01992982,0.05479117,0.032574605,0.031904515,0.050943475,0.029345805,0.04699176,0.15413119
201,0.083381824,0.03975753,0.050180554,0.077697225,0.07512445,0.07331826,0.07216372,0.06765603,0.04351278,0.10394754,0.053744886,0.05899526,0.04003353,0.038650956,0.041031886,0.0808036
202,0.106501184,0.046108186,0.0507658,0.04892437,0.12087575,0.050975468,0.0798062,0.041454893,0.036172174,0.031907953,0.07152646,0.050303396,0.04736519,0.057320673,0.028126044,0.13186623
203,0.038707707,0.04911677,0.033284664,0.07843019,0.10024136,0.054694574,0.07264749,0.030826649,0.04736315,0.045788392,0.053569544,0.09171102,0.0585845,0.09603816,0.049458224,0.09953753
204,0.118904255,0.08339185,0.071370184,0.052718464,0.07154892,0.047037374,0.04919805,0.057385396,0.06809888,0.036597405,0.07565403,0.060382485,0.076019414,0.0419963,0.03671508,0.05298193
205,0.046290364,0.07078636,0.04018748,0.096103154,0.08308534,0.08598021,0.053859472,0.03316275,0.033999246,0.09091047,0.02941241,0.054608032,0.054984614,0.05387662,0.08897364,0.08377987
206,0.06380495,0.077703826,0.048018653,0.060598593,0.14568351,0.054999754,0.07061041,0.021961406,0.055525158,0.029559894,0.050735787,0.08886722,0.048956525,0.03667815,0.033389628,0.11290655
207,0.12118307,0.04669721,0.055708203,0.07422001,0.13935155,0.023155252,0.038481172,0.06935442,0.06794762,0.064941786,0.10436388,0.067744456,0.014331394,0.03661384,0.017679041,0.058227133
208,0.11675017,0.036444407,0.035828203,0.041594848,0.10158134,0.0417714,0.062309038,0.052473992,0.04173922,0.045971453,0.14166303,0.036493696,0.039784152,0.049773064,0.015922023,0.1398999
209,0.08778363,0.038378086,0.06979156,0.032175377,0.03022013,0.09244138,0.075354025,0.05013488,0.097450905,0.041983083,0.08819731,0.06831034,0.059799314,0.04878119,0.056769956,0.06242877
210,0.07194692,0.031313702,0.02952808,0.09150678,0.06967397,0.049568366,0.068978965,0.06807401,0.06557466,0.0766001,0.08232984,0.047343805,0.07302614,0.08412254,0.048067063,0.04234506
211,0.06930057,0.07189282,0.05231153,0.045026496,0.06907093,0.055202704,0.046094324,0.037322786,0.05984212,0.052431777,0.058802992,0.07609079,0.060047794,0.08838305,0.07923087,0.07894846
212,0.12347289,0.023240438,0.048068654,0.036216334,0.06903926,0.056573346,0.108104624,0.045098472,0.06987676,0.02963797,0.09800442,0.078806035,0.05061172,0.038675155,0.025000388,0.09957355
213,0.08006973,0.03762388,0.03629836,0.054508884,0.13448127,0.039985716,0.068336554,0.034816965,0.039818034,0.047590703,0.06787008,0.053185597,0.046306968,0.07617612,0.043038588,0.13989253
