,HS,VA3,VA1,FI2,FI1,IM1,IM2,VA2,AV2,PE2,AV1,AV3,IM4,BA,PE1,IM3
0,0.046534866,0.032364383,0.043691177,0.030890517,0.034781348,0.08735445,0.07469743,0.03362693,0.087127805,0.043479253,0.095334016,0.052427053,0.06450278,0.06838169,0.06475611,0.14005022
1,0.062262554,0.047375247,0.093987934,0.029414905,0.055904824,0.054905277,0.07854607,0.06287316,0.03808176,0.03332193,0.06369201,0.039120674,0.045520697,0.09054196,0.05372725,0.15072371
2,0.051484704,0.04098514,0.071108885,0.07409838,0.11660793,0.069810934,0.110311896,0.063342795,0.038595498,0.06222273,0.030298002,0.04241988,0.05299573,0.051333323,0.078569256,0.045814898
3,0.092335045,0.072523855,0.058036473,0.051374625,0.11051259,0.0802945,0.05745768,0.025352776,0.04126716,0.040661756,0.050752867,0.07249638,0.038456436,0.05209704,0.07830346,0.07807735
4,0.081130296,0.026135461,0.024287144,0.081401594,0.10020272,0.10680332,0.10751333,0.024482071,0.07128026,0.048208922,0.07657055,0.04273681,0.06193529,0.028026447,0.049998727,0.06928707
5,0.10973862,0.04706632,0.06395344,0.0278785,0.059522882,0.0693841,0.05572443,0.06256315,0.045587633,0.07950949,0.06412378,0.058564574,0.042658214,0.05713537,0.0707548,0.08583466
6,0.13600181,0.03323036,0.048282925,0.020466274,0.048877437,0.04121239,0.04562514,0.07627178,0.0512318,0.09230036,0.06272152,0.050496314,0.05895013,0.08468991,0.096159674,0.053482216
7,0.05233417,0.029022716,0.03698275,0.10145553,0.116061084,0.068061985,0.10256859,0.043708596,0.0729804,0.054319497,0.043092012,0.09440818,0.04964991,0.048230067,0.044598263,0.04252626
8,0.09619901,0.078928344,0.05650982,0.058253784,0.075285695,0.04621324,0.03414284,0.069085896,0.047047783,0.0754049,0.07953215,0.06416487,0.042749513,0.06982971,0.049238864,0.057413597
9,0.09183016,0.030861443,0.04609291,0.065646686,0.05301724,0.072165556,0.06922952,0.0623095,0.063124955,0.05842487,0.077747695,0.082610816,0.03751397,0.083757274,0.04683995,0.05882747
10,0.10345584,0.07655195,0.09345568,0.023701014,0.048566,0.039404213,0.024741685,0.05629295,0.055958364,0.05047663,0.102621794,0.04784872,0.03167886,0.058330815,0.06464091,0.12227457
11,0.07025374,0.10439449,0.054523308,0.06423995,0.10069422,0.092487134,0.039207205,0.030693294,0.052857146,0.07200589,0.063195966,0.052583586,0.04662426,0.02266995,0.06671669,0.06685318
12,0.05423993,0.025521822,0.039388735,0.05038799,0.05936305,0.08308853,0.090752445,0.060278878,0.069210835,0.08542121,0.054463055,0.07338802,0.057909742,0.054606985,0.06527693,0.0767018
13,0.0931823,0.03207725,0.049766246,0.050276592,0.0817898,0.050275993,0.06233717,0.070609756,0.059989315,0.07658583,0.06995103,0.05620326,0.036234304,0.0752689,0.05668238,0.07876983
14,0.07976978,0.018338395,0.05399436,0.05140632,0.09372196,0.063379735,0.10452988,0.06599369,0.040042814,0.075243466,0.03767112,0.041889448,0.03014247,0.074707694,0.09288647,0.07628244
15,0.06817511,0.037285004,0.05475864,0.06085764,0.06041844,0.06962589,0.088772774,0.07171252,0.07241753,0.049714804,0.11203479,0.038173556,0.058048934,0.041321978,0.033991884,0.08269057
16,0.08831081,0.05761373,0.081968285,0.053882584,0.09377437,0.093387626,0.07472325,0.03640875,0.042655606,0.04119176,0.048613865,0.065022945,0.030969875,0.05213413,0.07342326,0.06591916
17,0.05116867,0.03098111,0.023314066,0.035043195,0.085774414,0.080336384,0.08122042,0.013759832,0.058035403,0.032724578,0.053471923,0.070428975,0.081562854,0.067608595,0.08759338,0.14697622
18,0.05621761,0.035728283,0.14546998,0.026286567,0.042137045,0.07971889,0.1085001,0.092043556,0.05419338,0.038486447,0.06512535,0.027565598,0.04058367,0.03948793,0.062009066,0.08644658
19,0.06159314,0.050712198,0.041537832,0.056840565,0.08143333,0.0481151,0.070922025,0.038964216,0.07153317,0.031546,0.1138678,0.048747886,0.07178882,0.0642225,0.033007625,0.1151678
20,0.10049692,0.05252817,0.07190085,0.053893995,0.1570765,0.046089873,0.078475915,0.04780014,0.060926974,0.03423327,0.07327333,0.03463225,0.04886953,0.029103884,0.037072595,0.07362584
21,0.08694944,0.046950642,0.08205499,0.075968616,0.11068251,0.048887867,0.085573904,0.08198176,0.09069378,0.046595424,0.054782603,0.047557045,0.0520924,0.022649543,0.039507296,0.027072154
22,0.10023573,0.042890947,0.08858257,0.040845454,0.08618489,0.09326011,0.09676363,0.039769094,0.03920025,0.035382923,0.04635052,0.062393676,0.032340955,0.055998757,0.076032415,0.06376804
23,0.14044654,0.019923143,0.03376208,0.048252318,0.07900908,0.03267761,0.04938665,0.073764384,0.045784816,0.087922126,0.06393856,0.06462382,0.026197627,0.12641959,0.056892086,0.050999567
24,0.12224849,0.05351873,0.055352997,0.048818905,0.09345683,0.07377762,0.072960414,0.028051978,0.044211973,0.028033957,0.07294015,0.06887914,0.035805706,0.060839657,0.04412959,0.0969738
25,0.11810998,0.07507267,0.07228961,0.031329725,0.07522555,0.08104381,0.06789956,0.036303308,0.04421991,0.038016964,0.070005536,0.06480541,0.049372446,0.03873214,0.050740387,0.08683301
26,0.050391067,0.061186343,0.039837923,0.041928474,0.09364877,0.098864734,0.05853494,0.013122502,0.040416915,0.03122369,0.04186279,0.07222768,0.06130862,0.06012361,0.13406675,0.10125523
27,0.12761708,0.05595614,0.0402521,0.049051773,0.073471405,0.06312515,0.041229714,0.03959551,0.05600247,0.05864395,0.09890741,0.07378423,0.041665915,0.046545822,0.041156393,0.092994906
28,0.11133782,0.08723047,0.06470964,0.03301375,0.08689859,0.05337098,0.022998923,0.037778508,0.04089874,0.08725802,0.05720188,0.046347734,0.029469267,0.037807096,0.097712316,0.10596626
29,0.05317389,0.034648187,0.042452455,0.05489263,0.11500728,0.043124825,0.08091705,0.089383,0.03409043,0.098698944,0.042554706,0.026477583,0.07593331,0.06719581,0.058995266,0.08245459
30,0.077402525,0.035963323,0.046714336,0.073888324,0.10054151,0.052681986,0.05552709,0.049178857,0.06920981,0.07069074,0.05257818,0.09331694,0.036655948,0.05926049,0.08602459,0.040365353
31,0.07376021,0.05035542,0.038407832,0.08383959,0.12880062,0.08674061,0.05599494,0.044493884,0.046433117,0.11862934,0.046889067,0.034108628,0.047486085,0.018871985,0.0638139,0.061374772
32,0.100487195,0.08133451,0.081769824,0.022656724,0.05741027,0.045586783,0.03020329,0.028174974,0.06866333,0.02890647,0.110906534,0.08156604,0.030434405,0.055859566,0.05958881,0.1164513
33,0.12771113,0.054529924,0.058488786,0.041748967,0.11261461,0.0328102,0.04692465,0.05867073,0.05301389,0.047017645,0.079037726,0.043665096,0.05143277,0.067273416,0.054855425,0.07020502
34,0.124082685,0.038205743,0.032577425,0.060401466,0.10313695,0.043664772,0.029877776,0.0373788,0.051584188,0.09250503,0.05913349,0.06806793,0.03214922,0.058873072,0.11647024,0.051891226
35,0.06901576,0.057192948,0.079827,0.040162276,0.08569351,0.056143463,0.07513333,0.038109455,0.053733572,0.028623998,0.065362595,0.06711613,0.043054312,0.07989925,0.059569437,0.10136292
36,0.07877199,0.039831746,0.09738102,0.04636324,0.05517522,0.07304254,0.07760887,0.068597354,0.0571707,0.044430625,0.07478997,0.061169922,0.027166657,0.065449245,0.048817966,0.08423293
37,0.06216645,0.05836452,0.06320582,0.078359194,0.098850824,0.12633269,0.12453104,0.036298577,0.048198935,0.03906923,0.041924883,0.041687723,0.06417794,0.01978408,0.048735145,0.0483129
38,0.105992675,0.08635348,0.0724256,0.037823576,0.09095677,0.048444618,0.049935084,0.05577026,0.038120378,0.05382501,0.045683634,0.09257253,0.044010967,0.066304795,0.05683437,0.054946255
39,0.12687129,0.032933608,0.044154737,0.04091871,0.06973895,0.041677203,0.06133126,0.039347563,0.07169699,0.025436493,0.14357437,0.06436046,0.03555647,0.06152447,0.027570153,0.11330726
40,0.096286796,0.060058545,0.060668647,0.055761877,0.1094444,0.08787549,0.09162279,0.050867397,0.047782186,0.051443327,0.06613892,0.040048823,0.05198623,0.01856809,0.0311015,0.08034498
41,0.070345104,0.051570565,0.05182751,0.04449196,0.11869236,0.053807553,0.0737648,0.054193687,0.032944415,0.06050496,0.048146795,0.03447029,0.066677,0.055054527,0.066979945,0.11652857
42,0.11660117,0.027478,0.017087946,0.060250342,0.1302769,0.053122833,0.06493375,0.021523423,0.033519197,0.05448633,0.050270736,0.07211629,0.05422618,0.10969383,0.070552126,0.063860916
43,0.12656324,0.043208044,0.039640676,0.06664791,0.08491278,0.040057823,0.03365141,0.057498246,0.069372274,0.07770768,0.088865876,0.08987831,0.031066125,0.04732528,0.04927643,0.054327887
44,0.039860442,0.083236955,0.058912292,0.05942376,0.061157506,0.07109609,0.047580447,0.042815745,0.1046708,0.05024207,0.098973475,0.07420001,0.048525292,0.028604211,0.023728035,0.10697284
45,0.10440623,0.06478737,0.06089506,0.038128357,0.1004833,0.06340877,0.05093488,0.039264873,0.042485345,0.052669447,0.06438616,0.040805284,0.052321717,0.039758008,0.07842662,0.10683862
46,0.033808615,0.022574538,0.061632067,0.08939046,0.06420261,0.08422568,0.096147716,0.060994025,0.05608676,0.07324184,0.03553321,0.07910691,0.028187236,0.08171531,0.09130374,0.041849267
47,0.07114341,0.071561016,0.036416616,0.05977586,0.16200191,0.03999527,0.03767477,0.041374356,0.03135399,0.087518744,0.0537404,0.021678714,0.07814219,0.034693312,0.07579672,0.097132705
48,0.1498559,0.036236797,0.084557295,0.018741561,0.06270551,0.07308698,0.08485111,0.04621889,0.043194667,0.037923504,0.056094036,0.053396314,0.04062699,0.04198345,0.07975749,0.09076955
49,0.07447061,0.03782153,0.016703583,0.0827362,0.14098653,0.03092795,0.034584995,0.02638351,0.07963257,0.071026035,0.089312755,0.046577837,0.08972911,0.061259795,0.06921492,0.048632067
50,0.058523167,0.07103952,0.07134145,0.038769238,0.05735511,0.0794928,0.099251114,0.038318276,0.05315655,0.023335688,0.07240092,0.04869883,0.07685253,0.06285625,0.038610216,0.10999838
51,0.071855344,0.062219914,0.053497348,0.056461956,0.08209654,0.11354723,0.071831256,0.0394937,0.0539874,0.07538891,0.04859826,0.07256944,0.053182583,0.026782269,0.059839685,0.05864814
52,0.11974964,0.0338349,0.027162276,0.05787013,0.08961878,0.06346073,0.06495016,0.045137938,0.047095552,0.07901156,0.07712027,0.038490012,0.06694134,0.053025622,0.055629972,0.08090114
53,0.09218647,0.04309531,0.06312261,0.031762943,0.07209163,0.08847224,0.09073264,0.029236525,0.05525613,0.028935796,0.05599011,0.08451241,0.049063534,0.066653766,0.06881144,0.080076404
54,0.12764932,0.055265885,0.07579263,0.04439767,0.08401152,0.060049985,0.056993764,0.099966235,0.025696466,0.1057058,0.04160714,0.03855899,0.03300862,0.045580644,0.052765716,0.052949667
55,0.0724658,0.0885941,0.10474325,0.030626664,0.08681945,0.080903076,0.09195855,0.03533623,0.052506376,0.023843134,0.06588144,0.034293376,0.07289458,0.027069801,0.04583561,0.08622854
56,0.13360858,0.06828874,0.05427229,0.036304478,0.11432622,0.050581962,0.044011086,0.044559922,0.045001686,0.07377574,0.054064017,0.058173936,0.046923418,0.03804898,0.075987816,0.062071126
57,0.05016234,0.06126823,0.055515338,0.08036784,0.11273854,0.06549212,0.06675496,0.035083566,0.09858385,0.036584172,0.076790065,0.08443805,0.044691313,0.032202255,0.03137382,0.067953594
58,0.09278527,0.05762653,0.039235637,0.07836775,0.16584592,0.016965048,0.019028252,0.051359426,0.07948638,0.0785259,0.054238155,0.07889035,0.030413562,0.058831405,0.077975936,0.02042448
59,0.055474546,0.060417857,0.0643959,0.061633866,0.065657936,0.08627725,0.07646079,0.055345744,0.058157325,0.054610092,0.063881524,0.06539471,0.058776986,0.046154767,0.054033127,0.07332754
60,0.10459683,0.075847276,0.023373326,0.041605953,0.20119102,0.052611414,0.04388569,0.018121043,0.021460848,0.058736067,0.037329543,0.026114712,0.09592847,0.026494717,0.0816025,0.09110058
61,0.12369814,0.052974362,0.046581272,0.031474344,0.07625755,0.08936855,0.060847223,0.03223139,0.044963147,0.057542283,0.0638335,0.06705466,0.04737137,0.036260206,0.061954275,0.107587755
62,0.07206195,0.024754,0.047416136,0.05778006,0.09918282,0.057256382,0.12789062,0.09107929,0.0411155,0.07868461,0.0401352,0.04323132,0.058727443,0.0612438,0.047259826,0.052181046
63,0.101845,0.091124736,0.11032025,0.022743529,0.051330626,0.042536,0.046369866,0.050212935,0.037970174,0.023530303,0.105418555,0.028136551,0.054838736,0.05590877,0.042517006,0.13519697
64,0.03639889,0.049557954,0.08309568,0.06720558,0.06101139,0.08720732,0.08306561,0.071430735,0.073647246,0.06638045,0.052554917,0.053290546,0.05320399,0.039174214,0.06331888,0.059456598
65,0.091274045,0.02465391,0.03680249,0.053591117,0.060529273,0.06660607,0.088770024,0.074207604,0.06099136,0.08093961,0.0919515,0.03179326,0.06752267,0.050936878,0.05075315,0.06867713
66,0.10217774,0.057206154,0.08583481,0.027908407,0.050274193,0.0751434,0.03944354,0.05740114,0.06656364,0.080233954,0.065790035,0.0737785,0.033213127,0.03587414,0.0812195,0.06793772
67,0.08466774,0.051671203,0.042495463,0.052259315,0.11569058,0.081320256,0.080046654,0.024552435,0.031285048,0.037831064,0.0468363,0.042495962,0.06286154,0.06783149,0.08736408,0.090790845
68,0.13024835,0.032373223,0.044482578,0.03168935,0.11305559,0.06863833,0.083671205,0.037309915,0.057118714,0.058612455,0.04584745,0.061026048,0.053162444,0.041460495,0.081094585,0.060209274
69,0.12632996,0.026640125,0.0322749,0.03609729,0.098107874,0.07229318,0.07513735,0.0493737,0.04116371,0.11240563,0.037658483,0.07910431,0.043781985,0.04732952,0.070393614,0.051908404
70,0.10272407,0.057017922,0.03643172,0.052727822,0.09184917,0.050788682,0.04874131,0.038263068,0.04880693,0.05500483,0.07000581,0.078143924,0.05862215,0.06984827,0.060642388,0.080381915
71,0.113411784,0.07555299,0.030477086,0.10369712,0.16286789,0.038856823,0.05320072,0.034045026,0.06307018,0.03561133,0.060141724,0.05235057,0.081870005,0.037505697,0.029476225,0.027864806
72,0.04515664,0.042231455,0.05846403,0.0742211,0.08983662,0.063837826,0.08104434,0.06473277,0.07720968,0.056717023,0.06741047,0.07088523,0.03845255,0.046950642,0.031208657,0.09164097
73,0.13234529,0.03107208,0.06695365,0.039486554,0.07813796,0.07204007,0.07818448,0.07454733,0.046306696,0.082411624,0.050287943,0.055027384,0.03142146,0.03913678,0.06857536,0.054065306
74,0.095572,0.0783849,0.06411969,0.03452268,0.06564646,0.06237967,0.044693124,0.052863214,0.04179651,0.06407409,0.07345592,0.058168218,0.04684032,0.050390262,0.05229953,0.11479341
75,0.05933361,0.045944586,0.07687,0.05635364,0.07601214,0.09131641,0.08216209,0.04494651,0.04467764,0.049411833,0.046987593,0.06309779,0.03293482,0.06683799,0.080350436,0.08276291
76,0.10940782,0.041762438,0.04987024,0.0542307,0.08253881,0.10744303,0.09402893,0.04943486,0.059541058,0.0688999,0.065944694,0.039105397,0.059615493,0.01855827,0.046804056,0.052814275
77,0.1262491,0.033571932,0.02788438,0.08304667,0.11162332,0.031868976,0.041853312,0.07777635,0.070049934,0.11295873,0.07633992,0.05022488,0.04603653,0.036467176,0.038383275,0.035665512
78,0.07992039,0.04506126,0.05251466,0.047991585,0.08797848,0.059285253,0.0788801,0.05140565,0.04946798,0.05351129,0.06703198,0.041613244,0.059222102,0.071781,0.06120007,0.09313492
79,0.14851765,0.06559085,0.044385146,0.03212225,0.09263346,0.043230698,0.030607631,0.039219994,0.038841207,0.07520165,0.05398069,0.0653347,0.0466592,0.06298613,0.106803216,0.053885564
80,0.113686085,0.03237541,0.050014984,0.04233089,0.055574607,0.038713645,0.03992689,0.08066056,0.08583203,0.081540965,0.10014596,0.08134212,0.028771395,0.07461384,0.04956545,0.044905186
81,0.08886441,0.053188697,0.08063042,0.025604941,0.046708424,0.08118028,0.052948605,0.06756417,0.05942269,0.07708547,0.073868684,0.036701515,0.058482524,0.034272265,0.08610046,0.07737643
82,0.06278672,0.08613163,0.04633877,0.06219526,0.12448639,0.04554425,0.040038493,0.041842107,0.03200082,0.08323601,0.030563409,0.08565921,0.050372526,0.08070123,0.08642081,0.041682392
83,0.111100115,0.058817957,0.06561772,0.049537044,0.11465601,0.054059714,0.052162617,0.06542892,0.05172888,0.08263397,0.058989212,0.03981854,0.04111837,0.030381536,0.057427377,0.06652202
84,0.14884053,0.03204952,0.0509519,0.010809317,0.0331558,0.08847388,0.054509312,0.036158364,0.026277943,0.057422277,0.048963416,0.045146357,0.052420367,0.08542008,0.13223104,0.097169906
85,0.11290134,0.054727793,0.05137849,0.05421855,0.110965006,0.062129397,0.059229463,0.037797417,0.05022365,0.049861874,0.08621403,0.030114144,0.05324417,0.03431501,0.0531451,0.09953459
86,0.08732595,0.04898143,0.10085716,0.04866584,0.07404126,0.09376962,0.09138728,0.06384677,0.054161325,0.048343033,0.06451458,0.03455883,0.03369276,0.023221562,0.044599544,0.08803306
87,0.12488524,0.043848824,0.061721023,0.048921436,0.054346245,0.078342594,0.055739045,0.065767884,0.08822306,0.06164065,0.09953236,0.07400873,0.03691729,0.026130004,0.030213155,0.04976243
88,0.08528855,0.06795321,0.07101576,0.01545811,0.03308494,0.060941,0.040458634,0.049863923,0.038105812,0.050410803,0.074484475,0.031698775,0.07746715,0.07485877,0.08890017,0.14000995
89,0.042535823,0.061636467,0.084320605,0.063092746,0.088956855,0.06971232,0.08842551,0.05018727,0.042615782,0.038676355,0.05396514,0.04141876,0.04570608,0.06228125,0.053230267,0.113238774
90,0.08601006,0.045938637,0.11799675,0.044429164,0.059978057,0.07479934,0.06606874,0.056137268,0.048399176,0.041504756,0.057552706,0.07256166,0.020053156,0.071444474,0.06618598,0.0709401
91,0.0733337,0.0511702,0.07084351,0.057511996,0.07202963,0.053067803,0.063249655,0.049324084,0.09071505,0.034977544,0.07392651,0.08231338,0.039400604,0.08254238,0.054238558,0.051355347
92,0.08148682,0.07774995,0.13429938,0.018964825,0.074958205,0.0581106,0.07284602,0.042396594,0.046075564,0.024694992,0.05424053,0.03246434,0.05993137,0.03971501,0.07541195,0.10665382
93,0.093638994,0.054888066,0.036150444,0.047322456,0.09747193,0.100551985,0.07700939,0.022785733,0.026474148,0.040181167,0.05657701,0.02642525,0.06946629,0.037396803,0.066487215,0.14717312
94,0.076478444,0.03050085,0.061445903,0.03607074,0.110651486,0.06289183,0.12611914,0.046928708,0.03957392,0.042609666,0.035016123,0.042513285,0.062301397,0.075468995,0.087335445,0.06409402
95,0.096369684,0.09595295,0.062806316,0.024689153,0.058635462,0.081498586,0.04564816,0.02873007,0.04029942,0.03944806,0.072911,0.03297768,0.080182746,0.030095438,0.078981586,0.13077365
96,0.055811178,0.06822411,0.080792464,0.05128775,0.09759897,0.094112195,0.061722804,0.040072337,0.025215948,0.06997529,0.02530013,0.046107173,0.03401475,0.050320804,0.1255848,0.07385928
97,0.063711256,0.08109347,0.099933185,0.062293082,0.08937169,0.04670022,0.040748537,0.05221502,0.050878737,0.04610679,0.05344839,0.07411193,0.026573157,0.0769461,0.078873344,0.05699509
98,0.12118265,0.05952474,0.038526256,0.0709064,0.12851217,0.056556266,0.050984215,0.032558322,0.04027613,0.048224106,0.08345884,0.049030576,0.04237184,0.051675793,0.043232292,0.08297942
99,0.12684977,0.053263932,0.03758496,0.047930125,0.094317146,0.08512894,0.039998382,0.03478855,0.0467269,0.100829475,0.059708834,0.061254486,0.035567746,0.022787675,0.059084963,0.09417814
100,0.105882585,0.11554372,0.058564007,0.0386728,0.090679735,0.07379726,0.04392186,0.039866567,0.033106994,0.06682924,0.05443287,0.03726178,0.07747629,0.02851048,0.07114405,0.06430972
101,0.058249753,0.042781565,0.07265014,0.027710697,0.068038635,0.06089974,0.09452636,0.022393646,0.043516498,0.013543333,0.07851693,0.035838503,0.049111035,0.079520315,0.046934247,0.2057686
102,0.06620617,0.036940902,0.05807132,0.042001676,0.06079107,0.06442476,0.068614505,0.065503396,0.06126852,0.07111636,0.06625042,0.04312421,0.0603514,0.06746583,0.092654616,0.07521487
103,0.098317705,0.036303665,0.041785553,0.0499085,0.08872026,0.054431718,0.06510183,0.0638543,0.03107364,0.09170964,0.04644573,0.038923975,0.05135779,0.08521563,0.08846322,0.06838685
104,0.1282082,0.049925063,0.068368085,0.037795845,0.0741516,0.055057988,0.07366917,0.05279425,0.042706802,0.03578235,0.069899015,0.060571533,0.04799513,0.080685526,0.05116701,0.07122245
105,0.13206433,0.03529783,0.028701706,0.071346276,0.08485195,0.059031326,0.0398131,0.036705084,0.060919464,0.0752812,0.10648382,0.05629875,0.034430157,0.041545797,0.049996406,0.087232806
106,0.10823769,0.03736225,0.056219045,0.048813935,0.082320474,0.059805315,0.06400301,0.065587536,0.03547585,0.08453512,0.043956596,0.067441806,0.03324449,0.07932365,0.08173012,0.05194311
107,0.06579277,0.051132366,0.067100905,0.06947368,0.082655646,0.07169093,0.06390067,0.040814843,0.055745337,0.043000728,0.056056034,0.07444858,0.03334844,0.07881883,0.07484203,0.07117826
108,0.12695453,0.062823035,0.06827975,0.035300527,0.092778645,0.09270037,0.060619857,0.033311512,0.054254755,0.053324904,0.07192827,0.044771764,0.037856806,0.019820265,0.05129038,0.0939846
109,0.10411491,0.062454816,0.051963586,0.037837554,0.07478946,0.078891255,0.05552389,0.029056042,0.03818159,0.04599822,0.061239973,0.053676337,0.046031963,0.060571223,0.08156779,0.118101396
110,0.06516839,0.09139674,0.02537887,0.030112205,0.06853328,0.056172702,0.026442463,0.010954718,0.058510512,0.031285558,0.09897455,0.032834027,0.1115635,0.033042718,0.08064074,0.17898904
111,0.08325031,0.019390767,0.036832575,0.07874585,0.11477133,0.077632286,0.17730498,0.045441065,0.058487296,0.039577473,0.052185703,0.038864013,0.056603987,0.04317623,0.040044352,0.037691798
112,0.07126963,0.054115802,0.082254,0.054780602,0.12490976,0.044322323,0.0854738,0.03585134,0.03782549,0.019782621,0.055528253,0.028988577,0.05535243,0.09515672,0.058849245,0.09553939
113,0.12509957,0.03972888,0.065878436,0.025204906,0.04461951,0.085835926,0.06283131,0.05090062,0.05714604,0.05339256,0.110129885,0.03344031,0.0368751,0.029443068,0.04200156,0.1374723
114,0.07778519,0.03986158,0.060774103,0.046919335,0.053179804,0.0899488,0.07408068,0.057997037,0.04896115,0.06995058,0.051811162,0.06945161,0.046011668,0.07425421,0.08235321,0.05665985
115,0.10464487,0.055014465,0.040056363,0.036940467,0.08521572,0.08097798,0.06460683,0.032882154,0.03933693,0.051888257,0.08394372,0.035226718,0.05436304,0.026109645,0.035118926,0.17367394
116,0.04802614,0.10878908,0.08482471,0.06437336,0.075233325,0.053104717,0.036202446,0.067991614,0.055779994,0.070550494,0.06064865,0.071798995,0.0418594,0.046651963,0.05557421,0.058590855
117,0.09045599,0.041190248,0.06491072,0.026155293,0.04695758,0.09198322,0.07380258,0.05206419,0.030992173,0.07059454,0.04010904,0.06709645,0.045438897,0.09367856,0.09640763,0.06816288
118,0.111821085,0.09557113,0.049818557,0.06678023,0.16434799,0.046140764,0.03352665,0.038047925,0.048334643,0.07666808,0.04031288,0.075046696,0.039445356,0.025362423,0.06003553,0.02874001
119,0.034700815,0.08613465,0.096096046,0.030639926,0.047934998,0.09175459,0.05985106,0.03519317,0.042375963,0.03757135,0.042280655,0.0535598,0.06325319,0.07228259,0.106893204,0.099477984
120,0.07068377,0.032756854,0.04268435,0.05716114,0.11225379,0.09034324,0.101317696,0.032752533,0.041399304,0.05676299,0.040474925,0.060081962,0.041348655,0.071168445,0.07590783,0.07290256
121,0.076188475,0.065165736,0.058418315,0.04909503,0.107378624,0.07621678,0.06951807,0.035110746,0.051484287,0.046603978,0.051202133,0.06549059,0.059418228,0.0483496,0.07447087,0.065888554
122,0.058358848,0.0525243,0.09110931,0.025380319,0.041062787,0.05062959,0.059635323,0.055243444,0.061293077,0.036908064,0.060105626,0.06741653,0.06426316,0.114931345,0.09282064,0.068317674
123,0.12391925,0.03088449,0.031642217,0.041528534,0.0915562,0.034064308,0.041835994,0.07628453,0.03587207,0.14794828,0.0469826,0.03618987,0.044210535,0.07665709,0.09285518,0.04756887
124,0.11275852,0.031521488,0.079066046,0.01816638,0.045749187,0.092396624,0.08266643,0.038615655,0.035070483,0.040825427,0.045423504,0.06111626,0.03409025,0.08394007,0.10430902,0.09428463
125,0.0697378,0.032592554,0.061239943,0.056814592,0.09114846,0.05629844,0.10146802,0.05224094,0.087987445,0.03239284,0.0837836,0.05085696,0.05613919,0.049487527,0.048127636,0.06968411
126,0.12403,0.047579546,0.05749966,0.064257264,0.103259474,0.06897562,0.071407415,0.031526446,0.05651444,0.026214918,0.10062199,0.050074592,0.03386678,0.03660449,0.039207738,0.08835968
127,0.091002814,0.030823102,0.06208394,0.040572915,0.056622896,0.08439594,0.107889734,0.08671846,0.033274267,0.081902824,0.04547821,0.041392367,0.050568994,0.068186134,0.06158948,0.0574979
128,0.047190428,0.044593055,0.0913617,0.03210731,0.0605911,0.06514826,0.07526722,0.0536502,0.042445898,0.056198373,0.029443806,0.069433436,0.041812796,0.11062641,0.118982874,0.061147142
129,0.05773334,0.07798485,0.06342081,0.059422683,0.14021386,0.048600897,0.04292265,0.061820854,0.0299949,0.09499981,0.037315678,0.02699423,0.047147904,0.036807388,0.07939895,0.095221184
130,0.057627622,0.05386885,0.04507285,0.07460777,0.12832427,0.052027863,0.06061091,0.021879667,0.07074506,0.025679305,0.09356626,0.038000543,0.05799395,0.05255316,0.04970014,0.11774174
131,0.08166112,0.053648993,0.07060879,0.048890818,0.076764256,0.08037505,0.066339105,0.055444155,0.04586069,0.067395516,0.05067269,0.067264505,0.03635532,0.049363125,0.06896097,0.08039489
132,0.1166766,0.057899456,0.08569709,0.035262745,0.08974413,0.06364935,0.06451055,0.058027733,0.022840867,0.065130845,0.0288831,0.033822965,0.046225738,0.06061856,0.12902652,0.041983757
133,0.11606645,0.06787779,0.08582082,0.045760367,0.07920888,0.04223995,0.035286926,0.06721941,0.037761867,0.059657484,0.06957515,0.054011222,0.024772972,0.07689216,0.057676736,0.080171876
134,0.055170935,0.044125218,0.0744993,0.03132134,0.07340775,0.087073915,0.11977527,0.029987091,0.06530071,0.018533831,0.07786793,0.051113904,0.049673468,0.038045157,0.032759145,0.15134504
135,0.08138069,0.07811441,0.08796694,0.03023912,0.05262984,0.06481064,0.046035368,0.03205565,0.05694391,0.024620803,0.10555023,0.05663541,0.046048354,0.06584123,0.06291166,0.10821577
136,0.08494034,0.029263899,0.069156356,0.044126898,0.10540817,0.06199499,0.09080192,0.072094835,0.02983174,0.07437509,0.035615254,0.03443935,0.03276402,0.06595549,0.09051743,0.078714244
137,0.07731587,0.07049463,0.056726474,0.045567054,0.10857514,0.07209945,0.06379565,0.019551607,0.06751489,0.027010815,0.069039494,0.06480128,0.051607203,0.040481325,0.059457663,0.10596145
138,0.07558987,0.086508214,0.04625189,0.04901299,0.09501088,0.02050817,0.016249416,0.049976155,0.08175383,0.068611175,0.08563536,0.08495081,0.03843248,0.08748592,0.07068604,0.043336783
139,0.07337128,0.039155763,0.06186846,0.040723868,0.053528216,0.09615654,0.069170676,0.061655115,0.048808005,0.08397701,0.06630529,0.04496716,0.04045983,0.049716424,0.07599027,0.09414611
140,0.13403045,0.042633582,0.06890413,0.037752554,0.09497833,0.046417844,0.08383545,0.07271349,0.06619471,0.04192701,0.08072576,0.049111187,0.055670302,0.036149416,0.0344514,0.05450438
141,0.094996065,0.0499675,0.041602414,0.06487768,0.13548188,0.06649186,0.056707293,0.028743654,0.05664827,0.052593093,0.046501964,0.06768786,0.055152815,0.03438713,0.09531754,0.052843004
142,0.08079694,0.055956747,0.07598565,0.039035767,0.06526395,0.07576778,0.07051304,0.051031966,0.058185697,0.04636982,0.07180893,0.07334904,0.042354602,0.053084236,0.053517606,0.08697823
143,0.12537476,0.051681966,0.05801186,0.0399976,0.06588729,0.064274825,0.06801925,0.0631564,0.05320247,0.049580302,0.098923445,0.040045988,0.061619293,0.04586075,0.037618212,0.07674566
144,0.10548345,0.047510613,0.06578535,0.0595475,0.109208405,0.09412674,0.108490385,0.049616948,0.059328903,0.048936278,0.049528826,0.039384715,0.05502613,0.019436387,0.043924257,0.04466514
145,0.084394306,0.027244015,0.05804788,0.04667565,0.070935436,0.07969419,0.12201247,0.051239077,0.03985691,0.043944012,0.04939724,0.036377847,0.045819085,0.074087426,0.07433566,0.09593878
146,0.039117575,0.01924525,0.032749638,0.09521544,0.07882647,0.079455286,0.13638061,0.054496024,0.0653804,0.06543371,0.049726624,0.05934139,0.055199925,0.055938512,0.049046595,0.06444653
147,0.08566176,0.038839288,0.05644038,0.037437856,0.050281286,0.108503394,0.090379596,0.037679344,0.045523394,0.041897077,0.077862605,0.06569296,0.038959354,0.076265626,0.04757373,0.10100242
148,0.044341486,0.04936273,0.0870652,0.036270596,0.045150246,0.10002875,0.09100342,0.04326506,0.07172062,0.03375597,0.06072681,0.05271907,0.059997667,0.062864274,0.077598095,0.08413003
149,0.14079374,0.055406716,0.07163903,0.024371156,0.08586501,0.08483601,0.06259155,0.047454093,0.026362672,0.08265472,0.03912562,0.038648676,0.03750669,0.03117434,0.091199435,0.080370486
150,0.082009606,0.023084408,0.07404566,0.07756036,0.10884804,0.03420313,0.08779958,0.085475124,0.07776459,0.03591689,0.07939521,0.048504457,0.029320946,0.06981694,0.04073761,0.045517493
151,0.08261747,0.086925484,0.07382675,0.044757057,0.090171896,0.084840685,0.05888057,0.035697944,0.025611287,0.04850796,0.045345176,0.036108762,0.047358364,0.04224203,0.09560301,0.1015056
152,0.094036765,0.043392394,0.0481194,0.027430395,0.09000057,0.089889765,0.08269098,0.020556105,0.058807086,0.030142054,0.056465168,0.07413424,0.06424373,0.040773075,0.082705416,0.09661287
153,0.070515156,0.037870552,0.042661827,0.06377578,0.12605017,0.115476035,0.102211036,0.026395084,0.04745234,0.057361197,0.034126133,0.06973684,0.044510975,0.03271461,0.074795015,0.054347247
154,0.08231108,0.09522393,0.05966553,0.062071953,0.10226065,0.054250404,0.030889312,0.055411767,0.054628905,0.09623155,0.06735422,0.04671529,0.042992394,0.027330227,0.06243893,0.060223863
155,0.10366502,0.07150274,0.065219395,0.06348915,0.093028896,0.07252248,0.05367687,0.057963114,0.04829978,0.069702454,0.05870831,0.027273173,0.061934218,0.021108367,0.07311046,0.058795586
156,0.07553148,0.048700098,0.08313895,0.04127115,0.06625258,0.091767825,0.07618329,0.047198936,0.046519745,0.05711763,0.04170997,0.07083207,0.036789086,0.06300881,0.09292996,0.0610484
157,0.10969714,0.04704654,0.021896327,0.044641268,0.1042432,0.038093347,0.025756778,0.031641036,0.04803108,0.13431145,0.041159306,0.08638308,0.05076782,0.050460156,0.1224472,0.04342425
158,0.12363925,0.07256631,0.042469364,0.0477083,0.09747299,0.051160574,0.031283718,0.03626204,0.05370133,0.069930375,0.08443493,0.06648565,0.03998086,0.04228321,0.0560351,0.084586
159,0.09877187,0.09497509,0.061836828,0.04451613,0.108768225,0.06010427,0.042236418,0.03490624,0.056474824,0.051563006,0.07285736,0.03930694,0.06239158,0.023793524,0.06697223,0.0805254
160,0.104320146,0.051725987,0.05294941,0.053937513,0.10009333,0.07450566,0.08816614,0.038009863,0.05477217,0.035957944,0.06898955,0.070230454,0.049939733,0.05388239,0.04260901,0.05991071
161,0.050784606,0.019617392,0.047387335,0.051976565,0.08400101,0.08617418,0.13618879,0.04935162,0.037974145,0.06651839,0.027058432,0.0685991,0.036685407,0.08260855,0.08819333,0.06688116
162,0.054372773,0.021991305,0.043092635,0.08806046,0.07599244,0.056478363,0.1244661,0.083386004,0.06823938,0.06063095,0.053449586,0.05310884,0.054870714,0.08262309,0.036892366,0.042344984
163,0.05577113,0.09933221,0.05876902,0.060389787,0.12259838,0.06501973,0.054932564,0.025809094,0.04944472,0.035310294,0.056362655,0.05793001,0.05830568,0.051154893,0.060518537,0.08835129
164,0.085228354,0.027161142,0.025978372,0.072571136,0.13203539,0.06260298,0.091017574,0.035391554,0.082857445,0.06505233,0.056970164,0.06304409,0.07047636,0.032247804,0.057611298,0.039754044
165,0.09074219,0.09457766,0.078773074,0.06346351,0.08997635,0.021773329,0.019800512,0.0692502,0.075263165,0.048385754,0.09271887,0.08894822,0.022893602,0.067496,0.041027527,0.03491001
166,0.08800495,0.073143244,0.043024734,0.038677875,0.08107764,0.025569981,0.02685304,0.023348639,0.0857265,0.019913113,0.13693191,0.08422566,0.04918201,0.0998742,0.042602807,0.08184369
167,0.113390304,0.027816916,0.044358637,0.063643746,0.14635028,0.04925825,0.100967884,0.039838742,0.053645466,0.03323388,0.057872046,0.07315124,0.03339761,0.071248084,0.034821916,0.05700499
168,0.051078524,0.07919858,0.064674035,0.08234793,0.1093444,0.059970926,0.04355966,0.030807251,0.056519102,0.043956745,0.05019465,0.096443124,0.029559994,0.06432187,0.070118815,0.067904375
169,0.095843226,0.03526741,0.052511174,0.06014589,0.08894655,0.046984453,0.077820756,0.07430314,0.0824292,0.05523208,0.07662732,0.07042154,0.04496993,0.05614828,0.037008483,0.045340568
170,0.07353554,0.042195614,0.05146267,0.031058282,0.044594366,0.07805597,0.049349975,0.04163159,0.043587636,0.06970421,0.06890413,0.068940595,0.034240704,0.08209601,0.08944938,0.1311933
171,0.10310063,0.027916403,0.060002115,0.050633755,0.07636354,0.07960748,0.11600554,0.049705192,0.073364444,0.035419133,0.05893444,0.073275216,0.04804653,0.053959247,0.054785397,0.038880914
172,0.096160434,0.041472625,0.088378675,0.021804899,0.053922296,0.090904415,0.12320433,0.05914719,0.036180504,0.044639383,0.04398021,0.043355715,0.07115663,0.050174654,0.06948239,0.06603562
173,0.07868684,0.08343795,0.05959807,0.04676945,0.07050534,0.08618053,0.06796224,0.03733189,0.046573713,0.04179505,0.06747473,0.054539245,0.07002341,0.048728466,0.054213304,0.086179785
174,0.0793064,0.09329181,0.06365541,0.041680213,0.082353204,0.11900207,0.068973325,0.036073994,0.051650584,0.0636851,0.04981257,0.0433939,0.075458266,0.016912345,0.04806,0.06669078
175,0.11237937,0.046381053,0.06324009,0.064448245,0.124579184,0.051502462,0.07966893,0.058871046,0.05713607,0.04332928,0.052472133,0.06515,0.041125108,0.054570217,0.04262328,0.042523548
176,0.16688018,0.04874905,0.077470176,0.038621552,0.08900107,0.022574356,0.032428015,0.07258938,0.09076766,0.036831822,0.12748441,0.05896167,0.024543995,0.04361643,0.03173774,0.037742477
177,0.07484854,0.041956935,0.061865043,0.086831756,0.16332954,0.046428025,0.07801079,0.0838775,0.03704868,0.08456102,0.04033396,0.021907747,0.046332877,0.028656444,0.059221584,0.044789642
178,0.060966242,0.046584267,0.05743051,0.059351664,0.08275016,0.051450714,0.076177545,0.048852313,0.08233867,0.037068382,0.07012919,0.075611345,0.054333348,0.08916191,0.04869001,0.059103716
179,0.1388806,0.03825659,0.039477628,0.037449066,0.13233331,0.039115038,0.06089266,0.021942914,0.06361503,0.02316633,0.07615796,0.070891626,0.05515784,0.06980155,0.06691615,0.0659457
180,0.054845702,0.0412388,0.024325067,0.06583869,0.10191912,0.051095817,0.049728144,0.035684872,0.041124884,0.09855392,0.04967168,0.054278705,0.07327657,0.07944652,0.09178764,0.08718384
181,0.10588434,0.045247477,0.023113945,0.05926612,0.11019635,0.12476281,0.067968,0.014229171,0.04993677,0.044994894,0.06335541,0.028399581,0.0825682,0.01601794,0.06983727,0.094221674
182,0.08193106,0.044625085,0.049138848,0.0676072,0.07169749,0.0778729,0.05930007,0.06388556,0.04813951,0.1026358,0.06516681,0.042582344,0.037095953,0.046346966,0.06093551,0.08103892
183,0.06726297,0.055509556,0.05725302,0.049171638,0.061821077,0.05940887,0.07133446,0.0339435,0.06885194,0.021876788,0.12159435,0.06666877,0.047177315,0.071100175,0.028178865,0.11884669
184,0.07100203,0.047481935,0.058808465,0.030267512,0.044220686,0.103514165,0.06219418,0.02752922,0.09271059,0.033845376,0.117540486,0.08711094,0.035315912,0.030238615,0.0321053,0.12611453
185,0.14226007,0.08793195,0.05978604,0.044479817,0.12957455,0.043283205,0.029303642,0.032060053,0.062288016,0.05372138,0.07463948,0.049008608,0.03856438,0.021214359,0.07041063,0.061473846
186,0.14307646,0.02357621,0.038471192,0.058939856,0.100907244,0.066835895,0.07071624,0.052058116,0.043762814,0.07955799,0.05210577,0.06318683,0.029770939,0.05074732,0.07145087,0.05483627
187,0.08550986,0.03055398,0.06455349,0.02932518,0.04500289,0.0386464,0.052338276,0.11021861,0.057400282,0.098759115,0.0460128,0.057082098,0.044552583,0.09309212,0.1060513,0.040901046
188,0.116191305,0.041320104,0.04727008,0.04821189,0.13162835,0.044982683,0.05634208,0.037103012,0.06595216,0.04726171,0.06463517,0.056879967,0.05146426,0.05145809,0.087536775,0.051762313
189,0.1352044,0.047461767,0.07298192,0.052166387,0.078571655,0.052683916,0.057437737,0.08756608,0.038631793,0.063034445,0.07920003,0.036134243,0.032110866,0.041643877,0.04143968,0.08373126
190,0.05294718,0.054730576,0.05706716,0.057901453,0.14409515,0.073732205,0.09307752,0.046111602,0.02765037,0.06620932,0.027252108,0.047348183,0.053986758,0.05930324,0.076340325,0.06224681
191,0.12460246,0.030839758,0.049791273,0.037974093,0.08977342,0.044935122,0.06669945,0.07620006,0.04031539,0.086454034,0.04714972,0.046948414,0.041897476,0.078830235,0.078611664,0.058977436
192,0.066995546,0.0624274,0.057298254,0.061059296,0.17294566,0.028655082,0.045906004,0.046103615,0.06867785,0.04946983,0.038450617,0.06014667,0.057707995,0.06215419,0.09122171,0.03078027
193,0.06983874,0.05479814,0.11280283,0.030173143,0.05135406,0.078855194,0.07943357,0.03757317,0.054079015,0.022486815,0.07047477,0.06866655,0.033428323,0.07347631,0.05661891,0.10594044
194,0.10188597,0.07655042,0.08185685,0.05232516,0.10915995,0.054858536,0.042675655,0.06139348,0.027823418,0.08308398,0.033915434,0.046604346,0.031220898,0.053148884,0.101296365,0.042200703
195,0.09256822,0.06518956,0.028297564,0.039479505,0.107132405,0.07894685,0.06740692,0.013543588,0.021981874,0.02742956,0.046673477,0.060056876,0.06685728,0.09204923,0.06995257,0.12243446
196,0.041738655,0.060829815,0.10053895,0.08114346,0.099298395,0.06521981,0.090553075,0.05422357,0.046423387,0.035779625,0.04027186,0.0719542,0.035604913,0.069284074,0.05493352,0.052202713
197,0.111849345,0.05262355,0.05762819,0.046860635,0.073338754,0.048690874,0.049497202,0.050096493,0.06889803,0.042611007,0.124604605,0.05178714,0.043752152,0.05689694,0.039747253,0.08111783
198,0.053313628,0.07580812,0.061124634,0.06097885,0.08819654,0.07369409,0.06695404,0.039505664,0.053563852,0.044484947,0.05732545,0.04250008,0.07493178,0.045498908,0.07403039,0.08808908
199,0.05725051,0.06494475,0.021163305,0.119691074,0.1377744,0.07722293,0.046963345,0.016156174,0.086359166,0.051697034,0.06157789,0.07989399,0.067526214,0.018837413,0.037622698,0.05531913
200,0.05965135,0.03602514,0.027017338,0.070953876,0.12313136,0.065545626,0.05710733,0.024136474,0.03977072,0.068264835,0.039497945,0.07715031,0.048573192,0.08075375,0.10588229,0.07653853
201,0.08707745,0.04912691,0.041765034,0.051299024,0.08401776,0.10712394,0.06695391,0.039459668,0.032683104,0.09154228,0.0458288,0.038847644,0.05046134,0.034413584,0.08849009,0.09090948
202,0.12474725,0.07914335,0.07992242,0.041150063,0.09219432,0.056486174,0.04140124,0.037877653,0.050113723,0.040120237,0.0704743,0.06226465,0.03762913,0.051089432,0.07887771,0.05650839
203,0.12787126,0.025336722,0.02667114,0.06405144,0.14473033,0.029759228,0.048956204,0.04383294,0.046642568,0.074630044,0.046627592,0.062416017,0.04551205,0.085106075,0.09727579,0.030580567
204,0.12040184,0.064980164,0.07326513,0.041983128,0.09294567,0.07572583,0.069130026,0.03740521,0.032332778,0.036671624,0.068665065,0.03594252,0.038329143,0.038902603,0.053289216,0.12003005
205,0.049491134,0.02769435,0.03972126,0.089629106,0.08238857,0.067835994,0.09011651,0.065616034,0.060316622,0.09398371,0.04451947,0.04090484,0.057418417,0.050484654,0.08468276,0.055196602
206,0.14247309,0.035214677,0.055357587,0.034821782,0.09879276,0.069645606,0.13587718,0.03634983,0.0372317,0.021632353,0.06629585,0.055161983,0.041745532,0.05075143,0.02861879,0.090029895
207,0.04207987,0.0707941,0.076409064,0.08329486,0.12946354,0.05836281,0.054300588,0.055396765,0.03208172,0.07617777,0.029010952,0.04657421,0.036218595,0.056741517,0.09264061,0.06045303
208,0.05167051,0.033550348,0.07068539,0.030590346,0.058537584,0.05340868,0.1023254,0.09742996,0.049854692,0.062025446,0.052854393,0.032055788,0.07393221,0.074606985,0.06421551,0.092256755
209,0.08041798,0.045484092,0.039663408,0.066487186,0.12308049,0.059531327,0.06159137,0.03000354,0.042040642,0.048705366,0.06344854,0.041944783,0.05476868,0.07145706,0.08126191,0.09011366
210,0.07119196,0.022050822,0.07486636,0.030134574,0.037626043,0.070386946,0.07791958,0.06547781,0.07854242,0.049293,0.07434596,0.08464923,0.028831562,0.08648171,0.07252693,0.075675175
211,0.0516206,0.032199625,0.07353756,0.040640328,0.05761099,0.07205256,0.10322806,0.07542823,0.04844136,0.05745378,0.053865805,0.039023716,0.051375717,0.08088135,0.06944333,0.093196966
212,0.055022005,0.030167677,0.08060814,0.039741557,0.07118561,0.055693492,0.12368127,0.08076596,0.055973675,0.041596677,0.0573578,0.040369935,0.051507533,0.078329705,0.04798701,0.09001192
213,0.10959065,0.045405384,0.055231985,0.056863893,0.100209445,0.041799814,0.042426944,0.07322901,0.057580978,0.07436281,0.06494442,0.08963313,0.023895048,0.06438008,0.03617413,0.064272314
