,HS,VA3,VA1,FI2,FI1,IM1,IM2,VA2,AV2,PE2,AV1,AV3,IM4,BA,PE1,IM3
0,0.07799079,0.03450876,0.02818654,0.06736218,0.115337424,0.053389322,0.07275584,0.03320288,0.06591755,0.05972603,0.10616603,0.053544234,0.053998847,0.07316431,0.03895909,0.065790184
1,0.08855888,0.042054668,0.04599678,0.047193155,0.08260936,0.06035387,0.07039788,0.051728446,0.06885457,0.054928225,0.13989349,0.0389792,0.040355533,0.061886728,0.03204638,0.07416278
2,0.11347755,0.035420835,0.062389057,0.085985005,0.09290299,0.04537702,0.08946941,0.050710365,0.04397059,0.041635647,0.04120711,0.072324656,0.04700905,0.056077834,0.054325398,0.06771749
3,0.09074863,0.041863486,0.025692306,0.04382087,0.054276902,0.09287325,0.080739535,0.01776089,0.065494806,0.031499323,0.13900028,0.048187494,0.058537617,0.052890014,0.031983864,0.12463079
4,0.07422013,0.031665523,0.04783232,0.033466462,0.05639584,0.03430182,0.028527157,0.07948822,0.13321666,0.12368507,0.1478398,0.05240771,0.020644153,0.05341272,0.04434226,0.038554177
5,0.08341205,0.032208394,0.036883187,0.06911394,0.093280226,0.052019406,0.08137191,0.028230557,0.0860942,0.04618855,0.0952216,0.08805708,0.038448583,0.073165566,0.036285095,0.06001963
6,0.029085914,0.068516724,0.07570446,0.052813753,0.06473916,0.10566034,0.06449405,0.09221978,0.028350344,0.111862026,0.041500915,0.026481053,0.037673827,0.0696628,0.07093414,0.060300697
7,0.039226823,0.03598699,0.05249546,0.04953204,0.05971675,0.0712679,0.04899356,0.05162735,0.08354449,0.1033752,0.1547036,0.051549774,0.017387709,0.08690152,0.042015582,0.05167525
8,0.047639567,0.041489694,0.023498632,0.04973872,0.09743131,0.07405511,0.060433548,0.019114144,0.10424604,0.085075974,0.080871336,0.05137066,0.065582186,0.05432999,0.07344608,0.07167696
9,0.07362462,0.03165066,0.063772924,0.029721389,0.049260452,0.056791764,0.070913136,0.04604712,0.060211223,0.04782994,0.11728234,0.08475846,0.022702128,0.110558994,0.03256309,0.10231177
10,0.055323783,0.020542162,0.046995476,0.07057512,0.12098537,0.0328182,0.08531788,0.09197283,0.053491015,0.07198184,0.0705139,0.060638387,0.030283464,0.11082771,0.03323783,0.04449505
11,0.104516976,0.05791827,0.04205757,0.047159772,0.076339185,0.066238135,0.053936224,0.027727993,0.048113715,0.042256773,0.07982477,0.052124172,0.062246155,0.084570415,0.063992895,0.090977006
12,0.065616585,0.0795227,0.047381107,0.056825235,0.12199694,0.05186434,0.055730894,0.0452209,0.06047161,0.05514651,0.13086314,0.02416426,0.04917672,0.030463869,0.030269489,0.095285706
13,0.0283287,0.083779156,0.11588202,0.026167795,0.04379959,0.08949553,0.06314925,0.041831363,0.04741318,0.041292336,0.05654463,0.044807438,0.037936,0.089382745,0.08403651,0.10615375
14,0.04986887,0.041593175,0.04097445,0.08752209,0.06799298,0.08200956,0.064832635,0.074143976,0.05741333,0.109154224,0.122937016,0.042228173,0.031915184,0.042090755,0.02883681,0.056486752
15,0.08582467,0.054478113,0.05451147,0.049052164,0.08024573,0.048332024,0.054193135,0.044247538,0.07360932,0.050387826,0.105578326,0.068669535,0.03433097,0.07556652,0.0367155,0.08425715
16,0.07017043,0.043292094,0.033276316,0.06713832,0.097740196,0.0785461,0.08003577,0.051478107,0.047064945,0.0767994,0.07301165,0.027547248,0.06292376,0.056321252,0.053813804,0.08084059
17,0.08856321,0.04282951,0.075852245,0.062378574,0.060207635,0.053338062,0.055604037,0.064747326,0.06287766,0.06730995,0.08536219,0.068190835,0.026536668,0.062591,0.05126797,0.07234311
18,0.08538153,0.029416194,0.047869515,0.04137366,0.08033734,0.053840894,0.08539217,0.031766318,0.09100536,0.04713857,0.095341235,0.060742248,0.045271054,0.07423348,0.060587596,0.07030282
19,0.026561385,0.022062166,0.03404991,0.083697975,0.1247412,0.041100975,0.09061426,0.06610564,0.07227694,0.09848902,0.06279864,0.05086705,0.038991563,0.099364765,0.044547964,0.04373054
20,0.092409365,0.04115373,0.052297782,0.045095194,0.09316549,0.048404813,0.061018515,0.04560865,0.05523591,0.053223416,0.09899968,0.04707742,0.03736,0.08378327,0.04879504,0.09637175
21,0.11275444,0.055199966,0.059857976,0.039463833,0.057461035,0.049796443,0.046607833,0.044988524,0.08884615,0.054024298,0.09390529,0.059396114,0.048717942,0.067167036,0.06685587,0.05495726
22,0.04159501,0.03908291,0.04332502,0.032546278,0.06987887,0.05990477,0.053599194,0.035412908,0.11835712,0.08959058,0.12564225,0.054138303,0.036986534,0.08222463,0.059528247,0.058187395
23,0.057897057,0.048642043,0.057361826,0.038035955,0.04385291,0.08327019,0.10058239,0.041174695,0.06935681,0.047029506,0.06769717,0.05948994,0.078822486,0.03428972,0.0442853,0.12821199
24,0.05331249,0.045178164,0.07548596,0.036421765,0.045341253,0.070860796,0.047895137,0.059262782,0.07300488,0.09318385,0.089165896,0.053712968,0.025601136,0.085503064,0.08194762,0.06412227
25,0.08734962,0.048041746,0.05016164,0.043838084,0.086565584,0.051454168,0.057328116,0.0393113,0.079855,0.04842217,0.1290477,0.049510572,0.040669505,0.08193714,0.046743732,0.059763923
26,0.077854834,0.025898218,0.04029796,0.0663725,0.13396032,0.023312012,0.036212888,0.069895335,0.08243095,0.09151896,0.1225866,0.046638455,0.017591126,0.09121084,0.04042572,0.0337933
27,0.042804927,0.06945759,0.06238681,0.065920435,0.07492312,0.08971936,0.07216031,0.052888587,0.044783544,0.062289715,0.069475465,0.032866217,0.05200389,0.055985153,0.064168654,0.088166274
28,0.10484841,0.10284934,0.071736835,0.07021442,0.08168719,0.040096086,0.052983742,0.043169826,0.05302164,0.029206371,0.07929648,0.064861976,0.045168262,0.032719966,0.026201608,0.10193792
29,0.035329115,0.035573736,0.05764013,0.09268401,0.107912295,0.06030516,0.07976144,0.068828836,0.048010826,0.07728208,0.10062858,0.038365915,0.016376467,0.060899515,0.028343806,0.092058085
30,0.0931664,0.06812176,0.047150016,0.04168248,0.06831255,0.06987978,0.054425854,0.02345573,0.06369456,0.04077019,0.09468415,0.06174001,0.051691096,0.062317353,0.054822754,0.10408532
31,0.11100945,0.061070282,0.054114327,0.065164365,0.119938456,0.027011573,0.03130253,0.03388365,0.079183154,0.049090475,0.09654232,0.06703345,0.026869312,0.07092552,0.057359498,0.049501672
32,0.04414065,0.052003775,0.0494595,0.04872485,0.10176677,0.057954326,0.061397072,0.030019945,0.09164987,0.07068694,0.07285815,0.061194483,0.04159609,0.085791804,0.072203875,0.05855189
33,0.12436553,0.049073577,0.05867674,0.068290696,0.10172963,0.02665025,0.03215849,0.06732581,0.040021896,0.05889255,0.06497679,0.07547844,0.027551198,0.11795161,0.04785764,0.038999148
34,0.06384211,0.010995026,0.01905621,0.02532058,0.036704224,0.101562776,0.119563065,0.017659161,0.10645255,0.07656018,0.06907285,0.081269525,0.05216216,0.088202566,0.070255674,0.061321333
35,0.06982144,0.018858438,0.029311324,0.03743918,0.072571404,0.05696224,0.06179886,0.061409306,0.071757585,0.099122405,0.23066431,0.017894277,0.022252375,0.036431503,0.023347095,0.090358235
36,0.12294141,0.042560566,0.032952517,0.10579022,0.15140475,0.03265736,0.045307796,0.056245137,0.06269973,0.062232304,0.10352544,0.030919882,0.03226176,0.026605899,0.025104312,0.06679088
37,0.042406783,0.0447371,0.028032407,0.09261731,0.18096453,0.03440165,0.046028897,0.03803164,0.072842546,0.083591186,0.061746135,0.04723722,0.050676335,0.08283562,0.058979582,0.034871086
38,0.07717242,0.01897722,0.02095659,0.06859081,0.12617876,0.030529449,0.039002225,0.018515369,0.121575914,0.08607713,0.08855623,0.07621641,0.022364587,0.09307659,0.073392265,0.038818017
39,0.07440517,0.06915721,0.06734991,0.027386926,0.06033801,0.056954816,0.05944593,0.027807226,0.087484576,0.03433215,0.07610849,0.07362185,0.061819445,0.08028961,0.06881218,0.0746865
40,0.074009866,0.048514385,0.057463903,0.0740199,0.18282306,0.032050032,0.049817983,0.06611406,0.048759162,0.06505006,0.07249765,0.025807783,0.03046655,0.07114556,0.058003005,0.04345705
41,0.08213648,0.052089393,0.056065936,0.078709565,0.09928572,0.0279626,0.040164586,0.10530471,0.0641697,0.07705995,0.1124414,0.05069868,0.037610162,0.046550293,0.028601801,0.04114901
42,0.06519899,0.08270636,0.079184465,0.06311992,0.08801534,0.03722505,0.039218713,0.07342317,0.06662934,0.06572719,0.07771938,0.06629962,0.036755666,0.06878213,0.0475733,0.042421386
43,0.10430911,0.051796768,0.06487988,0.048516516,0.10971424,0.035964165,0.07968614,0.055907,0.04229312,0.024928488,0.083587624,0.048951577,0.051092803,0.071236104,0.026738564,0.100397885
44,0.026086569,0.09183091,0.06116129,0.02545906,0.028771557,0.10207657,0.04703134,0.018173799,0.10071233,0.048662703,0.052396804,0.09079566,0.05759308,0.06060786,0.09737253,0.091267996
45,0.06363132,0.057844896,0.07450565,0.046429515,0.043554474,0.08573248,0.06075399,0.058445264,0.054042276,0.08561367,0.06464677,0.060037356,0.042474676,0.05090103,0.06778063,0.08360604
46,0.057536285,0.06864863,0.06514523,0.05450332,0.060915213,0.0739344,0.051161636,0.047083672,0.0795303,0.087337814,0.066835605,0.04244715,0.053450763,0.040336896,0.09448913,0.05664395
47,0.03134705,0.050823078,0.0358234,0.052594587,0.081045486,0.0978531,0.06635644,0.014260732,0.09534254,0.06930754,0.04875377,0.05477653,0.04990219,0.06395889,0.124258764,0.06359588
48,0.03719732,0.085620075,0.065192215,0.08045035,0.13191898,0.060100228,0.06642274,0.047711294,0.047132958,0.062049832,0.06704079,0.028913409,0.05419333,0.04313348,0.061024502,0.0618985
49,0.099355526,0.026744375,0.024756685,0.064847335,0.08561641,0.065492995,0.07108716,0.021875642,0.05471428,0.05738151,0.0676094,0.08522805,0.044770274,0.11788815,0.057388473,0.055243682
50,0.06375598,0.050404567,0.04116424,0.079671815,0.12574755,0.044079643,0.044007506,0.04643407,0.08196915,0.08981646,0.0858176,0.035812803,0.04487415,0.05424999,0.07474116,0.037453312
51,0.09427839,0.020321328,0.029797377,0.06474315,0.12860565,0.035458956,0.056215983,0.03174108,0.08238708,0.056127593,0.1300062,0.054630693,0.023796305,0.103737675,0.043533716,0.044618845
52,0.03832367,0.052601587,0.06455332,0.03561798,0.053030346,0.089693755,0.08411119,0.032267287,0.053844783,0.040889386,0.10368232,0.056232285,0.03404251,0.09610703,0.043933082,0.12106941
53,0.0678204,0.023401951,0.038907114,0.033565897,0.047629077,0.08113823,0.109137364,0.041617062,0.054612394,0.06199771,0.06547324,0.06616474,0.06250302,0.1100127,0.06579174,0.070227325
54,0.041606627,0.021497004,0.037194446,0.04540393,0.05401506,0.049714547,0.038659472,0.08304872,0.042929187,0.17633964,0.06756455,0.086329855,0.013404216,0.16922778,0.03880794,0.034256984
55,0.12721421,0.033504337,0.029625708,0.04668634,0.08815315,0.05495428,0.05755944,0.022498751,0.09015276,0.046401557,0.14057283,0.044847634,0.033531994,0.036087025,0.03836513,0.109844826
56,0.08732569,0.03300482,0.032633122,0.070210636,0.08556306,0.06455266,0.053727772,0.042753946,0.0911853,0.11204025,0.10203517,0.03706723,0.037351172,0.03932381,0.062219873,0.04900549
57,0.07971115,0.052916717,0.09395746,0.034117524,0.053130377,0.0557211,0.045679685,0.06509119,0.054153383,0.05529238,0.097925484,0.056203667,0.01995719,0.100417465,0.050264344,0.08546088
58,0.09246429,0.031291302,0.04768805,0.036663394,0.07073793,0.04855159,0.05798599,0.048350263,0.08620346,0.0589592,0.11066694,0.062385786,0.035730083,0.10866171,0.05122721,0.05243277
59,0.052870017,0.03279553,0.025114467,0.08314192,0.09295844,0.061958957,0.09624031,0.023285212,0.110706866,0.060711194,0.09438852,0.06937108,0.06399528,0.037451185,0.035966072,0.059044868
60,0.14665656,0.03002347,0.055252474,0.034730434,0.07223481,0.037833042,0.052681584,0.063274704,0.058095474,0.0705693,0.0776583,0.03892615,0.044641986,0.07106629,0.07611974,0.07023567
61,0.07550364,0.027925665,0.04251575,0.035035018,0.046560507,0.08140436,0.108874165,0.04390714,0.07436451,0.07666279,0.077803165,0.05799115,0.07288917,0.046676394,0.05403139,0.07785518
62,0.05426872,0.042849544,0.055851292,0.06924572,0.11643366,0.041878536,0.051142294,0.07043025,0.060816597,0.09733158,0.06089646,0.04946329,0.029723758,0.08557415,0.06522548,0.048868746
63,0.042104576,0.033882007,0.03197253,0.049509276,0.06961741,0.06416451,0.11508157,0.02567259,0.044511426,0.034286316,0.058352947,0.11100837,0.048316624,0.1536647,0.026675113,0.09118002
64,0.08935595,0.07599983,0.047808856,0.02880109,0.09626195,0.043967947,0.025560373,0.024800899,0.09396168,0.057188984,0.17250077,0.0232744,0.0275445,0.04491468,0.065617524,0.08244061
65,0.08902106,0.0538297,0.047010485,0.061567385,0.104025684,0.052555963,0.073009506,0.037834823,0.03933397,0.03835677,0.062064055,0.062779844,0.043652017,0.08847856,0.03989756,0.106582634
66,0.043818366,0.06816402,0.076890826,0.043496385,0.10268617,0.060538065,0.05704847,0.074926905,0.04326114,0.07867106,0.087455116,0.021761196,0.03969079,0.06118034,0.06089087,0.079520345
67,0.067469604,0.0356403,0.04258586,0.06453643,0.07393521,0.07648132,0.09769938,0.061542455,0.044840798,0.07124054,0.08035647,0.059377942,0.042824417,0.08505047,0.031673487,0.06474524
68,0.0961323,0.06995967,0.06516844,0.04852533,0.06248643,0.03862375,0.026106872,0.05984813,0.07808731,0.08442018,0.110713996,0.066804565,0.0334079,0.060667217,0.059747327,0.039300576
69,0.07780575,0.032827098,0.07666952,0.022279603,0.04319055,0.06570408,0.11042782,0.05290797,0.05303747,0.030795097,0.09844511,0.06498162,0.040103015,0.09432096,0.031949576,0.10455472
70,0.047076765,0.03131102,0.059083033,0.047638446,0.07590822,0.06357184,0.11265949,0.046002883,0.07185754,0.04833591,0.0729719,0.061657596,0.050139815,0.095778525,0.059153493,0.056853507
71,0.05596287,0.044644605,0.046708416,0.044859067,0.07714542,0.07222472,0.07653486,0.025385961,0.07076327,0.048198182,0.06016137,0.0686813,0.050539505,0.07791696,0.073556446,0.10671701
72,0.06241189,0.07017606,0.06705451,0.087284364,0.093109824,0.071955256,0.0656104,0.05667995,0.048274413,0.063629754,0.054420933,0.044724327,0.0472462,0.0553117,0.06151783,0.050592627
73,0.04916538,0.051798705,0.045002896,0.080547936,0.085265376,0.051795676,0.058895458,0.05215283,0.07731648,0.07100156,0.10152578,0.070535325,0.050698217,0.06728169,0.039224107,0.047792558
74,0.065991476,0.029071063,0.030015172,0.08202301,0.13482977,0.03297464,0.05197546,0.056855667,0.07278497,0.09141404,0.106170826,0.04589953,0.037314333,0.067799605,0.04113688,0.05374354
75,0.038729925,0.07969848,0.060052644,0.08597808,0.13114761,0.040853735,0.052768197,0.10422296,0.03286207,0.06635169,0.074413925,0.025161862,0.04332852,0.05065632,0.027397662,0.08637635
76,0.0306485,0.030060815,0.016906874,0.08093511,0.1337326,0.07517744,0.0601147,0.02961873,0.073992796,0.1542678,0.06290235,0.030189795,0.04706506,0.05728792,0.069444396,0.047655102
77,0.06512485,0.056966785,0.071429946,0.070068024,0.083279945,0.032543104,0.029737748,0.06470014,0.07492979,0.08983299,0.08376231,0.08486104,0.024111813,0.07330356,0.060931146,0.034416825
78,0.03990372,0.026523167,0.057656202,0.06875772,0.07998531,0.04733424,0.12870508,0.052091315,0.045153428,0.030117773,0.07396368,0.090181105,0.024850493,0.10984955,0.018620258,0.10630697
79,0.08817694,0.019898793,0.040180992,0.047917467,0.062458485,0.07720483,0.109837145,0.04826869,0.07086018,0.053167865,0.11792358,0.051237393,0.027815474,0.082869336,0.03072524,0.07145756
80,0.06522467,0.022564216,0.03382227,0.04495907,0.091264844,0.047500085,0.097826846,0.056108996,0.09573358,0.07119006,0.1433009,0.04072281,0.05044174,0.045927938,0.02508681,0.068325184
81,0.04817894,0.014979008,0.042354524,0.022061804,0.037763353,0.08485028,0.08171988,0.04895686,0.08256874,0.08104104,0.16325545,0.04623857,0.01721754,0.10885105,0.035632476,0.08433047
82,0.058610667,0.0792487,0.08198043,0.055300917,0.06140234,0.058241844,0.06081869,0.05112986,0.051755797,0.052770454,0.045000207,0.07056873,0.070292056,0.06318421,0.079121985,0.06057312
83,0.07828694,0.06795097,0.053697716,0.045268506,0.061469536,0.07643593,0.06803605,0.072093196,0.037680127,0.060769707,0.11931459,0.019549487,0.051132023,0.024524905,0.02231172,0.14147864
84,0.100426905,0.03880462,0.029331334,0.05023095,0.071551375,0.07993171,0.091591306,0.026925148,0.06170352,0.05562621,0.061479535,0.046289552,0.08677062,0.04698023,0.05902064,0.09333637
85,0.0765669,0.05978399,0.0740878,0.0358674,0.08138877,0.049281668,0.052220047,0.034926508,0.062287867,0.04120068,0.06914178,0.07052515,0.029838642,0.103377156,0.060262647,0.09924301
86,0.05220188,0.04163,0.05811094,0.050134014,0.06524051,0.081534125,0.056762796,0.05206272,0.0708037,0.08835032,0.12862192,0.041656688,0.018878683,0.06419965,0.04446018,0.08535186
87,0.06435848,0.038439862,0.05290102,0.040323716,0.049221423,0.078190394,0.09078127,0.03961407,0.08754032,0.050038207,0.10689538,0.08626187,0.048485592,0.065854944,0.03626843,0.06482497
88,0.10924045,0.03209875,0.01973585,0.08603332,0.0821796,0.09770626,0.07873467,0.023154402,0.06671848,0.058353588,0.10173911,0.031541433,0.050946575,0.03263803,0.042087536,0.087091945
89,0.08556008,0.086750545,0.082401015,0.06807662,0.11640569,0.05385344,0.07855484,0.06568395,0.031056935,0.034852378,0.055451993,0.027473792,0.060286228,0.03492746,0.035886906,0.08277812
90,0.07833382,0.038305487,0.038195122,0.062954284,0.073284365,0.06735664,0.066950865,0.047568858,0.075065576,0.07697028,0.1076384,0.060618382,0.04449514,0.065476425,0.041164916,0.055621505
91,0.082710564,0.06533448,0.06205746,0.07018272,0.08377454,0.052095506,0.04399982,0.041687492,0.09744132,0.06777671,0.07335455,0.04883583,0.049783427,0.039234657,0.08902466,0.032706212
92,0.11940078,0.016710654,0.029810173,0.06197105,0.09333322,0.03708459,0.04508422,0.0556939,0.06657829,0.097663075,0.13574947,0.04801664,0.01866781,0.090076625,0.043735474,0.040424015
93,0.03662619,0.031064445,0.027101904,0.030853188,0.04603303,0.05574954,0.043355335,0.015778229,0.25257662,0.09133103,0.09374124,0.08876584,0.042526904,0.030930748,0.07373186,0.03983393
94,0.051742733,0.050435115,0.06893724,0.066434145,0.09367516,0.039626155,0.08470792,0.07176723,0.04943495,0.04200138,0.05215861,0.07897595,0.056558535,0.10233605,0.03925541,0.051953446
95,0.08608394,0.059917107,0.07518568,0.032473132,0.07563544,0.065908976,0.07997682,0.02455162,0.062826715,0.026834195,0.08404848,0.060698703,0.042139754,0.0656209,0.057500333,0.10059824
96,0.03302562,0.039612576,0.055897612,0.034437045,0.044233155,0.10620766,0.09146077,0.03649291,0.055137474,0.052692533,0.080283426,0.064598404,0.03734741,0.13701278,0.054137755,0.07742288
97,0.050562784,0.042821955,0.024060206,0.063595355,0.1538335,0.05866736,0.06548189,0.02503942,0.07625339,0.061837837,0.123878874,0.030042864,0.05115326,0.033749092,0.036673915,0.1023483
98,0.087334804,0.038136102,0.032525152,0.10297856,0.1121579,0.06663019,0.06608773,0.060499202,0.044660836,0.07872549,0.08793145,0.03388266,0.040739123,0.056522954,0.03613025,0.05505762
99,0.08952511,0.05141808,0.03695253,0.05939542,0.12539794,0.043670516,0.04895852,0.03301083,0.073346436,0.062396124,0.10532477,0.050852414,0.041635133,0.06538406,0.04578644,0.066945694
100,0.08013612,0.062249135,0.07000235,0.029028645,0.061893236,0.06287513,0.054201137,0.05014203,0.051297814,0.061538607,0.059663337,0.0505525,0.051676225,0.0947843,0.07480231,0.08515715
101,0.075018436,0.056934576,0.038644213,0.060157757,0.08037502,0.07745067,0.064759694,0.03350186,0.08441469,0.082218535,0.081766404,0.039923143,0.07207099,0.028755015,0.060794454,0.0632145
102,0.08276154,0.046397503,0.05365315,0.069448926,0.10474727,0.042960208,0.057794373,0.06072532,0.07315952,0.058181312,0.11189238,0.054391697,0.0320998,0.061838526,0.029994795,0.059953675
103,0.09351966,0.038079504,0.05065896,0.029460803,0.060972948,0.06069243,0.04777353,0.02984418,0.07668727,0.053412873,0.11686582,0.063347735,0.022273451,0.10867008,0.053932592,0.09380817
104,0.089246206,0.04156551,0.071234345,0.060361583,0.089014925,0.050023515,0.09490832,0.08400703,0.0487909,0.05447446,0.058604687,0.039202098,0.055210754,0.048062235,0.045551073,0.06974235
105,0.093652986,0.0494229,0.04216237,0.0916149,0.109038234,0.047346648,0.04287182,0.041816924,0.060722325,0.07496493,0.10836277,0.044356376,0.027864045,0.053464454,0.04866853,0.06366977
106,0.072795756,0.046437513,0.05095389,0.05803126,0.075631104,0.05259639,0.06323259,0.053471696,0.07398725,0.07085705,0.1251993,0.053493384,0.04121135,0.048275054,0.037189703,0.076636724
107,0.04099596,0.023053216,0.018739434,0.1032652,0.11435166,0.047834758,0.088460654,0.040314455,0.09565734,0.09262598,0.07906381,0.067810275,0.061699975,0.064136595,0.031344436,0.030646265
108,0.08512581,0.07779965,0.071047865,0.03051722,0.088973425,0.06552964,0.05758023,0.043673754,0.038304072,0.045957703,0.0656626,0.0256702,0.047808748,0.05324633,0.059983034,0.14311968
109,0.02964049,0.030697031,0.06323948,0.06799042,0.09501933,0.045566794,0.08281556,0.074127294,0.0553029,0.06432372,0.060917947,0.06788478,0.025365388,0.13851887,0.041173887,0.05741614
110,0.10573333,0.0687624,0.075443596,0.030877875,0.060464058,0.071201056,0.05545037,0.030542454,0.058158178,0.038173508,0.06815646,0.03920211,0.03923684,0.0629949,0.085663736,0.10993915
111,0.06934267,0.047284592,0.036886815,0.05129261,0.08064377,0.04854843,0.024730435,0.045053855,0.08815227,0.14577536,0.11525924,0.038356066,0.026986936,0.06286907,0.08361719,0.035200734
112,0.050534677,0.06724332,0.08323339,0.049589276,0.077262655,0.043055583,0.047407623,0.0413138,0.07154878,0.03772634,0.124438815,0.0724045,0.022813173,0.082788564,0.036866177,0.09177327
113,0.07776058,0.047259077,0.06045358,0.056669552,0.06664235,0.06618594,0.07437299,0.050005835,0.05789433,0.03831387,0.12629138,0.046911955,0.0269348,0.052491043,0.024768114,0.12704466
114,0.10008494,0.05574678,0.04039331,0.04756379,0.10736393,0.058896814,0.06527118,0.032309208,0.057352733,0.043834537,0.099881075,0.03942512,0.05126072,0.05054,0.038753506,0.111322366
115,0.054751858,0.050466236,0.066223316,0.066080265,0.07369498,0.05779348,0.051194474,0.058639314,0.054840345,0.07331772,0.07004096,0.06773651,0.024180057,0.10575738,0.055502076,0.069781
116,0.11563174,0.039725494,0.055598736,0.07129731,0.13169444,0.035436004,0.061676025,0.07309289,0.03430553,0.04761948,0.054923445,0.038632438,0.035273667,0.08460277,0.0469581,0.073531955
117,0.07328254,0.06165555,0.05889741,0.036147382,0.06920021,0.07139412,0.07712921,0.03565985,0.051958695,0.037357885,0.08613831,0.060470168,0.048215825,0.09907889,0.041107487,0.092306435
118,0.086123675,0.04273923,0.08246223,0.052182,0.09431142,0.04656555,0.07407345,0.08308912,0.035042197,0.05207785,0.047043364,0.040353227,0.036018915,0.092230834,0.06361041,0.07207649
119,0.072927736,0.052309234,0.057661355,0.06458893,0.10967479,0.051568273,0.05598843,0.059884947,0.0397993,0.074326836,0.047028918,0.05822824,0.038235445,0.1046213,0.06165145,0.051504787
120,0.110273056,0.041341927,0.060750667,0.04334576,0.0845416,0.04586729,0.06337724,0.08043488,0.05445351,0.070336364,0.10655796,0.03222817,0.04272281,0.048315752,0.0408389,0.074614085
121,0.0844011,0.04870309,0.035163954,0.057605576,0.097955026,0.03724349,0.035787363,0.061899427,0.07864217,0.110592484,0.15780851,0.04105633,0.039161514,0.04046679,0.032016773,0.04149643
122,0.14481236,0.044505168,0.041791882,0.06798637,0.07079312,0.037751194,0.044545025,0.049278837,0.07186779,0.04844832,0.120110124,0.06692236,0.037744954,0.05519222,0.032408286,0.065842
123,0.0627547,0.054660846,0.058756858,0.057583738,0.07051158,0.07061414,0.06335007,0.049904853,0.041688815,0.061047245,0.055115197,0.05114897,0.03886947,0.09608171,0.066117875,0.10179397
124,0.09037229,0.049787138,0.063438706,0.06095615,0.08833378,0.05448089,0.0460023,0.06954282,0.05573422,0.101509444,0.06363252,0.033281922,0.038971025,0.04885019,0.08874929,0.0463573
125,0.09738412,0.029325455,0.019805955,0.06429567,0.068715245,0.09872794,0.10799896,0.017208008,0.097114064,0.05105483,0.080480136,0.059369475,0.06850299,0.033456553,0.038318086,0.06824244
126,0.09950378,0.043594446,0.079616494,0.039247785,0.06214553,0.07284835,0.077256635,0.06037705,0.049780782,0.04620019,0.111796655,0.04416581,0.02490969,0.07876087,0.037601676,0.072194226
127,0.06958271,0.012411381,0.017888801,0.08137361,0.068608746,0.06608983,0.1294993,0.052032206,0.065184586,0.091340356,0.08207047,0.07097333,0.055289883,0.072917506,0.027521348,0.037215944
128,0.108538546,0.030422777,0.032983724,0.07180514,0.12928462,0.037614103,0.080300696,0.055728916,0.043644194,0.050362974,0.060602754,0.06368194,0.05945647,0.09057256,0.03206916,0.052931417
129,0.06210522,0.021696245,0.024918592,0.058913767,0.10914943,0.028405875,0.032485332,0.045074057,0.09735302,0.13301648,0.15082972,0.059236635,0.022345379,0.08646109,0.041972507,0.026036656
130,0.12975636,0.052702058,0.094118096,0.026416691,0.048636,0.038871784,0.04280063,0.0672909,0.057040155,0.037762996,0.104171745,0.06889055,0.026878618,0.081459366,0.036857113,0.086346954
131,0.082492076,0.07700681,0.0747929,0.06402016,0.07611541,0.056943092,0.06815124,0.044784848,0.07192146,0.044973362,0.067162715,0.06259137,0.051921684,0.041692127,0.05044058,0.064990215
132,0.110194445,0.028070724,0.024897797,0.05012848,0.08618003,0.0609245,0.047772083,0.015459408,0.10931743,0.053173557,0.112819135,0.04783986,0.040146325,0.0761574,0.09093925,0.045979578
133,0.057612766,0.05324397,0.055989068,0.057896078,0.09416301,0.055529844,0.055577487,0.03661154,0.052833024,0.05047816,0.07424302,0.07909434,0.033363942,0.13761844,0.05507888,0.050666463
134,0.075710535,0.07220099,0.07299325,0.05051482,0.0719027,0.081118435,0.057077873,0.050177503,0.05597728,0.07707197,0.07644736,0.03664511,0.03742836,0.043415736,0.06371513,0.07760298
135,0.114364594,0.025751246,0.098374866,0.017526962,0.043139383,0.03454909,0.048265252,0.06996452,0.054042805,0.02878517,0.13283935,0.060603578,0.014363085,0.13714795,0.029132456,0.09114971
136,0.09629429,0.07097968,0.08014948,0.06668789,0.08524015,0.055484254,0.049231697,0.06318303,0.04061851,0.06371498,0.048663396,0.04738887,0.040838424,0.068939574,0.07560387,0.046981905
137,0.073783584,0.054960046,0.09196847,0.045868587,0.09063995,0.039312903,0.050860245,0.06364062,0.06189987,0.05171783,0.07716748,0.0595685,0.02988033,0.09956598,0.058937263,0.050228324
138,0.12310677,0.09307519,0.068075605,0.032915067,0.031237671,0.07794119,0.057520982,0.03825586,0.049593832,0.030135123,0.095484465,0.057936322,0.06468698,0.026071155,0.02809669,0.12586711
139,0.084774196,0.05189012,0.05604394,0.05428267,0.07854549,0.07849843,0.082009055,0.035125237,0.05905387,0.048487276,0.07303294,0.059178922,0.038446125,0.05741359,0.043842822,0.09937531
140,0.065676026,0.061572265,0.042215273,0.06408811,0.084747516,0.08085032,0.048878923,0.034078833,0.081589304,0.08274507,0.103778094,0.041040454,0.035146076,0.058259983,0.058039594,0.057294223
141,0.09688693,0.051630422,0.08087347,0.061240405,0.076031946,0.042943984,0.04816538,0.084332295,0.050739717,0.07291454,0.06998606,0.06272003,0.025167212,0.06796065,0.047444656,0.06096231
142,0.04603533,0.03572912,0.043405693,0.03543061,0.06481342,0.07270522,0.08470567,0.03255767,0.07340558,0.05717078,0.11467113,0.06280633,0.045596976,0.094822705,0.04364342,0.0925003
143,0.057075083,0.10412905,0.04892555,0.048017237,0.065073065,0.055469308,0.040287763,0.01788413,0.07506337,0.038162977,0.042595517,0.10417435,0.081180625,0.07083405,0.09477245,0.056355476
144,0.12710601,0.05257553,0.07963016,0.041253265,0.04629445,0.08120992,0.055232316,0.06596311,0.04007408,0.05264352,0.09772417,0.04801582,0.022116648,0.06792221,0.037272114,0.08496668
145,0.026889533,0.021124614,0.026685031,0.015356652,0.032873232,0.11094362,0.15754054,0.013455093,0.047704175,0.015834453,0.15903457,0.037746653,0.040827926,0.07249963,0.014407005,0.2070772
146,0.07686002,0.052831113,0.060227733,0.04923093,0.07728468,0.045515906,0.08311897,0.06482673,0.04608063,0.04553528,0.06827793,0.06774886,0.06455322,0.058429014,0.027839812,0.11163914
147,0.048027415,0.048041686,0.043869656,0.059100106,0.08637654,0.06910652,0.06956179,0.035296693,0.10262301,0.077025004,0.102252565,0.054646492,0.047426388,0.054079983,0.051789507,0.050776675
148,0.05031018,0.05121946,0.041585628,0.07166254,0.1345871,0.037686694,0.052155603,0.073167466,0.058828264,0.09491486,0.08510408,0.03305198,0.05834208,0.06291785,0.04801735,0.046448857
149,0.045705985,0.046668906,0.051188942,0.030739391,0.048219558,0.086855926,0.05234385,0.03201406,0.077258,0.07630684,0.11177373,0.058903057,0.026894929,0.10815692,0.059845194,0.0871247
150,0.049190283,0.06024768,0.044127952,0.056387883,0.10252758,0.03210564,0.05541579,0.021543294,0.061158106,0.028305933,0.054783825,0.16704921,0.040476747,0.124394864,0.030761838,0.07152342
151,0.108295776,0.07251715,0.08024337,0.083748914,0.10021674,0.043038648,0.052775323,0.051700678,0.044644464,0.044783365,0.04655868,0.05270518,0.03777366,0.03976987,0.058854908,0.08237331
152,0.1297836,0.03511938,0.047424015,0.04642746,0.0535972,0.081091546,0.05128524,0.039509702,0.060111564,0.08203641,0.0659318,0.04627051,0.033956353,0.068514235,0.09660811,0.062332872
153,0.060851943,0.055581976,0.04825562,0.044623245,0.07392243,0.06887547,0.07653492,0.027779678,0.082747996,0.043664742,0.075995855,0.06073035,0.06598581,0.062035035,0.06370161,0.088713296
154,0.07587459,0.05345854,0.07528915,0.07768069,0.10567271,0.066218026,0.069429874,0.0635583,0.04515891,0.05992435,0.07537773,0.03634803,0.025293032,0.05405244,0.045208868,0.07145476
155,0.080104165,0.030523248,0.04320721,0.04082712,0.07044351,0.054465085,0.09007027,0.050950583,0.03888693,0.04966688,0.08285145,0.06397382,0.039354373,0.11846592,0.030473555,0.11573583
156,0.098576814,0.08358592,0.05844934,0.040889505,0.053686928,0.058800835,0.04457299,0.027016848,0.08293141,0.041840922,0.096160315,0.0716582,0.050747555,0.043135766,0.052874673,0.09507198
157,0.09039874,0.05545314,0.08180306,0.0328349,0.07318023,0.05847032,0.058419008,0.052765444,0.059348043,0.05195154,0.1100193,0.042135518,0.028973257,0.07768599,0.051404417,0.075157054
158,0.09600872,0.07563985,0.08267647,0.03816964,0.058362633,0.03728498,0.03905688,0.03298925,0.08574051,0.03097342,0.11110992,0.10198184,0.026842235,0.06249772,0.03849045,0.08217543
159,0.08273763,0.03975385,0.096257485,0.0260403,0.053626835,0.054773465,0.08031842,0.044795353,0.07430753,0.03066197,0.10967345,0.061340977,0.02377336,0.081091665,0.03797212,0.10287561
160,0.027602756,0.045228977,0.060308725,0.06986895,0.08569773,0.066847704,0.09086535,0.07885613,0.05937997,0.08824348,0.06225886,0.042744596,0.04141415,0.06822461,0.047603596,0.06485441
161,0.035384603,0.039142128,0.048223168,0.0716976,0.0705216,0.09849527,0.086953245,0.037420593,0.04147717,0.08333888,0.04167774,0.07559388,0.03233099,0.11063548,0.066095605,0.06101205
162,0.06280392,0.07400414,0.06965035,0.082024164,0.08338467,0.051815543,0.06575664,0.048580337,0.04095933,0.042301655,0.04152508,0.081927896,0.055909146,0.07311379,0.053939838,0.0723035
163,0.09826627,0.06173935,0.06356343,0.051691264,0.05526483,0.056629524,0.055854548,0.035975013,0.05445299,0.04658905,0.054962937,0.08834869,0.053019106,0.08039709,0.07111025,0.072135635
164,0.045145098,0.083331026,0.059528995,0.058917772,0.081326984,0.09041343,0.05082972,0.046313062,0.05350774,0.09866909,0.07233476,0.028943121,0.04734012,0.036921944,0.07120522,0.07527193
165,0.06481671,0.030053431,0.03421857,0.05275668,0.052671667,0.07587862,0.07065597,0.04072294,0.07479125,0.08388268,0.073212616,0.09397658,0.050239086,0.10404103,0.05734836,0.040733755
166,0.06276681,0.013599277,0.030165203,0.040903162,0.0983519,0.049027536,0.08434358,0.07683833,0.035146,0.06915003,0.11281248,0.025965726,0.017766943,0.16529892,0.025913097,0.09195098
167,0.07883317,0.03446038,0.05124712,0.08343178,0.108656645,0.049596224,0.09897521,0.061859827,0.05335052,0.046477,0.08602538,0.042629223,0.038393285,0.047424186,0.028065016,0.09057501
168,0.09249049,0.079714715,0.08336375,0.040287133,0.07258166,0.052246954,0.062186588,0.047493886,0.059717968,0.036473747,0.088346146,0.049764663,0.049813226,0.047475282,0.0420053,0.09603852
169,0.08525834,0.053863835,0.04300012,0.041349,0.054363687,0.090372585,0.051006544,0.03599966,0.075131945,0.0920265,0.09350372,0.04128755,0.049264375,0.042103555,0.069820575,0.08164803
170,0.05164163,0.08067875,0.07619689,0.060394596,0.08157974,0.05574454,0.052104723,0.046540767,0.067539796,0.053620517,0.08922017,0.066995226,0.028348856,0.067070775,0.041136175,0.08118686
171,0.07945711,0.05856551,0.06505336,0.03500169,0.06994739,0.058405787,0.049642656,0.043833185,0.058391694,0.051529393,0.1274765,0.04306923,0.034186963,0.083756246,0.049825978,0.091857314
172,0.08616874,0.019947076,0.023302114,0.06377736,0.08798772,0.05198069,0.07567101,0.054100934,0.08858811,0.09397023,0.15163185,0.03702749,0.04478916,0.046354532,0.028757246,0.045945745
173,0.06946517,0.04111705,0.05131471,0.062126,0.07871497,0.05229285,0.058704723,0.07457042,0.07141761,0.08851258,0.07909599,0.053684484,0.045676526,0.074188195,0.057821214,0.04129752
174,0.045702938,0.034246255,0.051340442,0.033105522,0.077059984,0.06911642,0.098728515,0.05166638,0.052061826,0.05949542,0.074124224,0.04375246,0.055997297,0.100887515,0.057590675,0.09512415
175,0.09522595,0.0698315,0.07490072,0.05140592,0.071227595,0.038719427,0.04330471,0.038335133,0.07470517,0.034501854,0.17253082,0.064207815,0.01819589,0.038183626,0.020567799,0.094156064
176,0.04929164,0.04328819,0.059305314,0.09911764,0.16931872,0.023665914,0.03748819,0.05107936,0.048830833,0.05920415,0.04617857,0.06225565,0.020986365,0.12636064,0.07161486,0.032013983
177,0.07318863,0.05248336,0.04923126,0.059885588,0.10106029,0.05186146,0.051989824,0.06826601,0.05095722,0.09046505,0.070076495,0.03812127,0.049443107,0.080843,0.06279331,0.049334135
178,0.11630844,0.054799885,0.04098571,0.055045743,0.103738844,0.044958133,0.06898886,0.07810068,0.03441387,0.05255859,0.08284055,0.02333346,0.0783257,0.03497046,0.02459369,0.10603738
179,0.097886406,0.02776765,0.028274128,0.08668339,0.12257779,0.041303396,0.06287286,0.059646588,0.061944753,0.08750039,0.097699635,0.0330448,0.05122757,0.05526718,0.04515965,0.04114385
180,0.10136963,0.06704207,0.04501416,0.038642347,0.053507585,0.07250821,0.038434155,0.031122217,0.08131676,0.073022075,0.11472271,0.05713274,0.04573084,0.055373434,0.059083793,0.06597727
181,0.043819487,0.056691106,0.05792482,0.058424186,0.084356256,0.08699889,0.07852288,0.049566433,0.043712106,0.07830299,0.051941756,0.031127632,0.052906003,0.06239897,0.0861007,0.07720586
182,0.105802484,0.027257621,0.030467996,0.07629156,0.084702335,0.07339318,0.099000596,0.042227168,0.051098168,0.059473436,0.06934475,0.046186775,0.059222948,0.06894619,0.04978417,0.056800604
183,0.043213684,0.044907957,0.039783295,0.054496113,0.07086584,0.09355029,0.07076679,0.0353512,0.08742445,0.088251896,0.12730516,0.03426327,0.037355702,0.033515997,0.046807807,0.092140555
184,0.03527205,0.061808974,0.097083986,0.028283292,0.030519957,0.09874899,0.063711606,0.05348884,0.048987303,0.06981745,0.04832189,0.06129397,0.050386798,0.06342916,0.096504934,0.09234079
185,0.069275655,0.054798182,0.0518682,0.06350759,0.081654705,0.06515762,0.05668358,0.059136573,0.060480643,0.100079,0.08544498,0.03951299,0.04309408,0.050399978,0.057373255,0.061532974
186,0.07496997,0.03408863,0.07125861,0.033671934,0.08545014,0.046009135,0.07992478,0.05161019,0.043566134,0.042971823,0.056994695,0.068404876,0.033195306,0.13310882,0.051016122,0.09375879
187,0.049669843,0.049660552,0.05458133,0.06497049,0.09629136,0.058138844,0.07192632,0.07900369,0.054477606,0.061955795,0.15816833,0.024376089,0.03316004,0.043598454,0.023274496,0.076746725
188,0.064235546,0.02127701,0.044235166,0.022245193,0.034028735,0.09172695,0.08831078,0.0525313,0.04700985,0.07938698,0.08795939,0.0495835,0.03177603,0.112089016,0.04932533,0.12427925
189,0.04107717,0.06310546,0.08179193,0.059282456,0.10373358,0.050775718,0.041700933,0.077962294,0.0523563,0.07860608,0.10213121,0.031091223,0.017128974,0.09244322,0.049434125,0.05737936
190,0.06929865,0.026005706,0.031118326,0.07886022,0.07359078,0.06949656,0.08234134,0.052451964,0.08610234,0.102147765,0.07653882,0.06556707,0.04315235,0.052547842,0.04325622,0.04752399
191,0.039668858,0.052184355,0.06780923,0.04739223,0.06510062,0.07469597,0.04979032,0.050187957,0.082686685,0.099944375,0.07250779,0.042160243,0.030988663,0.07299835,0.10538649,0.04649784
192,0.057727437,0.06866673,0.09576086,0.04565073,0.047426093,0.0836562,0.0502765,0.062224388,0.06870868,0.08288681,0.10288942,0.05108301,0.024437802,0.0444608,0.050555404,0.06358913
193,0.051636502,0.06770138,0.082255416,0.045422275,0.10080882,0.03523576,0.04272982,0.057706747,0.061619718,0.05356285,0.07689428,0.054356236,0.03877748,0.11144668,0.06562261,0.0542234
194,0.052777577,0.043271136,0.054055244,0.050527345,0.09300194,0.04919352,0.053224046,0.043565255,0.079985686,0.08015061,0.082080625,0.05344416,0.036820542,0.09411263,0.08222725,0.05156241
195,0.08194971,0.015213366,0.0238112,0.03893991,0.051741853,0.0595479,0.13316911,0.049752846,0.07977131,0.050207686,0.15586214,0.057453472,0.050180405,0.06650192,0.015607048,0.07029012
196,0.1204334,0.039415844,0.051023234,0.053411964,0.06701044,0.053759128,0.05334821,0.04704702,0.07821845,0.08207319,0.07524339,0.059422802,0.042136755,0.04644206,0.06828264,0.0627315
197,0.06240742,0.019268278,0.022171356,0.04425722,0.07897365,0.068241656,0.06458389,0.020169672,0.10248143,0.084225535,0.08954219,0.06492231,0.0386969,0.11950449,0.0759714,0.04458265
198,0.054351825,0.065025516,0.0708551,0.043748725,0.058158163,0.058669657,0.04729582,0.061350744,0.052510414,0.06886395,0.10372072,0.07560025,0.02518035,0.09177265,0.031988133,0.09090798
199,0.039808735,0.031540174,0.04417694,0.043452393,0.07677177,0.06209743,0.05911881,0.046304207,0.0808163,0.09473852,0.07996293,0.052686438,0.026825937,0.120812215,0.06739623,0.07349091
200,0.061406214,0.033439573,0.05590071,0.09698718,0.089699656,0.029837748,0.053215295,0.13790676,0.044790715,0.08007087,0.07685553,0.087719016,0.029908365,0.069672674,0.023036791,0.029552877
201,0.08588212,0.062007543,0.08768252,0.06292788,0.08618382,0.04111223,0.036892384,0.060054377,0.055462066,0.047982942,0.13442637,0.047036115,0.014426607,0.058107655,0.03203298,0.08778238
202,0.082166046,0.08023946,0.05116931,0.059290543,0.10324105,0.044098333,0.037189323,0.046750855,0.058226347,0.06305316,0.078088224,0.049657296,0.05839475,0.07429728,0.060882032,0.053256005
203,0.21415572,0.023367234,0.024296766,0.03301093,0.05600209,0.03228182,0.04929483,0.021271817,0.093364894,0.026836744,0.17966835,0.085372485,0.034592,0.059534073,0.02138496,0.045565322
204,0.055228528,0.012876728,0.019233989,0.06786895,0.07846054,0.05948068,0.13383545,0.03104178,0.09538198,0.07412175,0.08666227,0.080682695,0.050141025,0.068593584,0.030788982,0.05560103
205,0.03760926,0.0751648,0.088631,0.03418213,0.03154917,0.09246417,0.075642645,0.030196628,0.114403196,0.04086772,0.06608653,0.10397921,0.042951483,0.039006323,0.05166727,0.07559848
206,0.04036681,0.05225065,0.065847404,0.0592154,0.10302802,0.059305906,0.064790756,0.07450074,0.035806682,0.089392066,0.05226532,0.039859023,0.031519663,0.09591931,0.055877835,0.08005439
207,0.08593234,0.04904278,0.08492345,0.056995332,0.085073344,0.042236526,0.046093643,0.044263523,0.066210836,0.03658403,0.11606393,0.06273809,0.018588448,0.09776155,0.049093317,0.058398843
208,0.10883954,0.05536309,0.055958938,0.04450236,0.09901383,0.049474996,0.047430415,0.055425745,0.050746147,0.06788201,0.103718214,0.030734412,0.03517009,0.057875484,0.04983161,0.08803318
209,0.075827666,0.037135508,0.035492305,0.065390706,0.072019964,0.078421295,0.08000482,0.04219055,0.05971971,0.08058035,0.064545915,0.060388193,0.06163591,0.0720482,0.061757356,0.05284156
210,0.0694645,0.019295365,0.055518072,0.022171281,0.033300992,0.07369158,0.07582477,0.047491062,0.08018297,0.07118746,0.06628454,0.076038636,0.028991377,0.13090706,0.08227039,0.06737999
211,0.06699441,0.06533204,0.07661367,0.030453747,0.06364956,0.053402197,0.07545064,0.027690783,0.06294059,0.021689503,0.079977535,0.076218255,0.056124087,0.068373196,0.045079377,0.13001047
212,0.040614244,0.06554098,0.061585065,0.05943417,0.0904209,0.055462908,0.05264796,0.042774156,0.06213354,0.075143285,0.054922044,0.06453513,0.042209152,0.09165907,0.07971432,0.061203063
213,0.06634454,0.05141157,0.09158591,0.0111988075,0.019967562,0.09815984,0.05460732,0.030449659,0.061786905,0.03061959,0.09231419,0.05383897,0.0457771,0.09201776,0.08553933,0.11438093
