,HS,VA3,VA1,FI2,FI1,IM1,IM2,VA2,AV2,PE2,AV1,AV3,IM4,BA,PE1,IM3
0,0.0690462,0.029549412,0.06860169,0.075241394,0.10182127,0.064443596,0.085469104,0.13384922,0.027839908,0.06901071,0.05388558,0.050522525,0.02346343,0.07648795,0.02132612,0.049441814
1,0.09934693,0.022934735,0.026267106,0.05118056,0.08046659,0.088424325,0.07852596,0.038818065,0.04766793,0.08426256,0.06458474,0.060320217,0.049141843,0.08286208,0.059139967,0.06605641
2,0.06893069,0.040101472,0.030095018,0.093535356,0.10229173,0.040818702,0.04330076,0.07163557,0.04702465,0.124551274,0.06893163,0.03575426,0.05514002,0.073636435,0.063371815,0.04088064
3,0.07867623,0.04130569,0.047917694,0.035998996,0.053598464,0.09447519,0.08696904,0.035485636,0.0560175,0.07070016,0.0606429,0.07476697,0.06267538,0.07047876,0.07501569,0.05527571
4,0.08712065,0.023843648,0.034104284,0.065871045,0.069082655,0.08463108,0.07318756,0.051092673,0.063739985,0.08393347,0.09381089,0.089973025,0.038882032,0.050213475,0.035260025,0.05525351
5,0.09332166,0.02828856,0.055424243,0.04646187,0.099214025,0.062993445,0.0969483,0.07475383,0.06772765,0.045849394,0.111289136,0.040882736,0.030681292,0.03179689,0.026337735,0.08802924
6,0.10218191,0.038344137,0.082020305,0.033868004,0.040298272,0.1206047,0.06544721,0.063685305,0.053072315,0.08342177,0.076101445,0.09265635,0.026014917,0.031526875,0.033130616,0.05762589
7,0.070446454,0.1160678,0.059835922,0.07637818,0.10502267,0.06689171,0.044275716,0.02423575,0.055703923,0.035226833,0.052814618,0.06962732,0.050167546,0.045706924,0.054384474,0.07321414
8,0.0988062,0.024812037,0.05462165,0.037792847,0.095303476,0.06577046,0.1055244,0.06915911,0.032681096,0.061429188,0.041619867,0.046565384,0.038987312,0.09548682,0.06391855,0.06752154
9,0.08321329,0.058437884,0.064719155,0.041553125,0.083952345,0.06152651,0.07702527,0.056070924,0.046974014,0.04911862,0.06057154,0.04301119,0.05689049,0.07442962,0.069443986,0.07306203
10,0.051615763,0.02746325,0.07081136,0.044744015,0.04538088,0.07460058,0.1418643,0.11539849,0.061548967,0.08708614,0.09325946,0.03746284,0.045449432,0.020950472,0.027340924,0.055023193
11,0.08368013,0.022354126,0.030955827,0.08394148,0.07387581,0.067756206,0.061981037,0.08797071,0.03823075,0.13307084,0.05970682,0.06740552,0.041493427,0.0608239,0.03880005,0.047953352
12,0.05015099,0.05126065,0.07456602,0.043363284,0.096953146,0.0728272,0.121772945,0.065912016,0.025590328,0.04693234,0.033545632,0.02672185,0.04806012,0.072123714,0.06120189,0.10901785
13,0.10998384,0.018632967,0.026661811,0.040641107,0.0664612,0.0785134,0.08508573,0.043755706,0.04676247,0.12137594,0.0651493,0.041991588,0.053560704,0.06550068,0.088051535,0.047872026
14,0.05782941,0.026579997,0.029421732,0.059376687,0.065792225,0.038765118,0.042162348,0.083607905,0.08268461,0.10408118,0.10258167,0.062202767,0.039459806,0.097213954,0.048199043,0.060041606
15,0.03711005,0.090185694,0.04718435,0.075701475,0.07515768,0.082079716,0.08375021,0.028120266,0.067715175,0.040397283,0.06646147,0.06509969,0.070522696,0.031715225,0.030406259,0.10839281
16,0.09983436,0.104531206,0.063025355,0.05260022,0.13186918,0.051541105,0.03631169,0.026769342,0.050417896,0.03862085,0.049433976,0.047225628,0.039010562,0.055337626,0.074563585,0.078907415
17,0.08600762,0.032849494,0.038672414,0.062003255,0.06820809,0.071993954,0.07459105,0.065016694,0.060809273,0.10597453,0.08691281,0.051256746,0.052797794,0.046088573,0.04917131,0.047646403
18,0.12221199,0.06728306,0.07234103,0.05366372,0.06819397,0.110592544,0.06582499,0.03552172,0.05528325,0.046737537,0.079321064,0.066568576,0.038604643,0.026893146,0.038327884,0.05263089
19,0.04592046,0.087264635,0.095947094,0.06254175,0.05612504,0.08066688,0.07288036,0.041126076,0.09277428,0.036060352,0.08053913,0.07418208,0.034087304,0.022841036,0.027183497,0.089860044
20,0.10476101,0.02323047,0.038247794,0.029610416,0.05986582,0.072979294,0.104497395,0.056790832,0.07055339,0.059455376,0.09774422,0.046713855,0.057292398,0.058825463,0.053180933,0.06625137
21,0.08703669,0.03303271,0.023204751,0.04081931,0.086236276,0.129831,0.099534445,0.018566122,0.019072413,0.05232531,0.025172,0.05499063,0.08698934,0.12028676,0.06261694,0.06028535
22,0.09954622,0.03486438,0.0693923,0.048373684,0.073602505,0.08751094,0.1060108,0.07448326,0.049847763,0.0729856,0.06699466,0.029136226,0.04177913,0.022286022,0.050311793,0.0728747
23,0.036208615,0.017655974,0.029039891,0.09705312,0.11869555,0.050373662,0.12903425,0.061871883,0.057814818,0.045458477,0.055378962,0.0655269,0.0397518,0.080368765,0.029816622,0.085950725
24,0.087634355,0.025026487,0.023569373,0.06562285,0.092024155,0.10240609,0.08148086,0.027493427,0.04090717,0.08257576,0.052771937,0.06821675,0.052301507,0.07799966,0.059792,0.06017759
25,0.10375625,0.032258242,0.07408808,0.04629535,0.06451854,0.07139302,0.07282878,0.06944843,0.048977435,0.062440407,0.05483823,0.10492916,0.034845576,0.072458245,0.04731871,0.039605606
26,0.07398853,0.05305239,0.08100178,0.07832239,0.10196944,0.07296742,0.059743095,0.049522262,0.046537694,0.09247685,0.040540744,0.04236591,0.026472375,0.037082627,0.08005142,0.0639051
27,0.09774345,0.049494535,0.033971917,0.051765844,0.093710236,0.06261076,0.05210598,0.027730243,0.06554058,0.05287951,0.06435127,0.06605156,0.06338498,0.06674313,0.0760671,0.07584891
28,0.07984214,0.050906613,0.10731595,0.025480555,0.043412596,0.09442806,0.08650453,0.05599736,0.042043984,0.037438665,0.04294336,0.08935333,0.04819587,0.082031555,0.053238705,0.060866743
29,0.097992,0.03762616,0.04924426,0.056315288,0.06932166,0.051385548,0.053037982,0.060406927,0.09158618,0.05375569,0.11225598,0.08499535,0.038940575,0.05674255,0.04129981,0.045094013
30,0.09428209,0.04155539,0.036846127,0.052909892,0.07272167,0.11416507,0.08137902,0.027669875,0.058033943,0.049616158,0.079609714,0.071877,0.052443117,0.04460532,0.041319143,0.08096645
31,0.103805535,0.052808538,0.059332043,0.06773091,0.10712298,0.08904339,0.07544086,0.033684123,0.04968418,0.06605378,0.053132985,0.041890364,0.03886215,0.02685406,0.06474206,0.0698121
32,0.083619036,0.05114183,0.046027284,0.046657663,0.076845825,0.07631147,0.063601375,0.040002655,0.051923215,0.042203695,0.06659994,0.08772892,0.058957685,0.07217341,0.043829698,0.09237635
33,0.07846498,0.021331778,0.05671982,0.009629234,0.021752303,0.10619688,0.12885278,0.036274802,0.11296766,0.034880903,0.11839553,0.04190333,0.054352213,0.020514717,0.047415853,0.11034726
34,0.08547636,0.07654706,0.068719156,0.03508992,0.06309238,0.09063723,0.06791836,0.022526614,0.07407241,0.027272545,0.06539286,0.085640885,0.05037253,0.04267635,0.048254535,0.096310794
35,0.074053705,0.051665027,0.048479777,0.08521544,0.07624361,0.06997529,0.05198473,0.040076133,0.066102214,0.09019012,0.05920912,0.06300194,0.046275754,0.042069923,0.08047959,0.05497765
36,0.04691868,0.0723577,0.036323275,0.06813433,0.11203932,0.08216349,0.091785826,0.018443203,0.04589176,0.041900124,0.038360264,0.0338538,0.08088652,0.044483006,0.077062555,0.10939611
37,0.110909976,0.022768056,0.029936662,0.03351979,0.06652769,0.08683837,0.089845955,0.043661695,0.043932393,0.1086996,0.061589018,0.045752447,0.047987152,0.07574765,0.07156386,0.060719687
38,0.090239495,0.035097923,0.03941318,0.08925721,0.11483309,0.081926845,0.08852422,0.040205505,0.06095734,0.064110965,0.08946022,0.045745224,0.04016766,0.022194965,0.032341428,0.06552472
39,0.074496806,0.02334746,0.030534605,0.075346045,0.0849719,0.054979313,0.06524821,0.044496298,0.06785725,0.07242722,0.054174423,0.08547755,0.050480712,0.0844295,0.07831053,0.053422224
40,0.078646265,0.050270256,0.07105664,0.08673424,0.07641765,0.09558773,0.06491345,0.05394282,0.058266222,0.08684588,0.065508775,0.05856621,0.027993955,0.022875635,0.039370194,0.0630041
41,0.071791954,0.031604316,0.041985184,0.08652858,0.06687314,0.06438738,0.05654591,0.049695596,0.10518036,0.092006244,0.09109949,0.061616216,0.039312627,0.026762133,0.059601102,0.055009793
42,0.097764164,0.05826022,0.078841366,0.06122336,0.07369057,0.09848539,0.071168154,0.050309677,0.05162323,0.05111563,0.06746375,0.075758316,0.035773646,0.036456823,0.034560002,0.057505652
43,0.10095513,0.047985505,0.05857646,0.03922301,0.070983045,0.12494137,0.08129717,0.021109587,0.07052389,0.04923744,0.066753075,0.054139853,0.03573948,0.02035365,0.05749632,0.10068502
44,0.12811737,0.027278678,0.04668057,0.034057368,0.06832707,0.10898698,0.08955362,0.03525834,0.065477066,0.049050212,0.09066106,0.058320638,0.033690274,0.037892383,0.04411277,0.0825356
45,0.09081938,0.028312692,0.038098436,0.06726479,0.07798015,0.093793124,0.10256847,0.08255455,0.04266016,0.09568647,0.099552155,0.028853154,0.051364493,0.020019485,0.023363141,0.057109416
46,0.102478854,0.056029808,0.064516954,0.033152442,0.06585078,0.07016501,0.076256655,0.058009237,0.05762438,0.053355694,0.075121254,0.03176887,0.065983504,0.035299882,0.069282204,0.085104436
47,0.038041186,0.049949903,0.11538514,0.0867216,0.103571475,0.06581297,0.099425875,0.08784574,0.044051886,0.07068355,0.045869637,0.03007075,0.020782256,0.022404747,0.031366963,0.08801628
48,0.04782577,0.06385082,0.118153304,0.07843255,0.08327312,0.07320549,0.07762149,0.07161736,0.02852385,0.06705501,0.024359936,0.062492948,0.029393852,0.06861631,0.05865531,0.046922866
49,0.068155564,0.03432962,0.04734251,0.08467821,0.08422473,0.059968054,0.07905889,0.043371584,0.09818176,0.04116629,0.08924989,0.08250148,0.045996428,0.043881822,0.045088727,0.052804485
50,0.053956497,0.03181117,0.053964764,0.05004007,0.073887646,0.055509206,0.07777989,0.060102385,0.08988995,0.042118702,0.07631645,0.081239395,0.03752154,0.058626782,0.04070218,0.11653334
51,0.06212613,0.06255431,0.06124674,0.08567381,0.13364863,0.022022357,0.039172735,0.06318841,0.10752223,0.030296573,0.11378459,0.05433331,0.03603914,0.047991946,0.036181536,0.044217538
52,0.108461104,0.04732813,0.05940381,0.061352413,0.085215546,0.050827187,0.057754606,0.062688924,0.06342242,0.08457137,0.06773419,0.03967905,0.051567357,0.042331476,0.08149394,0.036168467
53,0.1062452,0.027921071,0.06128211,0.031180969,0.058194876,0.10491258,0.13231455,0.06074517,0.057460904,0.07042962,0.098028146,0.023665423,0.040253613,0.016234895,0.04236528,0.06876559
54,0.079728335,0.019133138,0.035149407,0.08508787,0.061207484,0.10564426,0.10257871,0.052119058,0.057585675,0.097650826,0.07417439,0.08666724,0.042552173,0.032149527,0.028815411,0.03975648
55,0.07866507,0.036732882,0.027145876,0.07302234,0.108035594,0.08076658,0.06552083,0.028809382,0.037726376,0.08523921,0.041183937,0.06094116,0.058344234,0.07989949,0.07560041,0.062366605
56,0.041819397,0.024657747,0.035780385,0.080574326,0.07111853,0.07429765,0.11356919,0.07883068,0.051251765,0.078665935,0.07562555,0.06935067,0.04129739,0.077239215,0.023974841,0.06194673
57,0.06572234,0.08828837,0.06029928,0.040940966,0.063354135,0.07132526,0.053659637,0.02853632,0.07268054,0.037053455,0.063327,0.07137384,0.058379803,0.05265672,0.06435412,0.10804816
58,0.10407365,0.02978759,0.029302886,0.055316847,0.092155196,0.08015437,0.060376927,0.026792293,0.065145634,0.049781427,0.07002979,0.0870527,0.047538172,0.06374622,0.05550517,0.08324113
59,0.06863658,0.013237848,0.022836408,0.050643016,0.06449371,0.07331618,0.12791736,0.038507156,0.06145845,0.11934197,0.05064784,0.0682328,0.04504341,0.07084134,0.07475808,0.05008781
60,0.11336469,0.021397358,0.019896938,0.045973048,0.09641271,0.14104725,0.10774081,0.021877611,0.03228451,0.05353484,0.05896605,0.060540706,0.051261496,0.063771725,0.033148453,0.07878184
61,0.047280867,0.016000444,0.027210752,0.083132796,0.080120526,0.10455331,0.1584468,0.05245344,0.041173685,0.09366131,0.0581643,0.054364007,0.03932817,0.049395006,0.026564486,0.068150096
62,0.073018335,0.04227339,0.06821681,0.048457112,0.06524138,0.100607574,0.09751183,0.04710446,0.040552508,0.058623955,0.041619655,0.085649915,0.04291876,0.06657396,0.05600496,0.06562539
63,0.071215846,0.081263766,0.13201566,0.0287781,0.05253679,0.049622465,0.05803897,0.04802977,0.066771306,0.059321325,0.044086862,0.032715023,0.039588112,0.03650187,0.14389199,0.055622134
64,0.04403053,0.031488728,0.06564767,0.07269055,0.08690879,0.058090076,0.1159214,0.08687971,0.04560851,0.064950846,0.03812028,0.051012468,0.04149114,0.07766805,0.05934791,0.06014334
65,0.09800869,0.07786212,0.11245362,0.05093092,0.08627495,0.042683203,0.03916526,0.08044676,0.05035161,0.051725704,0.055749,0.05536828,0.030227328,0.06545606,0.05997755,0.043318942
66,0.09083528,0.049923632,0.050648406,0.0705255,0.12094984,0.06316252,0.07048836,0.059445634,0.03759952,0.07013727,0.057036493,0.039243788,0.048484165,0.06625063,0.051856756,0.053412203
67,0.078654245,0.05749641,0.05649577,0.05211057,0.04933417,0.0693161,0.059668645,0.05342086,0.076415695,0.108690836,0.083153285,0.04349412,0.05846265,0.030328324,0.07843937,0.04451899
68,0.062439237,0.04632097,0.08843792,0.04679489,0.05844024,0.04260369,0.04949416,0.06613519,0.090355724,0.052104067,0.06962956,0.094522804,0.03153344,0.07436855,0.076790445,0.050029144
69,0.056189936,0.021463225,0.027081475,0.052982997,0.056292206,0.12515707,0.116725616,0.036814347,0.043049153,0.088660575,0.057304014,0.102594115,0.045780588,0.06515059,0.030863116,0.07389099
70,0.069428764,0.04438597,0.06255807,0.031248862,0.03802118,0.040216055,0.0423061,0.07839499,0.11579493,0.09799627,0.11988548,0.03830241,0.039234165,0.0388035,0.08694113,0.056482077
71,0.059955657,0.055383336,0.0708464,0.044942454,0.08709842,0.11406112,0.09961885,0.027813336,0.0514487,0.020845724,0.070282646,0.056690097,0.025797911,0.023808628,0.017709736,0.17369698
72,0.040314417,0.07091752,0.07047859,0.101102345,0.10655417,0.07242306,0.07892818,0.06093891,0.047473297,0.06054437,0.063513495,0.039659154,0.03277182,0.028035162,0.026113166,0.100232296
73,0.111939944,0.044255514,0.06425359,0.028143033,0.07620656,0.063492715,0.07990581,0.045586277,0.057003904,0.03359432,0.06496396,0.05467002,0.050363768,0.075188704,0.066469155,0.08396273
74,0.0506023,0.053134065,0.063703395,0.077521876,0.062767744,0.071824424,0.06101455,0.06301632,0.07084036,0.1011579,0.07303039,0.049112584,0.03580839,0.038183447,0.062064666,0.06621759
75,0.055439368,0.026792469,0.03430429,0.051762607,0.06480402,0.091118544,0.107953034,0.039467502,0.078819536,0.07310928,0.07589132,0.04885642,0.05004425,0.03772561,0.05901033,0.10490141
76,0.051980395,0.057129595,0.098314784,0.09512809,0.0824965,0.03587368,0.04405852,0.102546446,0.075249225,0.06672152,0.07278788,0.06338645,0.023280883,0.046943042,0.042499408,0.041603576
77,0.10932696,0.029713636,0.05610451,0.0403343,0.086010374,0.09400766,0.10228146,0.056685526,0.05508921,0.027303537,0.11803043,0.060535375,0.027198672,0.03204977,0.015040019,0.09028855
78,0.06964136,0.037589964,0.034437735,0.105737865,0.106300175,0.036761254,0.04112437,0.05218971,0.08391065,0.083373964,0.0697357,0.050329134,0.048977528,0.05229019,0.07912303,0.048477422
79,0.09727023,0.0584589,0.10722666,0.070044495,0.06458619,0.048178446,0.044303928,0.06781427,0.09428861,0.060145963,0.094123386,0.059283495,0.028476186,0.020392425,0.053651344,0.03175546
80,0.05694367,0.05042371,0.049070165,0.024552071,0.075702965,0.088110685,0.12470607,0.035160374,0.03494659,0.03190568,0.050713837,0.035308424,0.059227053,0.07900991,0.04324725,0.1609715
81,0.13226861,0.07300399,0.1036984,0.032764245,0.07549856,0.109675795,0.07758076,0.026693845,0.039973088,0.04145227,0.04141591,0.033184234,0.032051597,0.021417474,0.081278495,0.07804267
82,0.08680066,0.063252695,0.06924045,0.05939528,0.12331533,0.073783636,0.08003774,0.054353714,0.03122972,0.057794433,0.048517536,0.029111214,0.042922184,0.05007567,0.05822848,0.071941264
83,0.07258134,0.054010957,0.04850216,0.07184604,0.117088914,0.055701125,0.06511176,0.061359216,0.03481596,0.09132064,0.04925223,0.021619372,0.05735755,0.055289824,0.085679375,0.058463562
84,0.08869771,0.039855234,0.04284127,0.052092206,0.0876965,0.09725162,0.10216894,0.043074455,0.06007267,0.050426308,0.100145705,0.038171608,0.048717786,0.022605939,0.032199014,0.09398303
85,0.03343958,0.076742016,0.0719279,0.097762525,0.08290028,0.04137342,0.046488095,0.09717286,0.04041278,0.094121575,0.039620817,0.057298124,0.03597685,0.08660103,0.046414357,0.0517478
86,0.095849544,0.04437126,0.06730517,0.057921592,0.09289529,0.06880275,0.07141132,0.05254155,0.0656563,0.0575792,0.06811225,0.04594333,0.035507996,0.035629284,0.06285546,0.077617705
87,0.08293129,0.03827611,0.027154261,0.07780009,0.103253804,0.07829032,0.053428326,0.015038892,0.05554631,0.05811256,0.038384024,0.09658898,0.054430053,0.07933248,0.09284324,0.048589278
88,0.063842945,0.027109316,0.021578455,0.06763598,0.074288644,0.079023264,0.06454148,0.03413528,0.076015644,0.05431844,0.11040464,0.10087367,0.048834007,0.059130598,0.023358194,0.09490942
89,0.05464843,0.04488012,0.041469354,0.073107645,0.07420849,0.03811756,0.043729354,0.0628788,0.080693334,0.11128187,0.072110035,0.04630064,0.046008367,0.069930665,0.09242907,0.04820623
90,0.10882764,0.046840757,0.04918384,0.061868448,0.08863214,0.12862001,0.07585854,0.026765032,0.036912125,0.057922542,0.04287657,0.06431381,0.04208235,0.03368218,0.05901529,0.07659871
91,0.09934941,0.043696824,0.044564437,0.051050898,0.08335877,0.07225024,0.07676894,0.05605105,0.061969254,0.0680758,0.0985097,0.037764754,0.05906202,0.030328954,0.046109248,0.07108966
92,0.13976759,0.030311571,0.035666294,0.043073744,0.058066864,0.10545222,0.07215855,0.029261028,0.068230174,0.08573532,0.087433405,0.06805164,0.04894856,0.025058756,0.053149268,0.04963499
93,0.09621871,0.0724993,0.10914627,0.05229457,0.074013226,0.07895781,0.057895187,0.050229054,0.06479117,0.06642695,0.064509034,0.041063234,0.027109826,0.019631904,0.057922393,0.06729135
94,0.12945934,0.029122569,0.03528941,0.041601993,0.055155467,0.11772556,0.085314,0.031424962,0.07058636,0.09683707,0.10180959,0.035710756,0.050224807,0.016908491,0.054956328,0.047873285
95,0.04989494,0.06675059,0.0633345,0.08496406,0.11302038,0.061564844,0.075721994,0.044347573,0.07019799,0.025587773,0.09264162,0.049042646,0.035810765,0.022970231,0.021128967,0.123021096
96,0.046301078,0.048607025,0.06152406,0.06422172,0.07581266,0.10232075,0.11113339,0.05127798,0.031264525,0.04756871,0.041474517,0.09722934,0.038313452,0.08769544,0.022571614,0.072683744
97,0.04322681,0.02075779,0.031504396,0.0885669,0.12162437,0.052123502,0.096817225,0.066071406,0.047350872,0.08337537,0.039403025,0.045588408,0.03754944,0.08038511,0.055427317,0.09022805
98,0.10867056,0.020957947,0.036521886,0.10286519,0.091121554,0.0275912,0.024972117,0.087578565,0.08772901,0.12629218,0.09420711,0.05234684,0.021903886,0.035313737,0.057896536,0.024031686
99,0.071750216,0.014698717,0.028733784,0.05386898,0.06646416,0.06364656,0.09672467,0.0630325,0.048252773,0.12741287,0.052750424,0.07449225,0.039232217,0.09937635,0.061501626,0.03806182
100,0.074969254,0.027957534,0.020944899,0.08612213,0.12351489,0.03373639,0.04561764,0.060587674,0.042296212,0.09903165,0.06638889,0.04488187,0.060908664,0.119188994,0.05704098,0.03681233
101,0.11215948,0.038384054,0.05838753,0.042548794,0.09864647,0.056790456,0.09472463,0.04469117,0.050916176,0.043059975,0.055608433,0.04515193,0.052390534,0.07366243,0.08037369,0.052504305
102,0.07997151,0.06608421,0.05185148,0.04347421,0.07703837,0.0718021,0.057177838,0.03579598,0.066325635,0.04837154,0.06795987,0.07061506,0.04979308,0.05609395,0.04859252,0.10905268
103,0.06671013,0.02813614,0.018303066,0.0695783,0.1398967,0.07779255,0.095974736,0.024344092,0.030763054,0.0696901,0.039546162,0.027310511,0.07447773,0.0667995,0.075991124,0.09468605
104,0.098983474,0.022403182,0.046407167,0.05075796,0.06792891,0.07133977,0.08275326,0.071369804,0.054902866,0.069945134,0.09540039,0.08561114,0.035831902,0.07357812,0.033559263,0.039227635
105,0.0945475,0.028163934,0.051244065,0.0767125,0.11302859,0.03794114,0.06029257,0.099788785,0.061755437,0.08106508,0.07436975,0.031338673,0.037914284,0.044822615,0.061965544,0.045049552
106,0.07719163,0.09898949,0.0738937,0.040471707,0.06953008,0.099447995,0.07570892,0.030755525,0.03525789,0.034436237,0.045197114,0.07100134,0.06889377,0.061404657,0.046204355,0.07161557
107,0.070164286,0.03328042,0.059224922,0.02564537,0.058054447,0.10022462,0.14088835,0.0427728,0.07240826,0.031733852,0.09721332,0.04434668,0.042394474,0.027151063,0.026228568,0.12826854
108,0.056720853,0.02942325,0.026381401,0.092704035,0.1565718,0.031829808,0.05158184,0.059006184,0.045441657,0.11301141,0.05063227,0.024146363,0.044947326,0.08230576,0.08198627,0.053309772
109,0.06315946,0.06739383,0.05650967,0.073503666,0.091782905,0.047052566,0.04353552,0.057342444,0.06850687,0.05206157,0.08456111,0.05892776,0.040942233,0.070866525,0.049653832,0.07420004
110,0.0898313,0.022007637,0.027838325,0.06071937,0.08109919,0.09551182,0.08595091,0.050021406,0.058154896,0.06981668,0.10373277,0.056952607,0.037504926,0.05164921,0.030263014,0.078945965
111,0.06375253,0.037221346,0.03386097,0.08394909,0.083057456,0.118532695,0.07806753,0.028124943,0.04277878,0.114397295,0.041889656,0.03956699,0.043697298,0.029772086,0.07828029,0.08305104
112,0.063817,0.02643933,0.042733435,0.080839984,0.08939307,0.04565094,0.060740545,0.06300956,0.086785465,0.10742269,0.061290205,0.043327954,0.033180933,0.04639638,0.0901247,0.058847804
113,0.079423554,0.030152308,0.029522276,0.072242856,0.10971463,0.060787987,0.06930106,0.036816046,0.04301573,0.094527476,0.03714778,0.025327062,0.061994772,0.04644488,0.133497,0.07008461
114,0.04182699,0.07359596,0.06568072,0.069024555,0.107371114,0.056975883,0.07983833,0.07103461,0.04392721,0.04782455,0.0638019,0.03487909,0.040840637,0.05280107,0.031468663,0.11910874
115,0.12441055,0.02532284,0.018544598,0.042295944,0.05983771,0.08057248,0.045672182,0.025419667,0.10851228,0.07005755,0.18007089,0.050042797,0.048792627,0.01570083,0.03115973,0.073587336
116,0.08832968,0.03136682,0.05089049,0.04035535,0.07530149,0.05535118,0.05788523,0.061917406,0.062802136,0.055143762,0.07805131,0.08659906,0.034982733,0.101822555,0.0517045,0.06749632
117,0.051556587,0.060062677,0.07778472,0.0817998,0.08954164,0.049933672,0.06090821,0.06433373,0.06307661,0.06423067,0.052505556,0.06641576,0.037531223,0.058311153,0.06185515,0.06015287
118,0.05768478,0.056683075,0.06898588,0.039926823,0.058482677,0.092276394,0.07406769,0.042058278,0.073771514,0.033288993,0.08995565,0.069119066,0.03312643,0.035116706,0.023725986,0.15173003
119,0.077460326,0.03186923,0.048659276,0.059817176,0.046023756,0.0639439,0.06676992,0.08337331,0.08398199,0.10894806,0.100536585,0.04977308,0.052941877,0.03115751,0.057294678,0.03744934
120,0.1251386,0.016452545,0.033367727,0.057264727,0.07740555,0.03492341,0.03890243,0.08635584,0.06933138,0.11738103,0.10116717,0.06629934,0.02705998,0.07201921,0.051764477,0.025166532
121,0.06919317,0.05689591,0.036213107,0.078087196,0.093357176,0.12876521,0.07980346,0.018206583,0.04786611,0.043866124,0.054044116,0.08427438,0.052841764,0.04249665,0.03667845,0.07741055
122,0.10901835,0.048333045,0.041514896,0.046281245,0.07071254,0.08344462,0.053893533,0.03199882,0.06437858,0.07728494,0.07955865,0.068903066,0.049831625,0.043446776,0.06702281,0.06437651
123,0.057228703,0.037309065,0.043877125,0.08026892,0.06965338,0.07830691,0.077286586,0.052673277,0.05465387,0.103572845,0.052162837,0.063985,0.044366855,0.062502645,0.06755361,0.054598387
124,0.12354854,0.061132688,0.0776916,0.04016741,0.062344547,0.10996458,0.06358037,0.039940156,0.053006705,0.056457277,0.07075462,0.047394246,0.03453983,0.025228232,0.056816805,0.0774324
125,0.10803016,0.027462462,0.05886653,0.025624504,0.040772606,0.10887191,0.107102215,0.07418064,0.05122602,0.05170263,0.103452355,0.06322575,0.048180174,0.04255299,0.027544493,0.061204534
126,0.037435707,0.035781924,0.029129812,0.11928964,0.09631917,0.03467362,0.040844753,0.04367641,0.086331934,0.08548889,0.051111046,0.07028884,0.044715237,0.08230794,0.08776626,0.05483878
127,0.058877777,0.087532796,0.11393914,0.036589645,0.05593559,0.045492303,0.044314396,0.06614916,0.058925956,0.08418641,0.04512457,0.036174983,0.03698482,0.047357038,0.11459386,0.06782155
128,0.075190276,0.048225272,0.05901751,0.07613195,0.08348817,0.065701045,0.06001323,0.06555948,0.059001174,0.082633495,0.06804976,0.047067445,0.039616853,0.044160947,0.06041387,0.065729536
129,0.06887094,0.06700336,0.0649708,0.04121834,0.061482918,0.083429776,0.083127744,0.04737258,0.06926561,0.038570967,0.1045583,0.05860811,0.04833184,0.04806826,0.03101521,0.08410526
130,0.10327544,0.026297674,0.034855485,0.036411956,0.045798406,0.08098679,0.07579182,0.054207552,0.075410396,0.08543155,0.11233697,0.059381615,0.06756749,0.043698728,0.05296241,0.04558571
131,0.056356836,0.050937276,0.06810433,0.082968555,0.07848278,0.07863337,0.089145474,0.06617484,0.055629153,0.06515079,0.07123705,0.069579,0.037570518,0.039795086,0.028179651,0.062055316
132,0.06292967,0.035010245,0.019640818,0.07747895,0.08585658,0.064902805,0.068037696,0.04099856,0.046682626,0.069184475,0.077655524,0.07206503,0.096871875,0.0936603,0.035023663,0.05400114
133,0.051050615,0.05982862,0.07794615,0.079791196,0.060663495,0.03234316,0.028479164,0.08826912,0.09100316,0.092173755,0.07609625,0.07103149,0.027142627,0.055571567,0.06799987,0.040609792
134,0.073618494,0.04882358,0.050097752,0.07256205,0.120664954,0.07240351,0.088875584,0.04730824,0.034233242,0.07629528,0.041345917,0.03399002,0.053313356,0.05049159,0.070660055,0.065316394
135,0.09605071,0.055979967,0.056464534,0.04971348,0.09521709,0.09495758,0.05330718,0.031879865,0.043115754,0.0669219,0.04805194,0.05092433,0.031593986,0.048730005,0.066983104,0.110108525
136,0.09536132,0.026605964,0.030096404,0.038458303,0.0446943,0.048009306,0.044344738,0.04749146,0.09971338,0.12865667,0.105551235,0.040135738,0.058956217,0.037890177,0.113434464,0.040600345
137,0.08424697,0.07755142,0.042684287,0.050642412,0.11240151,0.083091326,0.082574666,0.038713574,0.041617732,0.04822084,0.08324074,0.02157031,0.06685086,0.022611931,0.037878737,0.106102705
138,0.095754504,0.062473502,0.067453094,0.03933166,0.07115256,0.08831634,0.0901655,0.046046477,0.05939145,0.038913388,0.088870116,0.05673216,0.055186193,0.03141738,0.031864196,0.07693147
139,0.1091173,0.018309318,0.031113675,0.03425997,0.048362333,0.08151213,0.09179268,0.070565805,0.067902826,0.084515296,0.12636301,0.04794662,0.060809463,0.037288204,0.038056675,0.052084703
140,0.072203845,0.042200834,0.04973494,0.07316731,0.099140145,0.11760529,0.09403261,0.040614475,0.036872584,0.06516632,0.05267329,0.04497263,0.03610001,0.043064535,0.044388365,0.08806283
141,0.0630752,0.02715031,0.045748565,0.05300817,0.06763359,0.077893585,0.09386488,0.059028447,0.051488668,0.09980682,0.050445992,0.06729936,0.036401365,0.07428632,0.06607896,0.06678977
142,0.06378165,0.031667087,0.05367544,0.075508796,0.084072925,0.050523546,0.070187904,0.09529346,0.050642073,0.06608627,0.06066395,0.08327853,0.038209263,0.088285826,0.037698045,0.050425205
143,0.08077801,0.019298268,0.026466422,0.055996906,0.06746013,0.08810216,0.083730556,0.06989071,0.04211844,0.13102795,0.09001425,0.054306787,0.04247096,0.061416816,0.034236617,0.05268501
144,0.0488416,0.06342716,0.09786424,0.069346905,0.076550506,0.073364265,0.09982846,0.08791951,0.04044838,0.059982132,0.052400727,0.045679044,0.037004918,0.05089466,0.03417276,0.062274743
145,0.081153885,0.05399469,0.08448746,0.05466975,0.071605444,0.09410745,0.10202891,0.051059753,0.063414134,0.055873483,0.081515245,0.042681556,0.037964594,0.02144292,0.04044886,0.06355182
146,0.09914356,0.03223896,0.04831169,0.060466368,0.09714834,0.08295304,0.091836244,0.05451103,0.037295207,0.04220738,0.06304764,0.086833365,0.04262643,0.07543234,0.026778812,0.059169576
147,0.07775927,0.06333783,0.03774628,0.05997658,0.08621947,0.070445836,0.057474375,0.03114496,0.079018585,0.05169767,0.10187472,0.061015308,0.058585197,0.040771406,0.043616373,0.07931613
148,0.08534613,0.044851463,0.052182343,0.06389379,0.052398372,0.06428326,0.06011497,0.060878515,0.08090105,0.09414474,0.085868336,0.060565203,0.062215608,0.03246865,0.0633981,0.0364895
149,0.07902635,0.082956694,0.06266785,0.058536973,0.07260817,0.08022018,0.06331458,0.039427206,0.04650299,0.061756074,0.048226863,0.067646086,0.07473793,0.037760008,0.063899785,0.060712278
150,0.030384203,0.05707395,0.065747716,0.10775628,0.076964416,0.11454913,0.099592365,0.04835317,0.026178978,0.1074545,0.024015479,0.03520593,0.044677887,0.029140867,0.05864514,0.07425994
151,0.0770875,0.03641398,0.05202261,0.035811495,0.06648554,0.1020842,0.10161059,0.038030896,0.049111616,0.07073008,0.04997361,0.039838012,0.045329943,0.035431672,0.07817814,0.121860124
152,0.102087736,0.046553936,0.046023745,0.07579922,0.094247244,0.09183974,0.07253923,0.04292165,0.03876777,0.053008493,0.055491075,0.08781158,0.051698282,0.055622235,0.033237997,0.052350085
153,0.07084184,0.07544493,0.055808384,0.056679647,0.079333074,0.100514196,0.083201565,0.036011968,0.029658625,0.08678967,0.03562856,0.03226686,0.07815849,0.04045968,0.08372534,0.055477146
154,0.07559038,0.034107253,0.059668306,0.072579734,0.07288448,0.08296804,0.084133774,0.07377052,0.040861044,0.045895174,0.0686992,0.12489542,0.03476751,0.068452746,0.016708383,0.04401803
155,0.04562886,0.07705491,0.08247417,0.049834747,0.062675446,0.121665776,0.12337968,0.03494993,0.04337829,0.029163377,0.054636884,0.055497605,0.045420367,0.029409854,0.025085166,0.11974493
156,0.07751169,0.045520667,0.06439054,0.08416913,0.09140814,0.08455688,0.09093526,0.05058806,0.0753239,0.050504178,0.090577655,0.043881316,0.035869457,0.016916044,0.029010542,0.06883654
157,0.06381235,0.07401251,0.05522388,0.064617254,0.10320124,0.063018106,0.078474484,0.04713626,0.056013685,0.049034644,0.06812841,0.037697032,0.06866544,0.04002707,0.051401034,0.07953664
158,0.04209185,0.040254224,0.03952737,0.10554055,0.0822449,0.10237127,0.07023067,0.03748524,0.063678965,0.10182593,0.05977148,0.049781486,0.030236518,0.028337099,0.04213925,0.104483195
159,0.07556375,0.052456927,0.0959281,0.03128014,0.044231195,0.11634046,0.09662645,0.04770918,0.0435935,0.06451464,0.04640462,0.06591743,0.043035995,0.04101266,0.06411238,0.071272545
160,0.11800181,0.05281946,0.05824064,0.015307254,0.040888667,0.11191117,0.07498304,0.03669839,0.039303433,0.04594099,0.054334227,0.042077243,0.07208657,0.056706578,0.0743222,0.10637832
161,0.10070876,0.041913867,0.037036825,0.05044507,0.08093252,0.071413726,0.060718644,0.040577296,0.06316089,0.07492012,0.08326334,0.054738224,0.05179362,0.058264088,0.061541032,0.06857202
162,0.08062535,0.019097066,0.026797278,0.074779935,0.07065579,0.11656886,0.10496879,0.035935078,0.04127103,0.13949665,0.050558086,0.048339248,0.046567336,0.03573349,0.06190024,0.04670571
163,0.10933552,0.047859278,0.031730104,0.053356558,0.073593676,0.05480883,0.03775973,0.017701123,0.12174499,0.04911962,0.08946494,0.07235063,0.06334318,0.02488543,0.08482376,0.068122655
164,0.11271497,0.026853079,0.029239016,0.047519248,0.06572791,0.14015709,0.09423533,0.023106433,0.04173616,0.08843931,0.05105934,0.059422348,0.054850835,0.033641476,0.064871766,0.066425644
165,0.06710016,0.056818936,0.067923136,0.07056389,0.05896555,0.113990985,0.07978136,0.03787906,0.06659542,0.07946571,0.06606964,0.05898255,0.043333277,0.020644236,0.050801832,0.06108424
166,0.10045239,0.05166356,0.07373368,0.032164242,0.061571766,0.104666434,0.089562245,0.03117244,0.0711071,0.036393818,0.06672895,0.05778798,0.040914077,0.028047642,0.05175827,0.10227544
167,0.13021983,0.02836529,0.01840921,0.07830552,0.12600642,0.07640824,0.07204989,0.022827968,0.062761374,0.05847274,0.10201508,0.032333154,0.06528198,0.023641838,0.04464309,0.058258336
168,0.09858476,0.029485693,0.037375893,0.06141198,0.07934129,0.069441,0.06984589,0.06454753,0.049467895,0.058855098,0.08398519,0.07522455,0.049630225,0.07857453,0.036283575,0.057944864
169,0.074806,0.07644453,0.07532467,0.060733262,0.087631226,0.07412781,0.0729655,0.043385863,0.040472496,0.057655096,0.042025875,0.039587516,0.056968212,0.048868936,0.0851135,0.06388954
170,0.056059677,0.06751356,0.06679208,0.05852766,0.09321505,0.081943244,0.10902903,0.03517895,0.05213027,0.04943925,0.048594907,0.025224382,0.060721576,0.02146147,0.07090778,0.103261165
171,0.061168972,0.04896537,0.047325935,0.06786562,0.05789214,0.07312611,0.06928447,0.04213838,0.0819572,0.07666975,0.07054418,0.07047928,0.06450478,0.037486166,0.0703148,0.060276825
172,0.052317712,0.05460338,0.078251295,0.062335003,0.0669839,0.08201774,0.12039476,0.07031254,0.052544504,0.052057374,0.066361405,0.047140475,0.05584993,0.03749083,0.035133902,0.06620523
173,0.077636115,0.027224349,0.028875962,0.056614865,0.056684196,0.10950676,0.07785524,0.0398707,0.031390894,0.19031681,0.04073463,0.05855689,0.05136693,0.052612722,0.066265814,0.034487084
174,0.058550607,0.052859526,0.052510727,0.05737068,0.07938123,0.10611034,0.08761555,0.03236372,0.051181365,0.06457651,0.05120294,0.05039322,0.039340246,0.05113882,0.06206963,0.103334844
175,0.0942848,0.05745094,0.046723917,0.054316252,0.08831841,0.077072226,0.04540438,0.020896675,0.06631246,0.046278313,0.050780848,0.09817064,0.04364508,0.055396993,0.07282234,0.08212573
176,0.052889567,0.06503325,0.050304413,0.091730274,0.095807195,0.12859485,0.07966438,0.027624795,0.039634246,0.060309142,0.04313086,0.049232677,0.037160497,0.030973323,0.04322332,0.104687236
177,0.08552196,0.04573004,0.060340654,0.073989235,0.13938288,0.050393105,0.055120874,0.04949547,0.051560525,0.042773616,0.047704756,0.05712226,0.032116555,0.07790326,0.061853442,0.0689914
178,0.0833973,0.04535052,0.057677303,0.06646772,0.09315735,0.09467407,0.085616745,0.027828807,0.04235339,0.051155254,0.037161317,0.08500882,0.043304045,0.06431046,0.06849996,0.054036915
179,0.061646346,0.08774015,0.0788877,0.04208964,0.061666787,0.060961794,0.06354157,0.04716224,0.07513436,0.06213462,0.069345064,0.03813505,0.057267565,0.035037205,0.07918892,0.08006098
180,0.07327193,0.03992262,0.08061396,0.07762336,0.064354055,0.04597582,0.039321557,0.09376031,0.077259965,0.084936105,0.07669374,0.101432055,0.020238778,0.04614227,0.039567944,0.038885504
181,0.057690848,0.07706277,0.053566676,0.053606857,0.112077594,0.091522105,0.090356074,0.02796057,0.047262073,0.022943974,0.0766544,0.05537039,0.042462718,0.042457763,0.020965459,0.1280397
182,0.062234942,0.05717781,0.042201757,0.07699441,0.10451895,0.08685619,0.066793054,0.028377974,0.05293555,0.059063595,0.05092713,0.061422694,0.047857404,0.05526873,0.058088575,0.08928125
183,0.05088347,0.03551036,0.04444681,0.07012408,0.09489884,0.093459494,0.09530065,0.035644192,0.07131665,0.04904526,0.06931251,0.0512515,0.031520896,0.031415623,0.036592547,0.1392771
184,0.0985247,0.026635895,0.022355476,0.042724896,0.12681614,0.078984775,0.07594495,0.031385478,0.03034734,0.06109016,0.053429913,0.056862194,0.048082743,0.116526596,0.0417843,0.08850438
185,0.05186826,0.038323496,0.03683998,0.053371113,0.04367171,0.05495363,0.06332679,0.06356444,0.11263422,0.11633762,0.11961794,0.039028537,0.062112316,0.027549656,0.06075594,0.056044396
186,0.078692414,0.06732797,0.06993046,0.0643045,0.09168173,0.06396245,0.067748696,0.054211974,0.06336502,0.054545697,0.08398327,0.045829322,0.044527784,0.046201658,0.048676405,0.055010635
187,0.072614335,0.037939664,0.04724959,0.05653249,0.09185036,0.0952273,0.120851874,0.04577652,0.05487233,0.033418223,0.09812359,0.06384939,0.040623453,0.028035102,0.0153868245,0.097649
188,0.089231886,0.035925705,0.03126664,0.08181555,0.076793395,0.089840926,0.054223523,0.032638613,0.07886467,0.09648255,0.09889483,0.06202968,0.04006931,0.024179244,0.042104024,0.06563947
189,0.075545795,0.06290204,0.055481303,0.072449096,0.0984511,0.07436396,0.07824748,0.05988914,0.03279182,0.060751185,0.048881453,0.052870993,0.0699049,0.06478253,0.04384388,0.048843276
190,0.056596234,0.027771598,0.071973205,0.027120354,0.03753001,0.05732116,0.07345658,0.09287778,0.06317987,0.0893938,0.05216722,0.071794406,0.03703502,0.09645587,0.08958634,0.055740595
191,0.08188617,0.049093988,0.06701986,0.030757466,0.07164028,0.060827393,0.061894108,0.07004961,0.04388334,0.030008212,0.07422975,0.091229774,0.035015054,0.11691173,0.023879757,0.09167352
192,0.097691566,0.034382906,0.05056721,0.058810104,0.08891022,0.053304788,0.07469236,0.065396614,0.05455652,0.037811216,0.07686278,0.09844917,0.0517713,0.081690885,0.03005618,0.04504615
193,0.07950589,0.08253139,0.0404024,0.04502205,0.11893187,0.07359045,0.056744814,0.021967093,0.028711582,0.049629316,0.031158768,0.024016036,0.06389286,0.06414816,0.10697523,0.1127721
194,0.12363877,0.05748412,0.07643089,0.032009937,0.0751403,0.09866691,0.07826156,0.028991118,0.05709712,0.03619099,0.05671298,0.051938992,0.04179807,0.031366464,0.06378829,0.090483524
195,0.06796066,0.045980025,0.051548276,0.042192895,0.06938155,0.055633783,0.07672695,0.08782647,0.06254427,0.07003463,0.10201145,0.03625078,0.05461994,0.060691595,0.04496781,0.071628906
196,0.093874335,0.06805566,0.091647945,0.060455617,0.14550535,0.06933119,0.07941576,0.034132347,0.04605152,0.025093434,0.05515347,0.070460536,0.025423504,0.037206065,0.02630035,0.071892925
197,0.07692919,0.12539612,0.06998879,0.05712499,0.064539514,0.07847679,0.044266164,0.020696426,0.08543444,0.03526998,0.069161855,0.06852886,0.057630435,0.020689448,0.056556895,0.06931009
198,0.05412713,0.015261007,0.008857889,0.10571971,0.106234044,0.033144746,0.05345425,0.03275994,0.08020357,0.041703444,0.15548526,0.09182551,0.06849432,0.09329742,0.01591334,0.043518435
199,0.10437546,0.048008125,0.056915533,0.06753559,0.08580265,0.07889994,0.05854441,0.033803463,0.058898598,0.07735154,0.051432278,0.07137524,0.037062775,0.04354563,0.076095365,0.050353408
200,0.049256753,0.06328542,0.099172235,0.0628295,0.09937728,0.044879347,0.05338609,0.07746712,0.03845535,0.06155615,0.03290743,0.04901786,0.029277528,0.097444974,0.07680051,0.0648865
201,0.09272945,0.0541212,0.04122378,0.053912353,0.083466314,0.084092855,0.06169556,0.032557797,0.050439257,0.049388584,0.06711564,0.084047645,0.057101265,0.073104136,0.04981141,0.065192804
202,0.06497288,0.059620295,0.08186638,0.06787484,0.12587072,0.05544154,0.0748503,0.06325211,0.037637256,0.03267941,0.046533342,0.06294668,0.033634793,0.08509919,0.034215596,0.073504634
203,0.11250603,0.03932875,0.055355508,0.048462924,0.07602901,0.07875464,0.061708033,0.034819823,0.08322101,0.05881824,0.08529019,0.06367714,0.033586595,0.034165237,0.0631101,0.07116675
204,0.13722716,0.037795603,0.07712623,0.053742502,0.081464544,0.12188702,0.10099816,0.044649947,0.032452527,0.04991293,0.04835986,0.06510585,0.036132548,0.035536837,0.036529798,0.041078452
205,0.13503015,0.019419052,0.030646326,0.026498979,0.04759386,0.093911,0.062337626,0.05254365,0.046738405,0.103511445,0.07905647,0.07072165,0.04112062,0.08005914,0.054791346,0.05602026
206,0.09629019,0.058232922,0.113374986,0.038728654,0.075100906,0.11264774,0.11587345,0.044496357,0.0483828,0.03865889,0.060653914,0.033066366,0.0322753,0.016812181,0.037794035,0.07761133
207,0.07297205,0.04544122,0.040601283,0.0733912,0.1254292,0.065195225,0.058324054,0.044581786,0.047113676,0.05091381,0.06887863,0.07503807,0.035402577,0.07500812,0.029115794,0.09259331
208,0.08620877,0.036580816,0.059678216,0.03955783,0.054082423,0.099330485,0.09454373,0.039065447,0.07341626,0.05840106,0.07043013,0.0724762,0.04359026,0.038488556,0.059465494,0.07468429
209,0.10411804,0.025502851,0.036257584,0.020717183,0.038817514,0.11325326,0.09482756,0.043033686,0.053542573,0.05105069,0.10393106,0.065871835,0.06063533,0.07447819,0.03983236,0.074130334
210,0.111484684,0.03678228,0.04867466,0.06316761,0.08909792,0.075859904,0.061788466,0.036327895,0.062088475,0.08359926,0.060477305,0.060109854,0.03540357,0.040776495,0.07728406,0.057077557
211,0.057891358,0.07830829,0.051762406,0.061111722,0.09904301,0.07144251,0.06954705,0.03044462,0.056935143,0.040543694,0.055787545,0.054528475,0.057609957,0.05198651,0.055964928,0.1070928
212,0.09812346,0.044168722,0.078506336,0.037598815,0.042804062,0.079692006,0.063932426,0.062012713,0.07545068,0.098454505,0.084629655,0.055105086,0.035021108,0.02996263,0.068044655,0.046493143
213,0.06648935,0.024446324,0.046489853,0.07217849,0.073888175,0.07580074,0.077779286,0.073281005,0.06715112,0.07336601,0.09230242,0.07813048,0.025344046,0.048093725,0.027812311,0.07744669
