,AV1,AV2,AV3,BA,FI1,FI2,HS,IM1,IM2,IM3,IM4,PE1,PE2,VA1,VA2,VA3
0,0.08425476,0.058893807,0.039793417,0.023259977,0.08178861,0.07057533,0.049215574,0.09236086,0.08524771,0.08219283,0.057013746,0.0716469,0.07019134,0.049478672,0.05684552,0.027240986
1,0.011087033,0.02844838,0.03997092,0.049374852,0.15990914,0.21083781,0.024583643,0.027129395,0.07119745,0.0771316,0.01789392,0.051451392,0.09710183,0.01576844,0.09584057,0.022273598
2,0.019536048,0.027196683,0.06343692,0.069152884,0.16572635,0.14184889,0.018705342,0.020387242,0.09554649,0.10931207,0.03092256,0.034434967,0.049358144,0.02585088,0.07496218,0.05362238
3,0.032726515,0.05344286,0.05882669,0.08936805,0.098126024,0.1491544,0.043372598,0.019724417,0.051011544,0.038198806,0.022013515,0.1047039,0.11202367,0.01823998,0.08860257,0.020464482
4,0.049575318,0.055521443,0.06603004,0.034586128,0.08421954,0.086239286,0.049649067,0.044767857,0.051429488,0.032851126,0.028755486,0.04920877,0.06547961,0.09439935,0.11038376,0.09690375
5,0.08024884,0.08710337,0.07455444,0.05183583,0.053699616,0.04681127,0.08466757,0.03271431,0.039847065,0.07653396,0.0337984,0.055900678,0.042283963,0.095671535,0.078428715,0.06590042
6,0.093854815,0.08967046,0.03783764,0.036846336,0.052621122,0.040847566,0.10874347,0.049842767,0.09928587,0.062476903,0.112489685,0.03494657,0.035256073,0.04577468,0.060214646,0.039291456
7,0.08787304,0.07739326,0.054147005,0.06664918,0.080925554,0.06602891,0.062147334,0.012730646,0.029074498,0.034755997,0.024085946,0.045964897,0.07692292,0.062128957,0.17617798,0.042993892
8,0.03822183,0.08670498,0.07848977,0.05219049,0.08072376,0.07012617,0.05387459,0.0907588,0.06875295,0.12801544,0.037891906,0.074141905,0.057970095,0.020222304,0.02909894,0.03281602
9,0.038829822,0.03743884,0.030719185,0.03808824,0.07659744,0.07091861,0.046199746,0.034059405,0.07033421,0.0990848,0.027716517,0.08338119,0.1291163,0.06217575,0.104939416,0.050400574
10,0.05752248,0.10714254,0.06356573,0.07452374,0.09885248,0.11229465,0.08764611,0.025018418,0.03587437,0.08522525,0.033538558,0.058160342,0.07369736,0.010723848,0.05370303,0.022511141
11,0.04078626,0.09422736,0.11417061,0.058827214,0.0954365,0.059210062,0.07802688,0.01652464,0.060188983,0.05587579,0.045929093,0.05975977,0.03997127,0.07384613,0.050746866,0.056472562
12,0.09684457,0.046928823,0.06659291,0.06336604,0.055347744,0.025090959,0.055532224,0.07352556,0.06748162,0.10165447,0.03851607,0.043593094,0.06356062,0.09732601,0.048680436,0.055958867
13,0.028809665,0.052903827,0.03265758,0.028938163,0.15144928,0.13717006,0.079687804,0.043521564,0.11454248,0.05351883,0.036834415,0.04623253,0.0728545,0.014161583,0.07598075,0.030736908
14,0.049308356,0.032503095,0.0696569,0.03763454,0.07272562,0.041841168,0.03135135,0.08205558,0.10145813,0.14137575,0.08352005,0.038715415,0.06364879,0.062692374,0.03075643,0.060756437
15,0.052403495,0.0859822,0.07569839,0.0432646,0.086385034,0.08673516,0.07764101,0.040060002,0.037425816,0.09724836,0.035042245,0.08720414,0.109451376,0.017240293,0.04872354,0.01949438
16,0.023807531,0.08556611,0.06703628,0.050300196,0.05609746,0.055217113,0.07286022,0.117231935,0.14048846,0.16447477,0.04118615,0.043548092,0.047384806,0.007961169,0.015054752,0.011784961
17,0.043552984,0.019515403,0.03645505,0.06697087,0.084267646,0.06078629,0.04223693,0.045913223,0.100423984,0.07574581,0.05190845,0.035746012,0.14199136,0.047846958,0.09739995,0.049239106
18,0.030404422,0.043636534,0.05897795,0.06935955,0.067219876,0.060104534,0.04022799,0.05095926,0.103994586,0.048831888,0.03500019,0.06902669,0.052416164,0.117359065,0.09997191,0.052509286
19,0.024670914,0.031120077,0.036899686,0.05042152,0.10761186,0.16221805,0.026870955,0.045455776,0.06572475,0.067283385,0.020542797,0.06000093,0.13233383,0.028326154,0.10175135,0.038767964
20,0.03410276,0.028647646,0.08421676,0.08654693,0.08997867,0.10885484,0.0319767,0.04352269,0.06921832,0.06499933,0.025392812,0.047287602,0.09239731,0.044004604,0.09594774,0.05290537
21,0.025436316,0.037946623,0.042265348,0.06603914,0.08958836,0.07877074,0.031731274,0.062504016,0.08962665,0.073549375,0.040040325,0.081627384,0.08895057,0.049369708,0.09325638,0.049297813
22,0.042032644,0.043958806,0.09006147,0.09579549,0.078110464,0.07096878,0.08446121,0.008660419,0.016471839,0.020329246,0.019208789,0.09128889,0.06513762,0.06975147,0.13480279,0.06896004
23,0.013038636,0.027231429,0.06485471,0.083474375,0.09768682,0.078989096,0.06696681,0.03305794,0.19705771,0.12380799,0.09237809,0.04658651,0.017719807,0.011720277,0.025276916,0.020152844
24,0.031621028,0.06952271,0.044742007,0.028467378,0.083455086,0.06633956,0.042315207,0.0915489,0.08686888,0.13873804,0.06434395,0.047195617,0.061275516,0.034755427,0.03237985,0.07643083
25,0.054461006,0.17067473,0.08294463,0.031354968,0.07305096,0.09467343,0.06486579,0.059789706,0.121677086,0.052744884,0.086925186,0.04733187,0.030236976,0.005195203,0.012608724,0.011464821
26,0.046584196,0.039837416,0.033269346,0.028389351,0.04990194,0.060383826,0.045285147,0.094077356,0.07236158,0.08715469,0.052615292,0.100705475,0.099785134,0.0757323,0.07556138,0.038355563
27,0.041701425,0.07938236,0.05156086,0.02596044,0.09350891,0.10464974,0.092063084,0.020277934,0.034368258,0.058233682,0.04646786,0.052455135,0.05808895,0.04726677,0.104755566,0.08925902
28,0.040730402,0.11395428,0.09221816,0.11798337,0.065616846,0.034334205,0.09441482,0.015110903,0.016867764,0.05758236,0.017626254,0.093637705,0.0810236,0.038909253,0.057284247,0.062705755
29,0.04284821,0.033622008,0.08281433,0.11961518,0.061333828,0.05386716,0.047297627,0.051693052,0.10143433,0.069798514,0.041712727,0.048121464,0.08985435,0.052587677,0.07062656,0.032772917
30,0.061179884,0.052391127,0.060193405,0.0799037,0.077916496,0.07010657,0.0830745,0.035563596,0.04885255,0.057967167,0.05925391,0.080039926,0.121501915,0.017749604,0.07325261,0.02105309
31,0.040182915,0.059390027,0.07898155,0.061383754,0.07932044,0.0582776,0.046330847,0.032673027,0.043160453,0.04822223,0.05295375,0.058251806,0.082559675,0.08662479,0.07938938,0.09229778
32,0.11742607,0.10177968,0.08408805,0.079409495,0.043702066,0.04930145,0.05946334,0.022401294,0.033089746,0.071844384,0.021324739,0.050443966,0.04704249,0.0730295,0.072138466,0.07351527
33,0.017646436,0.03112421,0.055960707,0.040026587,0.13163193,0.119200535,0.06485642,0.028234,0.109121144,0.07109609,0.055416282,0.07317562,0.09468685,0.025665237,0.05857733,0.023580555
34,0.083493195,0.05060765,0.05082515,0.04361473,0.073300324,0.035507374,0.11053335,0.02412648,0.020327676,0.062335692,0.033595536,0.06458827,0.12543944,0.05025895,0.0987229,0.07272328
35,0.084097564,0.10968534,0.03967309,0.02276978,0.08307925,0.1374251,0.07883073,0.069241874,0.07682205,0.07532455,0.053251445,0.036037344,0.03482966,0.019344904,0.0483458,0.031241551
36,0.062923186,0.04253053,0.12112651,0.07767578,0.05502506,0.057736747,0.115235455,0.034776825,0.042402085,0.09496369,0.046178535,0.06911403,0.03231911,0.030934693,0.035337124,0.08172066
37,0.040384397,0.036247578,0.048256714,0.028998736,0.11592676,0.07484435,0.079407476,0.029503949,0.026454093,0.040082306,0.023623476,0.055738933,0.08968987,0.086083315,0.10327385,0.12148414
38,0.045871273,0.05836152,0.07400033,0.15509391,0.10282898,0.055287044,0.06202952,0.006296336,0.035108924,0.047717147,0.014883732,0.03643257,0.049823422,0.047285665,0.17937076,0.029608889
39,0.018944869,0.022725962,0.05670352,0.082005195,0.10779585,0.15558662,0.029166782,0.012469434,0.05084868,0.035259645,0.015810108,0.08872294,0.11247536,0.036733687,0.14799584,0.026755504
40,0.056135233,0.053815134,0.056642946,0.0830585,0.05287217,0.029877027,0.06992068,0.039437696,0.054821342,0.08926764,0.06291896,0.064100325,0.08741575,0.06730495,0.09936361,0.033048026
41,0.043919142,0.048628397,0.036276482,0.027081326,0.104382426,0.12473262,0.037614454,0.068325475,0.10482231,0.1020842,0.05007631,0.037681356,0.044692494,0.05011046,0.05848004,0.0610926
42,0.09401306,0.05722406,0.06353707,0.043566328,0.056467507,0.04187548,0.05483019,0.068538845,0.058982313,0.06423962,0.044664823,0.06434405,0.051268794,0.1158677,0.06845098,0.052129216
43,0.06402333,0.04313944,0.03857347,0.036723245,0.09747664,0.10031419,0.0912671,0.043399513,0.053135257,0.062249567,0.076192304,0.059424274,0.08146056,0.037513766,0.06893871,0.04616858
44,0.025692834,0.039684158,0.032756343,0.036005218,0.14041281,0.19809894,0.040336497,0.020348776,0.037611593,0.06037128,0.025361728,0.050611336,0.11481893,0.016963266,0.115695395,0.04523087
45,0.0125317015,0.019352904,0.038429443,0.03748418,0.16920678,0.15423915,0.032730952,0.06867522,0.09102677,0.08023609,0.02726151,0.0656756,0.079565845,0.023309603,0.058908932,0.041365325
46,0.092808,0.07581345,0.095913626,0.11349665,0.039932746,0.034195162,0.05223932,0.037418682,0.049486753,0.055088717,0.0623118,0.03826895,0.09204158,0.056358073,0.07755143,0.027075011
47,0.10809226,0.09277569,0.07462775,0.04989907,0.055672385,0.034395665,0.041397125,0.118906,0.13220264,0.08768698,0.060393516,0.021454364,0.025083896,0.039313596,0.024962727,0.033136357
48,0.065872766,0.06239411,0.07699008,0.08553829,0.042189173,0.04068448,0.04521342,0.051876623,0.05824889,0.087631516,0.06238034,0.045668025,0.06893591,0.080845445,0.044138756,0.08139214
49,0.06702256,0.057252012,0.07637121,0.030003231,0.08317815,0.087915175,0.070838176,0.037698053,0.034322042,0.063606,0.044142205,0.053140704,0.11875969,0.04439833,0.07697831,0.054374136
50,0.021476937,0.029318472,0.1556424,0.092777796,0.07447293,0.05913404,0.046565186,0.0396586,0.084471755,0.0658312,0.050468512,0.08877512,0.06295765,0.05139664,0.03434981,0.042702988
51,0.035395686,0.041801218,0.038118903,0.035254978,0.124197304,0.06817959,0.057899185,0.038831152,0.044821925,0.04246767,0.04954588,0.05833418,0.08794641,0.09302777,0.077547416,0.10663082
52,0.02716907,0.04774829,0.07533643,0.10503513,0.108776435,0.1349726,0.032406334,0.050689884,0.08475814,0.09461278,0.047048613,0.056274228,0.04493289,0.014098857,0.04740251,0.028737856
53,0.016591024,0.023361683,0.08129142,0.08986438,0.116836004,0.089748636,0.05536291,0.027427668,0.07374,0.082520716,0.020472705,0.07136839,0.06182771,0.052886404,0.09623986,0.04046045
54,0.13374124,0.090803966,0.06283183,0.07760232,0.05973112,0.05245264,0.06756276,0.01995676,0.027949287,0.072542936,0.02581153,0.033614557,0.07409187,0.04512373,0.11549895,0.040684488
55,0.10566305,0.08104848,0.07631574,0.062198963,0.09397628,0.1141705,0.06980354,0.024860788,0.039001483,0.034194585,0.016510788,0.029716486,0.10595531,0.01940983,0.10620545,0.020968668
56,0.04684484,0.05452505,0.054375626,0.048561875,0.10963507,0.08715771,0.040135607,0.05996621,0.08069327,0.16957037,0.03564021,0.030315023,0.03073687,0.040796578,0.03442425,0.0766215
57,0.012221272,0.019935692,0.05144835,0.08136643,0.04910256,0.02613777,0.030877749,0.10643391,0.18538654,0.13163525,0.07818834,0.08126215,0.05425356,0.03780246,0.04097929,0.01296871
58,0.021687256,0.03469672,0.039805315,0.075137526,0.13342388,0.13869663,0.05521086,0.01651501,0.055517495,0.06432517,0.02900532,0.085967325,0.0529235,0.024871478,0.12611091,0.046105653
59,0.02835699,0.023030194,0.052055277,0.043840136,0.09924608,0.15329286,0.030783724,0.047195975,0.061904863,0.08251104,0.036456723,0.04669695,0.10594155,0.03611776,0.076702416,0.07586748
60,0.053181864,0.072157264,0.079365544,0.07616919,0.05529575,0.069347024,0.07054471,0.06137969,0.17859226,0.08005976,0.06729757,0.033103533,0.024479259,0.017684015,0.0447949,0.016547635
61,0.049067724,0.06430974,0.06538954,0.059140123,0.10299611,0.061911978,0.04767463,0.034240074,0.07463915,0.09531983,0.03755788,0.040215306,0.046922904,0.08741499,0.050877567,0.08232238
62,0.057889484,0.03834078,0.09849842,0.038724728,0.09604295,0.08462958,0.0744822,0.040856615,0.04922675,0.05005145,0.034243032,0.04424597,0.04929551,0.06344679,0.11324098,0.06678481
63,0.1729398,0.105095066,0.04692735,0.025801402,0.05327259,0.03475404,0.07393002,0.035586856,0.038040593,0.06913813,0.044923358,0.029555952,0.053724848,0.0783535,0.06338242,0.07457406
64,0.023676103,0.08009778,0.13920102,0.17341274,0.11714396,0.082389414,0.08690275,0.004802136,0.026943875,0.04835983,0.019578137,0.050836187,0.030093515,0.015280221,0.0683254,0.03295689
65,0.022683823,0.052664068,0.055322275,0.069729015,0.108251385,0.11408683,0.046073534,0.015619463,0.02451019,0.04398358,0.0146229565,0.12890837,0.08379007,0.05601716,0.09901497,0.064722314
66,0.024147185,0.046622746,0.07015214,0.09807441,0.09264042,0.13108027,0.026064873,0.004171201,0.016122075,0.021022044,0.007841704,0.075405896,0.09753279,0.028062807,0.23763682,0.023422573
67,0.023449596,0.08588146,0.15580598,0.092788555,0.05233841,0.04331362,0.06043449,0.036099687,0.06940482,0.16149956,0.06820918,0.059706528,0.02059161,0.020924812,0.01639085,0.033160847
68,0.050289057,0.05700144,0.06577587,0.095899984,0.07778585,0.05518753,0.059486806,0.041843887,0.13131389,0.07425571,0.09587478,0.040306848,0.03895166,0.03315033,0.05272687,0.030149437
69,0.031382773,0.035402495,0.07592425,0.061981197,0.077069774,0.08457237,0.02934653,0.050923437,0.1404797,0.09543298,0.049274616,0.043985415,0.03808146,0.06770936,0.063851535,0.05458209
70,0.030233582,0.032509107,0.071949445,0.059163373,0.13749854,0.15678343,0.038328268,0.04457617,0.08638803,0.07271304,0.033063646,0.04765791,0.047663577,0.02796304,0.048858903,0.064649925
71,0.15770966,0.1246079,0.08911123,0.08253314,0.02999203,0.02991597,0.06093208,0.04579284,0.05157507,0.09722176,0.06307718,0.047628175,0.06102693,0.019757591,0.024433674,0.014684768
72,0.07069679,0.04265445,0.0495754,0.043075293,0.06582445,0.077813506,0.051348947,0.06336958,0.11938561,0.051847994,0.058049053,0.040701844,0.056163248,0.08049053,0.075260855,0.053742476
73,0.1163882,0.059570387,0.04141306,0.026672754,0.030891536,0.025624719,0.058199957,0.13539888,0.061544787,0.080171056,0.06725115,0.05578983,0.04345645,0.11762067,0.038516723,0.041489802
74,0.032838237,0.030757552,0.08772716,0.06351221,0.059494443,0.045806203,0.052429263,0.055089775,0.094006136,0.056263216,0.080441244,0.053972505,0.038917977,0.09309874,0.06773051,0.08791477
75,0.048388638,0.086873055,0.06555133,0.02399433,0.057953935,0.10388104,0.052239284,0.084244125,0.06123908,0.091691285,0.032809187,0.053404696,0.06279599,0.048866607,0.055717077,0.07035027
76,0.014407863,0.04295637,0.050204474,0.058490414,0.12480035,0.083630264,0.08983581,0.022820853,0.07269091,0.15144244,0.056791708,0.09096509,0.046854105,0.01645951,0.039029982,0.038619846
77,0.017873354,0.02755695,0.08493972,0.10601876,0.16647668,0.108543046,0.047782484,0.007818388,0.03238315,0.034779925,0.018060198,0.052400198,0.054748088,0.040939786,0.11327331,0.086406
78,0.06400588,0.101906456,0.077128835,0.054906,0.10945728,0.07806424,0.072446935,0.020827329,0.026658878,0.05805557,0.032752406,0.1136722,0.067290545,0.02524382,0.049564052,0.048019484
79,0.022143044,0.02955014,0.056449734,0.08334747,0.04492733,0.031913817,0.051207058,0.07099776,0.096669205,0.114906974,0.06852986,0.09494493,0.12727591,0.039524473,0.045626387,0.02198591
80,0.15740359,0.12759788,0.040708438,0.028400548,0.06071871,0.07274098,0.07111096,0.06657103,0.071262345,0.082786895,0.05345693,0.020551631,0.034341067,0.030644177,0.044831943,0.036872808
81,0.016570432,0.031942483,0.049376745,0.11245325,0.12048696,0.16050899,0.026761563,0.019788157,0.126999,0.046752024,0.033318784,0.044778902,0.05129105,0.019978214,0.11757867,0.02141483
82,0.08857957,0.06523181,0.09782317,0.09132221,0.049364373,0.036764156,0.046668198,0.04089933,0.04847288,0.053358134,0.04584893,0.060358338,0.057132266,0.104268834,0.06804794,0.04585995
83,0.058016997,0.05999054,0.07986886,0.04895643,0.046221707,0.043271363,0.06026573,0.09951423,0.060914837,0.11308154,0.062456768,0.098802626,0.043358516,0.04109207,0.035661932,0.04852589
84,0.065237276,0.054126047,0.05183465,0.037992712,0.07275553,0.07486224,0.050876684,0.07331836,0.08519188,0.06357839,0.043252267,0.047923096,0.07269948,0.08104119,0.06563707,0.059673112
85,0.024699306,0.041324943,0.046037428,0.072233416,0.09143274,0.0757404,0.044731352,0.040393237,0.06538599,0.047834508,0.037832905,0.08199057,0.11430507,0.05701406,0.1195889,0.03945519
86,0.050137836,0.1282346,0.056609858,0.021316873,0.11679626,0.08628285,0.08020149,0.07322093,0.096696526,0.064476416,0.078263536,0.04864855,0.020984499,0.018323852,0.023025636,0.036780253
87,0.0973541,0.04943763,0.0684003,0.06057893,0.04422444,0.049485274,0.04075832,0.09378274,0.08074724,0.11617234,0.070822075,0.04360802,0.07199503,0.03143826,0.04961148,0.03158369
88,0.04953628,0.060842495,0.0845774,0.05059659,0.049987786,0.039068773,0.06990967,0.103447065,0.0780969,0.09497261,0.08906928,0.06888752,0.03563747,0.04503343,0.040799335,0.039537456
89,0.016226834,0.025896505,0.032357045,0.035877492,0.17259009,0.10168017,0.03902311,0.035876054,0.09229465,0.07221741,0.047116585,0.060289524,0.06337623,0.04215559,0.06216866,0.100854024
90,0.044932928,0.05065151,0.055857483,0.028909322,0.0718515,0.048089657,0.06321404,0.1152269,0.0946157,0.08267587,0.06112674,0.06999534,0.043935265,0.0767119,0.055249963,0.036955882
91,0.09225943,0.053292364,0.10390969,0.092379615,0.05862535,0.033460453,0.04561699,0.053694718,0.101662874,0.07879025,0.07657023,0.044789504,0.056176815,0.03575625,0.04870734,0.024308097
92,0.061002195,0.08659791,0.08702861,0.04871785,0.045129627,0.038848888,0.08320108,0.07263168,0.04163681,0.08551248,0.05067272,0.0801836,0.065202914,0.051461503,0.038327016,0.06384508
93,0.038512558,0.04475143,0.04732922,0.06344574,0.12532371,0.13052374,0.039833147,0.018574797,0.041384462,0.04851927,0.01809283,0.03808053,0.09205337,0.06424965,0.11179042,0.07753513
94,0.06600474,0.04771672,0.12016338,0.13599615,0.065574095,0.07565318,0.040097974,0.017798105,0.03663838,0.058680918,0.027850319,0.09263066,0.12022104,0.01660649,0.06711004,0.011257831
95,0.032858696,0.029326178,0.04450005,0.03872382,0.08659983,0.14086705,0.029676279,0.05253823,0.08380422,0.12036807,0.053186115,0.035729058,0.06964083,0.034959767,0.054011032,0.09321077
96,0.027439171,0.048482325,0.039946288,0.0419649,0.061691992,0.1496631,0.034734145,0.03237579,0.049668748,0.045018893,0.022909451,0.07615041,0.13256739,0.033258695,0.17578176,0.02834698
97,0.01313941,0.031147635,0.057757024,0.041203998,0.10355152,0.09831974,0.06369966,0.068990245,0.06699098,0.11339855,0.048096042,0.11267825,0.078897506,0.023562994,0.0357556,0.042810846
98,0.00957692,0.019189496,0.0688449,0.10238347,0.1286148,0.08514672,0.047720112,0.02512503,0.06064258,0.05800941,0.02040761,0.11581542,0.17320095,0.012762776,0.06211673,0.010443057
99,0.07189609,0.060823444,0.049849797,0.035237223,0.04324217,0.047316518,0.04587458,0.0873077,0.057090197,0.08882018,0.039357554,0.065156646,0.08921183,0.10032834,0.068184935,0.050302792
100,0.06083402,0.07308471,0.03994407,0.024275184,0.0882021,0.08116135,0.09289431,0.08642161,0.07591916,0.063797474,0.068735994,0.046565756,0.058882035,0.034726527,0.04266155,0.061894104
101,0.026672235,0.03238072,0.042862397,0.070660755,0.15106915,0.08698959,0.059120987,0.0072480277,0.017761854,0.016613763,0.021571646,0.07515082,0.045658726,0.089809164,0.14815168,0.1082785
102,0.026197197,0.045145202,0.029017271,0.025146555,0.12781817,0.27731022,0.030319652,0.04439764,0.064326115,0.072827265,0.030624913,0.0789479,0.07379886,0.008730955,0.04948072,0.015911384
103,0.070668,0.07936948,0.079490244,0.05321085,0.06265228,0.074258335,0.06776081,0.05295842,0.05438432,0.060406275,0.060604963,0.056671403,0.031530473,0.059920616,0.03972538,0.096388094
104,0.0156011265,0.019204993,0.052962776,0.06253554,0.106041335,0.10036348,0.058897234,0.057276256,0.1314612,0.073867366,0.0450876,0.1027581,0.07196639,0.018800832,0.058341324,0.024834488
105,0.03201744,0.036720455,0.081351936,0.117507234,0.07929712,0.039163545,0.0786485,0.028610582,0.07941704,0.13299254,0.035345487,0.06858888,0.060817745,0.034537844,0.06867039,0.026313234
106,0.051507484,0.05639744,0.04083004,0.046226572,0.06696625,0.05853907,0.039351333,0.08061042,0.06574035,0.06906491,0.042269867,0.061748724,0.071870066,0.106944114,0.065843,0.07609041
107,0.03228815,0.03740453,0.03523583,0.027976638,0.079161346,0.088195756,0.051387575,0.027806379,0.021305598,0.045208607,0.01892945,0.10523861,0.105327815,0.10881006,0.09705237,0.11867137
108,0.013488166,0.018474,0.06968978,0.07236076,0.14857423,0.10002912,0.045750797,0.030353203,0.085266225,0.10085462,0.020016856,0.047084786,0.07236997,0.039784886,0.0727885,0.063114084
109,0.005842118,0.016533477,0.054730084,0.039671768,0.23010686,0.16147521,0.05730499,0.026564261,0.04429704,0.05834519,0.026745047,0.088480145,0.08848993,0.0105347475,0.0518113,0.039067883
110,0.040214386,0.048600297,0.03819606,0.02905212,0.07815588,0.053929117,0.05540674,0.072012916,0.060923982,0.09030073,0.060652837,0.09177899,0.10681583,0.07124922,0.048503812,0.054207124
111,0.037767503,0.023098182,0.068002634,0.07500121,0.08318219,0.04134886,0.050571367,0.052673925,0.08673883,0.13589542,0.043189958,0.06021559,0.054837115,0.07484448,0.040206272,0.07242648
112,0.0788128,0.06161854,0.06696842,0.043509953,0.04644049,0.04466005,0.07142735,0.07326982,0.038023658,0.09700256,0.043724515,0.07112995,0.12630875,0.0503018,0.05157949,0.035221864
113,0.051427957,0.1298239,0.050548926,0.045985587,0.09996321,0.113104254,0.05329531,0.036256056,0.05617841,0.08556047,0.028118685,0.06948708,0.07773868,0.018948097,0.06812892,0.015434481
114,0.031802792,0.03260429,0.029019566,0.03863198,0.085963205,0.090329215,0.05246375,0.085430935,0.09122023,0.08525509,0.07273339,0.049960144,0.12552904,0.023517873,0.066194154,0.03934439
115,0.059926182,0.045981225,0.0633115,0.042290978,0.06980355,0.055439275,0.03955061,0.069927745,0.11050414,0.09102354,0.05411879,0.05552979,0.08107324,0.081550576,0.044943977,0.03502488
116,0.054734368,0.033120222,0.06391973,0.07588508,0.057884894,0.03797369,0.034346502,0.058723442,0.23212907,0.12040954,0.08258673,0.047482327,0.015878346,0.03874152,0.02270343,0.023481056
117,0.029156623,0.04077595,0.06879717,0.039007246,0.101606876,0.07398864,0.10887622,0.06581379,0.06438553,0.09365288,0.049736615,0.07467158,0.07200121,0.03382087,0.052435484,0.03127327
118,0.018686375,0.04718367,0.09842445,0.05474856,0.055232503,0.035245735,0.113969,0.073806316,0.08509183,0.10907826,0.068783976,0.10625522,0.068964474,0.019175394,0.03355995,0.011794322
119,0.03198361,0.07681479,0.049468357,0.02926612,0.12697929,0.09095803,0.08730159,0.040647604,0.047005836,0.0643033,0.03970501,0.07820045,0.054812185,0.03981187,0.043575265,0.09916662
120,0.024631007,0.021671608,0.0543959,0.0785797,0.15589985,0.19359982,0.027100986,0.015576471,0.048432548,0.049235005,0.018452091,0.0552885,0.075992405,0.029147014,0.099010736,0.05298636
121,0.045483634,0.06641713,0.10069262,0.13747826,0.0703873,0.07168867,0.05427525,0.006592768,0.01992987,0.032974564,0.021830238,0.09395124,0.094038166,0.033820685,0.11303808,0.037401576
122,0.17827922,0.08307553,0.083787054,0.07864357,0.024644028,0.020905819,0.050591443,0.08777018,0.075796984,0.07232917,0.068312444,0.041343976,0.0434063,0.037380535,0.0347221,0.01901163
123,0.07704071,0.092748836,0.07855266,0.053148884,0.044903886,0.049114898,0.066420645,0.04655621,0.10558472,0.045970496,0.11104882,0.04142453,0.032336622,0.052210454,0.066917576,0.036020074
124,0.04264576,0.040880263,0.04226675,0.071060635,0.10848272,0.107816465,0.048435345,0.056128353,0.08608743,0.14220011,0.034632113,0.04228296,0.053121716,0.026247319,0.056581967,0.041130044
125,0.0317405,0.03447515,0.055682946,0.07330291,0.08075277,0.12845084,0.05348651,0.048433412,0.101167195,0.088975206,0.055265136,0.049976263,0.10116016,0.011031133,0.067642964,0.018456873
126,0.06626015,0.16196758,0.10500197,0.13019821,0.051230934,0.048855722,0.07612945,0.009328235,0.0329712,0.07059252,0.035281505,0.1192806,0.032389883,0.011654056,0.031602837,0.017255114
127,0.028111774,0.02367334,0.040852625,0.05075208,0.106029384,0.04467589,0.056426488,0.05095346,0.13798936,0.099280514,0.11307792,0.06097498,0.040606152,0.05860016,0.055215716,0.032780167
128,0.009083388,0.016498458,0.038695045,0.021419855,0.16168293,0.13859181,0.035705935,0.07265654,0.10993162,0.09115125,0.03930628,0.05909824,0.07282217,0.023751702,0.045278106,0.06432665
129,0.23952574,0.11264478,0.06392962,0.055266306,0.024385393,0.028382614,0.051007554,0.02452582,0.027602363,0.050097138,0.04431291,0.039816953,0.037658,0.092322424,0.05879957,0.049722806
130,0.033320975,0.06652279,0.14253162,0.13988239,0.084424734,0.046557996,0.08517203,0.0055483356,0.0152534675,0.030669792,0.018360099,0.06836752,0.08911211,0.029967917,0.1236216,0.020686641
131,0.03353434,0.07147338,0.095910035,0.05791786,0.06982246,0.08900877,0.07930957,0.0534944,0.111873694,0.108542055,0.07347044,0.066663496,0.019180838,0.014768328,0.015089895,0.039940488
132,0.076552786,0.054397713,0.0686361,0.047650065,0.05975533,0.049146,0.06371803,0.06327277,0.07159201,0.04593067,0.058398627,0.05756079,0.058813218,0.104140125,0.06518978,0.05524602
133,0.02352356,0.041886497,0.07956153,0.09201731,0.0794333,0.041085735,0.07280113,0.020649252,0.048575677,0.107104376,0.03774042,0.13300481,0.06485042,0.047801103,0.07914704,0.030817898
134,0.046030276,0.037015516,0.039418913,0.031707257,0.1093356,0.054723028,0.07886687,0.027066538,0.03952815,0.047275573,0.07214105,0.12783514,0.06587709,0.05261526,0.054238975,0.116324805
135,0.029430559,0.039116167,0.047314856,0.027118912,0.05815165,0.046708036,0.081051655,0.072165385,0.052170902,0.08979739,0.050240755,0.11625246,0.09853422,0.07273852,0.05041734,0.06879128
136,0.14921543,0.10574999,0.041057747,0.028206794,0.051164802,0.06233909,0.039828658,0.04487302,0.047518518,0.110107526,0.028514422,0.028504157,0.0932667,0.053603593,0.080946654,0.035102878
137,0.044762682,0.051342532,0.08560022,0.053191952,0.058426995,0.037457597,0.044806093,0.07880621,0.082414836,0.074673824,0.06422752,0.044032667,0.062100995,0.087263614,0.053678326,0.07721388
138,0.045443878,0.07160742,0.06016203,0.07278296,0.08272259,0.063809976,0.057556197,0.024092646,0.03360467,0.0508954,0.035008743,0.086690046,0.093682565,0.06753357,0.074079536,0.080327794
139,0.036309376,0.04665359,0.04526229,0.028995877,0.05880968,0.046925984,0.07508305,0.06460416,0.041310985,0.12517431,0.052056856,0.098067075,0.06522312,0.073573746,0.044843797,0.09710613
140,0.07869781,0.059465017,0.053414974,0.04065417,0.05796037,0.07532323,0.06860739,0.050897446,0.043858804,0.04622601,0.024406383,0.046487592,0.055796843,0.10259744,0.11598784,0.07961877
141,0.017444052,0.018444302,0.055527717,0.06560406,0.1399639,0.09847371,0.055920433,0.03286279,0.076748945,0.0621853,0.033378508,0.07382408,0.06042298,0.03937634,0.11636754,0.053455316
142,0.04562023,0.06117046,0.033458244,0.02735823,0.09934028,0.2029544,0.05423379,0.056593567,0.077691704,0.042884074,0.03692791,0.053664852,0.09450063,0.011415984,0.08567609,0.01650958
143,0.12435068,0.07418863,0.05286231,0.061123427,0.048780203,0.05847235,0.06443437,0.026368177,0.045782562,0.06673779,0.02853343,0.036657978,0.07078737,0.069415145,0.1341368,0.037368808
144,0.07519475,0.048745733,0.04919523,0.04386965,0.04973741,0.053579405,0.065593235,0.06507747,0.044699132,0.045249812,0.05881147,0.08568914,0.0846675,0.09061062,0.077825524,0.061453953
145,0.016183527,0.045066804,0.08641361,0.1351905,0.14194313,0.12145166,0.030090783,0.0069829416,0.030419756,0.06167098,0.01337162,0.079249404,0.066563725,0.025679039,0.12205014,0.017672427
146,0.00721622,0.014393307,0.022546345,0.027584245,0.16260876,0.17667538,0.03754049,0.02903245,0.08240997,0.06522717,0.03663857,0.063444324,0.118019514,0.017085994,0.106177494,0.033399783
147,0.15884131,0.08028691,0.04428163,0.025559995,0.038292732,0.032523654,0.058508795,0.08865358,0.051265463,0.06335913,0.046404734,0.031530436,0.03370794,0.13465194,0.045173228,0.06695852
148,0.0639831,0.04233658,0.07901807,0.07389295,0.027231304,0.02533148,0.062354665,0.06620402,0.06859463,0.09196532,0.081569426,0.049727622,0.051175382,0.09700506,0.06583553,0.053774837
149,0.027487347,0.024418455,0.050434824,0.057364,0.063860096,0.039967753,0.056004796,0.054457407,0.07168882,0.07296651,0.06536225,0.09774878,0.09510363,0.093613565,0.075473815,0.054047883
150,0.058802076,0.059771,0.07709629,0.040813744,0.06868411,0.056027647,0.07049389,0.06393481,0.099339746,0.07834252,0.09472034,0.073532455,0.016740127,0.0642867,0.016258463,0.061156027
151,0.033888258,0.06928593,0.17442034,0.09752454,0.08303908,0.07807879,0.080404215,0.01585044,0.022425005,0.035763104,0.02824105,0.15038617,0.04577924,0.01493064,0.046465456,0.023517767
152,0.051177334,0.045373533,0.04007324,0.029249853,0.11006826,0.10700446,0.03607774,0.06165856,0.08081019,0.08180189,0.044075932,0.032917574,0.05896966,0.061640255,0.060327273,0.09877429
153,0.011157061,0.017443461,0.056948747,0.10683236,0.15062033,0.095535465,0.030003976,0.02582597,0.116096124,0.06626367,0.032086197,0.06842182,0.08004712,0.033968274,0.079543844,0.029205585
154,0.036711458,0.09278329,0.08118136,0.049919184,0.059559647,0.06052538,0.055659227,0.09124291,0.07392827,0.14482908,0.08663148,0.0649096,0.034572165,0.019232476,0.015446618,0.032867815
155,0.04892172,0.06720409,0.04220296,0.05819839,0.08378526,0.14832422,0.047157153,0.039020743,0.075029545,0.048742753,0.025780791,0.038845368,0.097110316,0.017562777,0.1473039,0.014810042
156,0.027202675,0.038910933,0.039702117,0.05231615,0.1302636,0.121177986,0.05748691,0.024718732,0.070139326,0.07857338,0.033240847,0.042107157,0.06312354,0.042338416,0.080432676,0.098265596
157,0.07371409,0.046807095,0.074171856,0.05704426,0.048330773,0.038631946,0.07734131,0.07569362,0.05301438,0.1153374,0.05147667,0.065867506,0.09545508,0.039807305,0.049057037,0.03824967
158,0.05249487,0.12996642,0.07872215,0.08368491,0.067632824,0.0562997,0.06665009,0.036965106,0.07082812,0.121007286,0.06326534,0.08455508,0.032060243,0.013804352,0.025609273,0.016454292
159,0.07119297,0.14843869,0.09468559,0.07630387,0.056641918,0.05065367,0.097002134,0.034923974,0.027187305,0.08439771,0.026532114,0.08812757,0.048736095,0.025047943,0.041829605,0.028298816
160,0.01231694,0.036742777,0.07085206,0.033853408,0.1860206,0.16314438,0.06165301,0.013471832,0.035028532,0.081965394,0.014285234,0.10962364,0.074732415,0.01617042,0.050900716,0.039238684
161,0.0080970125,0.01954261,0.05022264,0.08241092,0.118748136,0.08748614,0.05481888,0.025679316,0.100238316,0.03945376,0.07954614,0.102876306,0.122514255,0.016967917,0.06668915,0.024708478
162,0.047414787,0.09861811,0.08297453,0.05355254,0.054596484,0.054182187,0.05755409,0.04799046,0.039202843,0.05160952,0.046944685,0.10124542,0.1089878,0.039283272,0.08453138,0.031311907
163,0.02121056,0.031269565,0.050995763,0.08306837,0.11648886,0.06278095,0.047174823,0.030669434,0.07943395,0.03953568,0.040132366,0.06588752,0.08853404,0.08351843,0.09430409,0.06499564
164,0.034136396,0.067460574,0.04024389,0.051343452,0.073207036,0.1165716,0.07250574,0.046977617,0.0971381,0.04687301,0.0365097,0.06959538,0.056080952,0.050212644,0.101146184,0.03999775
165,0.033609614,0.06649633,0.07078962,0.073083386,0.10648449,0.09022995,0.04130672,0.029285673,0.05456111,0.07655185,0.02189521,0.087846026,0.08856898,0.046163782,0.08738178,0.025745466
166,0.072882265,0.04992879,0.037384205,0.045304563,0.0647409,0.046062116,0.06054878,0.03216675,0.03797417,0.045302853,0.04217912,0.07076084,0.10001643,0.095224656,0.11399664,0.085526936
167,0.03276741,0.050608363,0.08680483,0.105263844,0.099095784,0.11891821,0.06862099,0.0060346643,0.018663613,0.025658228,0.016924135,0.066790976,0.057727396,0.04264236,0.15672246,0.04675675
168,0.025458546,0.059215467,0.03932068,0.035312776,0.063408665,0.058355387,0.032836124,0.14190626,0.14140299,0.13045467,0.08223219,0.06734383,0.056808464,0.018750746,0.031253524,0.015939677
169,0.020453284,0.022722099,0.076735936,0.06285127,0.069180034,0.04628854,0.030314757,0.043641753,0.08941666,0.064894035,0.024999801,0.0660052,0.11122066,0.12603895,0.092987776,0.05224922
170,0.034216728,0.03604746,0.054683343,0.03204435,0.060564026,0.052232206,0.055002157,0.10497538,0.07388164,0.09780157,0.09906181,0.065492764,0.0984779,0.042108975,0.029017922,0.06439176
171,0.03830493,0.09239876,0.087826654,0.15897448,0.05395193,0.04090361,0.028623525,0.031001,0.09882897,0.16934021,0.024632845,0.058999326,0.025783531,0.04254933,0.025485434,0.022395477
172,0.009696065,0.025202598,0.040481996,0.056505617,0.11785776,0.11872257,0.03929793,0.019266564,0.08871697,0.03454164,0.066779636,0.10340767,0.110492766,0.019189877,0.13475469,0.0150856
173,0.11084558,0.102767035,0.047558676,0.033249386,0.06448795,0.08453353,0.054456003,0.07008716,0.04886778,0.062527634,0.03269532,0.044301912,0.058061212,0.05700412,0.08355555,0.045001145
174,0.049902666,0.07978425,0.08150016,0.06887772,0.11343379,0.08354649,0.041408155,0.03554484,0.05885828,0.07065544,0.04118592,0.048497338,0.10112783,0.026250487,0.05436318,0.045063503
175,0.06475644,0.09682871,0.094858825,0.09437602,0.05913251,0.04595559,0.043958925,0.06516759,0.06972649,0.1459035,0.03426309,0.04280258,0.043332953,0.038158204,0.03450695,0.02627169
176,0.06275429,0.036259267,0.06858582,0.049933735,0.056542914,0.045631073,0.057021163,0.06652177,0.056270033,0.053282537,0.06307949,0.05929377,0.084931746,0.092650704,0.07912347,0.06811816
177,0.036895916,0.03477172,0.07933255,0.053855825,0.11670731,0.065978944,0.047059055,0.06271753,0.06706858,0.08639943,0.043454066,0.057676442,0.0504572,0.070181526,0.05430208,0.07314191
178,0.029854944,0.03331465,0.04185829,0.06468112,0.10494707,0.06261461,0.050596427,0.015978009,0.023862794,0.034588523,0.012592011,0.06768254,0.117520615,0.09011833,0.18854587,0.06124415
179,0.044036463,0.04207278,0.06501738,0.06510923,0.109671935,0.08997563,0.06833564,0.012734067,0.026889427,0.03447466,0.025253791,0.08974285,0.08967981,0.05388363,0.13688071,0.046242017
180,0.025334038,0.05916507,0.054779306,0.113038,0.055193618,0.07788539,0.047899764,0.017209217,0.04081001,0.047967218,0.026102738,0.076372184,0.106416605,0.03958479,0.18020578,0.032036312
181,0.031399895,0.037810203,0.04078003,0.033602037,0.13085672,0.14271815,0.053132188,0.057337552,0.087937266,0.058855604,0.042094946,0.04648808,0.07739643,0.027904829,0.063510515,0.06817557
182,0.08274059,0.058529865,0.06645412,0.04824445,0.06903472,0.037482567,0.08294802,0.029387489,0.054148965,0.068076156,0.048599437,0.06522175,0.03712471,0.09341827,0.06871949,0.08986945
183,0.037435167,0.046420403,0.044339705,0.02326115,0.064359255,0.057334922,0.07413109,0.10009448,0.06417628,0.061850335,0.08466385,0.06463755,0.07091616,0.0720568,0.048418175,0.08590463
184,0.0136491405,0.027599994,0.05557627,0.0781447,0.1253625,0.20835179,0.03082014,0.017871974,0.043317236,0.045870848,0.012323535,0.06319159,0.12931788,0.014843512,0.1110934,0.022665465
185,0.020679513,0.08397452,0.048450287,0.039284766,0.101574965,0.08958253,0.0362885,0.07987817,0.09681484,0.123906605,0.04741345,0.09724037,0.071129374,0.017212821,0.02859509,0.017974222
186,0.076416105,0.07868073,0.08428406,0.038656406,0.06271395,0.049444553,0.07454519,0.076816596,0.069482625,0.047247846,0.057822876,0.060298145,0.06771416,0.05409184,0.06963932,0.032145582
187,0.05790377,0.037138548,0.06292602,0.03481079,0.053581618,0.044699106,0.056377716,0.038014464,0.038133655,0.04412369,0.05264313,0.07257628,0.107257985,0.12677488,0.101358235,0.07168009
188,0.07698559,0.049654458,0.07193486,0.024581354,0.07466289,0.038581703,0.066056944,0.056945,0.0435832,0.07714472,0.057171773,0.06865408,0.043768868,0.1121709,0.041902885,0.09620071
189,0.022166464,0.05120437,0.03793755,0.030379537,0.100341976,0.11779498,0.07656003,0.031520728,0.074195184,0.050839655,0.06419302,0.08998717,0.13329351,0.01503539,0.08173931,0.022811092
190,0.078329474,0.053180024,0.07230685,0.05394074,0.053768788,0.054407634,0.057028916,0.09924355,0.0884788,0.07313804,0.07019177,0.07258302,0.079596184,0.03958365,0.027845899,0.02637664
191,0.019448243,0.06535022,0.13719454,0.1303113,0.11002242,0.1350072,0.062041216,0.009085596,0.012860018,0.03405022,0.012858425,0.12760554,0.06962211,0.0058920053,0.056035783,0.012615147
192,0.07537457,0.07689461,0.0654492,0.036059745,0.073610134,0.056273457,0.08957818,0.040361978,0.042897772,0.047670804,0.04307326,0.048685733,0.040863454,0.085129745,0.07994637,0.09813099
193,0.069929,0.046497136,0.06790356,0.03699474,0.056564737,0.041543093,0.04440035,0.08788916,0.062833965,0.11352464,0.055119153,0.04140697,0.041634463,0.11099843,0.04362375,0.07913685
194,0.07542362,0.07845148,0.06916321,0.054008607,0.07941105,0.06944077,0.06865414,0.035500217,0.051835053,0.08101471,0.049502578,0.036348946,0.11390553,0.030482048,0.043179788,0.063678265
195,0.01774149,0.03610712,0.038366966,0.018298486,0.15375896,0.17528568,0.06758933,0.043837383,0.13075462,0.11016956,0.073919185,0.037136506,0.035126857,0.0057317507,0.03956609,0.016610064
196,0.014269661,0.028960235,0.05760925,0.058565427,0.14344124,0.10880227,0.034332547,0.021365002,0.09354385,0.06321128,0.034967404,0.08845194,0.04344989,0.06211647,0.1014342,0.04547935
197,0.0859667,0.065215796,0.062287714,0.037973393,0.07654199,0.12801547,0.038926203,0.060806613,0.1016864,0.066234566,0.03422688,0.039043535,0.059838954,0.04422163,0.053506393,0.04550779
198,0.06550795,0.062941425,0.06654767,0.13341092,0.10220985,0.07740997,0.0703632,0.009736863,0.042444382,0.029520432,0.037351817,0.06140965,0.05302023,0.03449785,0.10961498,0.044012796
199,0.010247761,0.021755744,0.052614164,0.0842203,0.107504524,0.16203955,0.020837916,0.013352115,0.0772678,0.083483376,0.014338936,0.0482386,0.05615954,0.037950907,0.17163944,0.03834932
200,0.028967386,0.04129283,0.047598034,0.048989404,0.07892886,0.0965667,0.038197614,0.05201429,0.0665793,0.055505108,0.038662303,0.08514366,0.123326294,0.056961723,0.102235086,0.03903145
201,0.084792376,0.051135115,0.063375354,0.039471358,0.082254685,0.06917996,0.06845351,0.07676098,0.07660703,0.105917044,0.046293706,0.033958815,0.079510264,0.02980558,0.06294058,0.029543666
202,0.06083896,0.049203027,0.06501727,0.04387576,0.0534724,0.054684706,0.02699361,0.16153356,0.16537145,0.11387799,0.058022317,0.028127693,0.04812465,0.022847984,0.030629095,0.0173795
203,0.02345056,0.031727403,0.03429368,0.025333611,0.056031745,0.06590141,0.032226212,0.084698744,0.0456895,0.113415174,0.03794696,0.12388451,0.13349071,0.05633763,0.0381375,0.09743469
204,0.01746621,0.017351724,0.051788256,0.058559053,0.08709188,0.05771073,0.036331147,0.01740327,0.036608357,0.034265887,0.023315126,0.08118494,0.1244873,0.103229836,0.17286578,0.080340564
205,0.031343587,0.036552433,0.10200113,0.13410078,0.045250665,0.040002882,0.0356032,0.03783723,0.10390749,0.0843699,0.054687575,0.074114926,0.047723494,0.063227795,0.07507437,0.03420261
206,0.018252186,0.02418003,0.054886628,0.049540546,0.104736775,0.14260846,0.03107818,0.04357654,0.15884991,0.061635066,0.031892926,0.049868356,0.07488824,0.03108041,0.09712018,0.025805553
207,0.012567853,0.030699825,0.074395366,0.05857725,0.13991824,0.13171478,0.037228763,0.029196408,0.03378569,0.113067105,0.019602144,0.11474455,0.13737528,0.010982651,0.03461428,0.021529878
208,0.048406534,0.04717418,0.049494125,0.04867125,0.07343174,0.0890729,0.03347288,0.06351867,0.09988265,0.09642589,0.03669733,0.04657717,0.09451142,0.057637148,0.057839774,0.057186272
209,0.09123571,0.067125104,0.051930957,0.03425883,0.11533487,0.1371664,0.03234009,0.05330933,0.058095064,0.09600101,0.021810047,0.030786762,0.048077814,0.04074179,0.049414635,0.07237154
210,0.053987145,0.09416462,0.068841815,0.07259817,0.09662094,0.055000097,0.065623686,0.01433744,0.019205082,0.03784449,0.015503659,0.12743036,0.051213317,0.07946428,0.09130277,0.056862168
211,0.036846325,0.042240947,0.06321254,0.10067682,0.13620515,0.12203947,0.03696248,0.024312587,0.08604245,0.07859971,0.025287922,0.035306428,0.040048245,0.04401979,0.07811814,0.05008101
212,0.014777697,0.02936866,0.04765602,0.09121114,0.14410853,0.14233689,0.039065596,0.03694313,0.096296094,0.050115995,0.037577875,0.06570413,0.10802329,0.009214936,0.07862178,0.00897822
213,0.12335376,0.07239559,0.08022412,0.045023385,0.07621252,0.04644709,0.06358162,0.026043296,0.024350075,0.038784064,0.027269403,0.06085762,0.047208965,0.09245812,0.07506723,0.10072306
