"","neu","NK","CD4","CD8","B","mono"
"0",0.3333,0.068,0.1693,0.1705,0.0424,0.2165
"1",0.2134,0.1538,0.1281,0.2445,0.1253,0.1349
"2",0.066,0.1544,0.2305,0.2942,0.1387,0.1162
"3",0.1188,0.1145,0.182,0.2384,0.1566,0.1897
"4",0.2218,0.1437,0.1147,0.1969,0.0983,0.2247
"5",0.2981,0.1157,0.0961,0.1567,0.0634,0.27
"6",0.2599,0.0708,0.1814,0.1906,0.1367,0.1606
"7",0.1463,0.135,0.1916,0.2197,0.0431,0.2643
"8",0.2312,0.0688,0.1786,0.1611,0.2035,0.1569
"9",0.1466,0.1208,0.1112,0.1834,0.1923,0.2456
"10",0.2134,0.1136,0.1597,0.2252,0.1876,0.1004
"11",0.1611,0.1276,0.191,0.2232,0.0889,0.2081
"12",0.1861,0.0896,0.1675,0.2122,0.1721,0.1724
"13",0.0595,0.1652,0.1922,0.2888,0.1726,0.1217
"14",0.2292,0.1313,0.1858,0.2384,0.1111,0.1042
"15",0.0788,0.1867,0.1911,0.2623,0.1838,0.0971
"16",0.1956,0.1328,0.162,0.2347,0.1086,0.1664
"17",0.2114,0.098,0.1319,0.2017,0.1503,0.2067
"18",0.1962,0.1509,0.0912,0.1952,0.1696,0.1968
"19",0.1918,0.0977,0.2128,0.2637,0.0589,0.1752
"20",0.1457,0.1189,0.2282,0.2729,0.1101,0.1242
"21",0.1614,0.1428,0.1577,0.2419,0.1079,0.1883
"22",0.2664,0.1423,0.1346,0.2211,0.1127,0.1227
"23",0.2398,0.0725,0.1702,0.164,0.1297,0.2238
"24",0.1111,0.1465,0.2046,0.2683,0.123,0.1465
"25",0.2005,0.114,0.241,0.2763,0.0739,0.0942
"26",0.2043,0.0915,0.1762,0.2175,0.1313,0.1793
"27",0.1122,0.1473,0.1335,0.211,0.1499,0.2462
"28",0.2073,0.169,0.1136,0.2117,0.2026,0.0959
"29",0.182,0.1223,0.1736,0.2372,0.0514,0.2334
"30",0.2347,0.126,0.1253,0.2057,0.0538,0.2545
"31",0.169,0.1391,0.1001,0.1808,0.1774,0.2337
"32",0.1403,0.1338,0.1691,0.211,0.1517,0.1941
"33",0.1582,0.1607,0.1271,0.2484,0.0847,0.2208
"34",0.2003,0.1523,0.1275,0.2311,0.1769,0.1119
"35",0.105,0.1659,0.2351,0.2952,0.0362,0.1625
"36",0.2385,0.1125,0.1498,0.2403,0.0881,0.1707
"37",0.1029,0.0957,0.2227,0.2448,0.1608,0.1731
"38",0.133,0.2204,0.1349,0.235,0.1154,0.1613
"39",0.2432,0.1282,0.1531,0.1859,0.109,0.1805
"40",0.1808,0.1561,0.1243,0.1898,0.2154,0.1336
"41",0.2026,0.1118,0.1923,0.2238,0.12,0.1495
"42",0.1584,0.0939,0.145,0.2248,0.258,0.1199
"43",0.2432,0.0731,0.239,0.2064,0.0867,0.1517
"44",0.1274,0.1525,0.1899,0.2803,0.0428,0.2072
"45",0.2105,0.1812,0.1539,0.2557,0.0289,0.1697
"46",0.1605,0.0796,0.1609,0.1848,0.1762,0.238
"47",0.0944,0.0633,0.1078,0.1822,0.3684,0.1839
"48",0.2717,0.1172,0.1852,0.2645,0.0255,0.1358
"49",0.2172,0.1258,0.151,0.1847,0.1818,0.1396
"50",0.1961,0.0942,0.1966,0.2283,0.0593,0.2256
"51",0.2375,0.0714,0.1394,0.1517,0.1811,0.2189
"52",0.1397,0.1474,0.1963,0.2199,0.1294,0.1673
"53",0.2207,0.1253,0.1396,0.2015,0.1326,0.1803
"54",0.2107,0.1181,0.1716,0.2156,0.1146,0.1694
"55",0.1796,0.1084,0.0981,0.1727,0.2691,0.1721
"56",0.2208,0.145,0.0998,0.1768,0.1777,0.1799
"57",0.1881,0.1131,0.1932,0.224,0.0797,0.2019
"58",0.2588,0.1082,0.1357,0.2048,0.0644,0.2281
"59",0.2009,0.1466,0.1542,0.2328,0.0706,0.195
"60",0.2588,0.0993,0.1359,0.1898,0.0881,0.228
"61",0.1899,0.1478,0.1969,0.2593,0.0756,0.1305
"62",0.1918,0.0978,0.1414,0.2227,0.1844,0.1619
"63",0.1869,0.1,0.1835,0.2362,0.0907,0.2027
"64",0.1827,0.1429,0.1766,0.2741,0.0781,0.1455
"65",0.176,0.1381,0.1999,0.2386,0.0704,0.1769
"66",0.1979,0.1152,0.1297,0.1942,0.1649,0.1982
"67",0.096,0.1177,0.1633,0.2819,0.2603,0.0808
"68",0.1475,0.1652,0.1321,0.2405,0.141,0.1737
"69",0.0918,0.1166,0.2161,0.2072,0.212,0.1563
"70",0.1447,0.0891,0.1973,0.1914,0.2142,0.1634
"71",0.1538,0.1191,0.2083,0.2361,0.0702,0.2125
"72",0.0552,0.1005,0.2174,0.2699,0.261,0.096
"73",0.2524,0.0623,0.1478,0.1497,0.1357,0.2522
"74",0.257,0.0769,0.2086,0.2102,0.0609,0.1864
"75",0.2308,0.1492,0.0974,0.178,0.1605,0.184
"76",0.1796,0.1382,0.1572,0.2464,0.1557,0.1228
"77",0.2379,0.1397,0.1002,0.1839,0.0638,0.2745
"78",0.1488,0.1567,0.1541,0.238,0.0739,0.2286
"79",0.2298,0.1034,0.2479,0.249,0.0442,0.1257
"80",0.1449,0.089,0.174,0.2198,0.075,0.2973
"81",0.1652,0.1372,0.1802,0.2372,0.0983,0.182
"82",0.1121,0.163,0.1611,0.2476,0.1088,0.2074
"83",0.2186,0.1637,0.1427,0.268,0.0433,0.1638
"84",0.1263,0.1807,0.2467,0.3354,0.025,0.0859
"85",0.1601,0.1174,0.2112,0.2765,0.1181,0.1166
"86",0.1128,0.1451,0.2319,0.2587,0.0454,0.2061
"87",0.1327,0.1673,0.1692,0.2355,0.1407,0.1546
"88",0.0889,0.1406,0.1782,0.3096,0.2061,0.0766
"89",0.3387,0.0617,0.1139,0.149,0.0935,0.2432
"90",0.1085,0.1605,0.2155,0.2622,0.1071,0.1462
"91",0.1824,0.1823,0.1619,0.2505,0.0535,0.1693
"92",0.1582,0.1226,0.2083,0.2391,0.1574,0.1146
"93",0.2076,0.0952,0.1487,0.1607,0.1758,0.2121
"94",0.2065,0.0938,0.1803,0.2194,0.0962,0.2037
"95",0.2099,0.0836,0.1837,0.21,0.135,0.1778
"96",0.2302,0.1067,0.097,0.1484,0.2136,0.2042
"97",0.1839,0.159,0.2086,0.2755,0.0287,0.1443
"98",0.271,0.1635,0.1438,0.2483,0.0453,0.1281
"99",0.1574,0.1596,0.1628,0.2514,0.0804,0.1884
"100",0.139,0.1614,0.2116,0.2702,0.0532,0.1646
"101",0.2201,0.1157,0.1756,0.1836,0.1891,0.1158
"102",0.1793,0.1417,0.1825,0.2213,0.1056,0.1695
"103",0.2591,0.1348,0.1774,0.1977,0.1188,0.1122
"104",0.2496,0.1052,0.1619,0.1945,0.0928,0.1959
"105",0.1123,0.1106,0.2279,0.2416,0.1753,0.1324
"106",0.1222,0.1404,0.1721,0.2503,0.1231,0.1918
"107",0.2776,0.1,0.1723,0.2266,0.031,0.1925
"108",0.2152,0.1352,0.1035,0.1951,0.1542,0.1968
"109",0.1979,0.1197,0.1609,0.225,0.1149,0.1816
"110",0.1705,0.0813,0.1657,0.1935,0.1312,0.2577
"111",0.1103,0.1614,0.1703,0.2271,0.1206,0.2103
"112",0.205,0.1296,0.1949,0.2072,0.0796,0.1837
"113",0.21,0.1188,0.1884,0.2535,0.0815,0.1478
"114",0.1666,0.1023,0.2069,0.2475,0.0689,0.2078
"115",0.074,0.1379,0.2289,0.2456,0.188,0.1257
"116",0.2006,0.201,0.1189,0.2455,0.1407,0.0934
"117",0.1704,0.1163,0.1305,0.1938,0.1723,0.2165
"118",0.2112,0.1525,0.1943,0.257,0.0267,0.1584
"119",0.3043,0.1129,0.1368,0.2317,0.0639,0.1505
"120",0.1219,0.192,0.1593,0.2927,0.1488,0.0853
"121",0.2606,0.1318,0.1472,0.2179,0.0711,0.1715
"122",0.1563,0.1415,0.1843,0.2257,0.1339,0.1582
"123",0.1631,0.1302,0.1234,0.1792,0.1673,0.2369
"124",0.124,0.1544,0.176,0.2505,0.15,0.145
"125",0.2064,0.1164,0.176,0.2039,0.1131,0.1842
"126",0.2153,0.0885,0.1797,0.2212,0.0702,0.2252
"127",0.1769,0.115,0.1747,0.2239,0.123,0.1865
"128",0.23,0.1105,0.1624,0.1739,0.149,0.1743
"129",0.0897,0.1593,0.2023,0.2569,0.1433,0.1486
"130",0.1646,0.1238,0.1608,0.1836,0.1517,0.2155
"131",0.1935,0.0816,0.1277,0.1894,0.1742,0.2336
"132",0.1522,0.1068,0.2069,0.2636,0.1791,0.0913
"133",0.1975,0.0986,0.1775,0.2143,0.0908,0.2213
"134",0.0795,0.1809,0.2287,0.2759,0.0803,0.1547
"135",0.2535,0.0844,0.1793,0.1989,0.047,0.2371
"136",0.124,0.1436,0.2064,0.2632,0.151,0.1119
"137",0.186,0.1315,0.136,0.1993,0.212,0.1352
"138",0.1165,0.1541,0.1884,0.2197,0.1377,0.1836
"139",0.1409,0.1021,0.2134,0.248,0.1356,0.16
"140",0.1636,0.1631,0.2597,0.2503,0.0333,0.1301
"141",0.2014,0.1085,0.203,0.2545,0.0491,0.1834
"142",0.182,0.1011,0.2098,0.2196,0.1554,0.132
"143",0.1225,0.1673,0.1726,0.2725,0.1225,0.1426
"144",0.1623,0.1401,0.1715,0.2234,0.1332,0.1694
"145",0.1675,0.1484,0.1428,0.221,0.1808,0.1395
"146",0.1332,0.1142,0.1608,0.2314,0.162,0.1984
"147",0.1383,0.1496,0.1736,0.2069,0.1421,0.1896
"148",0.2099,0.1118,0.1405,0.2181,0.1376,0.1822
"149",0.2019,0.1256,0.1528,0.2017,0.1322,0.1858
"150",0.2098,0.1428,0.1765,0.2283,0.0976,0.1451
"151",0.114,0.1151,0.1692,0.2079,0.2042,0.1895
"152",0.219,0.1144,0.122,0.2147,0.1251,0.2049
"153",0.199,0.1238,0.1616,0.2251,0.1201,0.1704
"154",0.1214,0.1542,0.2266,0.2861,0.0586,0.153
"155",0.0868,0.1522,0.2221,0.2814,0.092,0.1656
"156",0.2569,0.088,0.111,0.2108,0.1524,0.1809
"157",0.3143,0.0841,0.0901,0.1459,0.078,0.2876
"158",0.1721,0.1178,0.0964,0.1541,0.2077,0.2518
"159",0.2958,0.1209,0.0951,0.1782,0.1231,0.1869
"160",0.1795,0.2086,0.1198,0.2507,0.0955,0.1458
"161",0.2456,0.1155,0.1703,0.2316,0.0862,0.1507
"162",0.1071,0.1524,0.1996,0.2616,0.1613,0.1181
"163",0.2563,0.1208,0.1457,0.2441,0.0404,0.1927
"164",0.2387,0.159,0.138,0.2541,0.0772,0.1329
"165",0.2297,0.1077,0.1178,0.2011,0.0595,0.2841
"166",0.2279,0.0943,0.154,0.2378,0.0839,0.202
"167",0.182,0.1108,0.1883,0.2167,0.1379,0.1643
"168",0.1118,0.117,0.2036,0.2276,0.1008,0.2392
"169",0.1881,0.0748,0.181,0.1812,0.1123,0.2626
"170",0.1507,0.1191,0.1563,0.2264,0.146,0.2016
"171",0.1485,0.1147,0.1902,0.2456,0.0982,0.2029
"172",0.2676,0.0805,0.1507,0.164,0.1445,0.1928
"173",0.0781,0.2079,0.2029,0.2998,0.0726,0.1387
"174",0.1526,0.181,0.1724,0.2706,0.1101,0.1133
"175",0.2098,0.1037,0.153,0.1702,0.1592,0.2041
"176",0.1838,0.1621,0.1274,0.2246,0.1019,0.2003
"177",0.12,0.1243,0.1026,0.1976,0.2465,0.209
"178",0.2202,0.0974,0.1392,0.1998,0.1614,0.1821
"179",0.1016,0.0832,0.1604,0.1858,0.3059,0.1631
"180",0.2082,0.0768,0.1585,0.1611,0.1548,0.2406
"181",0.196,0.1703,0.1459,0.2194,0.0906,0.1779
"182",0.1813,0.1252,0.1524,0.2535,0.0745,0.2131
"183",0.1883,0.1191,0.1432,0.21,0.1398,0.1996
"184",0.1862,0.1055,0.2136,0.2529,0.0892,0.1525
"185",0.2394,0.139,0.1424,0.187,0.0862,0.2059
"186",0.2399,0.1091,0.1767,0.2132,0.0605,0.2005
"187",0.239,0.1078,0.1425,0.2107,0.179,0.1212
"188",0.1231,0.1614,0.226,0.2587,0.1344,0.0963
"189",0.211,0.1242,0.1747,0.2195,0.1349,0.1357
"190",0.1813,0.1716,0.1211,0.2292,0.0918,0.205
"191",0.1556,0.1262,0.1656,0.2556,0.194,0.103
"192",0.1194,0.1209,0.1747,0.1977,0.1102,0.277
"193",0.197,0.1327,0.1643,0.2097,0.111,0.1854
"194",0.2082,0.1364,0.1272,0.2249,0.1846,0.1188
"195",0.2257,0.1302,0.1791,0.2463,0.1175,0.1012
"196",0.1768,0.1122,0.1843,0.2099,0.1005,0.2163
"197",0.1923,0.1119,0.1488,0.2209,0.1505,0.1756
"198",0.1944,0.0837,0.1867,0.2192,0.132,0.184
"199",0.1491,0.095,0.1696,0.215,0.1568,0.2145
"200",0.4097,0.0845,0.0686,0.1407,0.1649,0.1316
"201",0.0636,0.1242,0.2841,0.3026,0.1084,0.117
"202",0.1831,0.144,0.1715,0.2303,0.0365,0.2346
"203",0.0971,0.1383,0.1903,0.2457,0.1869,0.1418
"204",0.2686,0.1207,0.1191,0.1724,0.125,0.1941
"205",0.12,0.134,0.2122,0.2524,0.0904,0.1909
"206",0.2286,0.1299,0.1732,0.1943,0.0813,0.1926
"207",0.1995,0.1021,0.1846,0.2202,0.1256,0.1679
"208",0.2265,0.1606,0.1286,0.2583,0.1017,0.1242
"209",0.2426,0.1074,0.1803,0.2369,0.0474,0.1854
"210",0.0912,0.1506,0.1954,0.2628,0.1017,0.1983
"211",0.1309,0.1625,0.1755,0.2925,0.1223,0.1163
"212",0.1081,0.1296,0.1896,0.2194,0.1556,0.1977
"213",0.0956,0.1723,0.1192,0.2448,0.1836,0.1846
"214",0.2659,0.1191,0.1421,0.1791,0.0482,0.2456
"215",0.1009,0.1018,0.2292,0.2183,0.239,0.1108
"216",0.2604,0.0957,0.1867,0.2227,0.0506,0.1839
"217",0.1273,0.1621,0.1938,0.279,0.146,0.0919
"218",0.1203,0.1776,0.1763,0.2468,0.1836,0.0954
"219",0.1256,0.1437,0.1747,0.2087,0.1661,0.1812
"220",0.3251,0.1176,0.157,0.2155,0.0486,0.1362
"221",0.2065,0.1153,0.1972,0.2207,0.0388,0.2215
"222",0.2119,0.0997,0.2138,0.2269,0.0504,0.1973
"223",0.2234,0.143,0.1258,0.222,0.1324,0.1533
"224",0.1964,0.147,0.1814,0.2502,0.0897,0.1353
"225",0.0954,0.1459,0.2077,0.266,0.0838,0.2012
"226",0.1571,0.1456,0.1836,0.2342,0.1561,0.1234
"227",0.1995,0.1191,0.1998,0.2412,0.0883,0.1519
"228",0.1495,0.1648,0.2439,0.245,0.0426,0.1542
"229",0.1682,0.1131,0.1716,0.2046,0.1508,0.1917
"230",0.2466,0.084,0.1468,0.2085,0.1381,0.1759
"231",0.141,0.2084,0.1277,0.2705,0.1376,0.1148
"232",0.0721,0.1191,0.158,0.2572,0.232,0.1616
"233",0.099,0.1468,0.1917,0.2435,0.1308,0.1881
"234",0.1038,0.167,0.2673,0.3394,0.0367,0.0857
"235",0.2332,0.1246,0.1929,0.2126,0.0608,0.1758
"236",0.1161,0.1493,0.1675,0.2578,0.1649,0.1445
"237",0.0896,0.1929,0.1568,0.2974,0.1504,0.1129
"238",0.1992,0.1007,0.1322,0.2001,0.1677,0.2001
"239",0.2427,0.1321,0.2101,0.2087,0.0326,0.1738
"240",0.1697,0.1852,0.1108,0.1967,0.2396,0.098
"241",0.2915,0.0918,0.2157,0.2439,0.0154,0.1416
"242",0.202,0.1064,0.1777,0.2318,0.0797,0.2025
"243",0.2189,0.133,0.1541,0.185,0.164,0.145
"244",0.0619,0.1929,0.2025,0.31,0.1259,0.1067
"245",0.1708,0.1501,0.1415,0.258,0.139,0.1406
"246",0.2444,0.1382,0.1336,0.2215,0.0204,0.2419
"247",0.1469,0.0963,0.1648,0.215,0.1029,0.2741
"248",0.1699,0.0944,0.2283,0.2316,0.1701,0.1058
"249",0.1688,0.0832,0.1908,0.1917,0.2095,0.1561
"250",0.2186,0.1143,0.1139,0.1901,0.1744,0.1887
"251",0.2036,0.0923,0.1466,0.1789,0.168,0.2106
"252",0.101,0.1073,0.2229,0.2796,0.0491,0.2402
"253",0.1294,0.1494,0.2004,0.225,0.1947,0.1011
"254",0.1602,0.1536,0.1861,0.2464,0.0601,0.1936
"255",0.199,0.1528,0.1663,0.2125,0.1437,0.1257
"256",0.16,0.1366,0.1801,0.2463,0.1576,0.1193
"257",0.1951,0.1162,0.198,0.2158,0.0521,0.2228
"258",0.2653,0.0722,0.1112,0.1622,0.1818,0.2073
"259",0.1671,0.1351,0.1375,0.214,0.1465,0.1998
"260",0.0745,0.1437,0.1562,0.2441,0.1949,0.1865
"261",0.2729,0.1017,0.1874,0.2472,0.083,0.1077
"262",0.2844,0.1036,0.114,0.1795,0.0201,0.2983
"263",0.1901,0.0901,0.1597,0.1619,0.1941,0.2039
"264",0.1943,0.1367,0.1912,0.2558,0.0447,0.1773
"265",0.1183,0.1455,0.2068,0.3155,0.0723,0.1416
"266",0.1031,0.1638,0.1894,0.305,0.1283,0.1103
"267",0.2462,0.1318,0.1613,0.2147,0.0323,0.2137
"268",0.1667,0.1205,0.1721,0.2373,0.1449,0.1584
"269",0.0723,0.1189,0.1962,0.2432,0.245,0.1244
"270",0.2156,0.1273,0.0948,0.1815,0.1783,0.2024
"271",0.2022,0.2059,0.1161,0.2368,0.0561,0.1829
"272",0.2191,0.0901,0.1482,0.1949,0.2049,0.1429
"273",0.0846,0.1525,0.1779,0.2387,0.1458,0.2005
"274",0.091,0.1619,0.204,0.2803,0.0674,0.1954
"275",0.1547,0.1673,0.1721,0.2269,0.1414,0.1376
"276",0.1921,0.1421,0.1251,0.2332,0.1515,0.1558
"277",0.2036,0.1133,0.1076,0.1576,0.1921,0.2258
"278",0.1212,0.113,0.1183,0.1751,0.2164,0.256
"279",0.2282,0.0958,0.1972,0.2293,0.0538,0.1957
"280",0.2366,0.0892,0.1217,0.2047,0.2523,0.0955
"281",0.2366,0.1222,0.1945,0.2196,0.077,0.1501
"282",0.2542,0.1282,0.1012,0.1637,0.1371,0.2156
"283",0.1542,0.1623,0.1367,0.2219,0.1204,0.2044
"284",0.0714,0.1487,0.2896,0.3001,0.097,0.0932
"285",0.1764,0.1035,0.1956,0.195,0.0865,0.243
"286",0.2026,0.1368,0.0927,0.1642,0.1662,0.2376
"287",0.2531,0.1376,0.0809,0.1731,0.1036,0.2517
"288",0.0854,0.1867,0.2514,0.3078,0.0486,0.1201
"289",0.2075,0.1467,0.1005,0.1996,0.1842,0.1615
"290",0.1359,0.1576,0.2642,0.2996,0.0442,0.0985
"291",0.1066,0.1605,0.2114,0.2671,0.1101,0.1443
"292",0.2067,0.1204,0.1754,0.2046,0.0681,0.2248
"293",0.098,0.1403,0.2234,0.2808,0.1447,0.1127
"294",0.075,0.1458,0.2354,0.255,0.1992,0.0895
"295",0.095,0.1502,0.1591,0.2482,0.1461,0.2014
"296",0.1151,0.2278,0.1579,0.3053,0.0563,0.1375
"297",0.0997,0.1268,0.2146,0.2633,0.1275,0.1681
"298",0.1424,0.1192,0.1648,0.2145,0.1997,0.1594
"299",0.239,0.1668,0.1094,0.2116,0.0224,0.2507
"300",0.1601,0.1618,0.1498,0.2672,0.1398,0.1213
"301",0.1006,0.1727,0.1404,0.2311,0.1223,0.2329
"302",0.3349,0.1122,0.0694,0.1526,0.1592,0.1717
"303",0.314,0.0813,0.1792,0.1778,0.1363,0.1114
"304",0.1787,0.1447,0.16,0.2064,0.1299,0.1803
"305",0.2644,0.1165,0.1343,0.2235,0.041,0.2203
"306",0.2141,0.0933,0.1592,0.1871,0.1103,0.2359
"307",0.0982,0.1629,0.1353,0.2534,0.1639,0.1862
"308",0.0939,0.1456,0.2212,0.2744,0.1756,0.0892
"309",0.2168,0.1143,0.1821,0.2532,0.0768,0.1568
"310",0.1256,0.1585,0.1812,0.245,0.0801,0.2097
"311",0.248,0.1731,0.1229,0.2557,0.0257,0.1745
"312",0.3172,0.1082,0.1342,0.1806,0.0399,0.2199
"313",0.2596,0.063,0.153,0.1564,0.1689,0.1991
"314",0.1211,0.131,0.1846,0.2666,0.1484,0.1482
"315",0.0974,0.1566,0.1174,0.2027,0.1933,0.2326
"316",0.1432,0.1342,0.1531,0.2305,0.208,0.1309
"317",0.132,0.1284,0.127,0.2324,0.1887,0.1914
"318",0.0821,0.1325,0.2259,0.2743,0.1452,0.14
"319",0.2078,0.155,0.136,0.2369,0.1207,0.1437
"320",0.1293,0.188,0.213,0.2681,0.0879,0.1138
"321",0.1553,0.1136,0.1372,0.2406,0.1975,0.1558
"322",0.1821,0.1245,0.1738,0.2134,0.1802,0.126
"323",0.1003,0.1599,0.137,0.2522,0.1843,0.1664
"324",0.223,0.1009,0.1484,0.1881,0.151,0.1885
"325",0.202,0.1071,0.1262,0.2252,0.085,0.2546
"326",0.0852,0.1481,0.1924,0.2616,0.1645,0.1483
"327",0.2604,0.1536,0.135,0.2155,0.0331,0.2024
"328",0.1182,0.1712,0.2275,0.244,0.1068,0.1323
"329",0.2416,0.103,0.1365,0.238,0.1494,0.1316
"330",0.0692,0.2074,0.2544,0.321,0.0383,0.1098
"331",0.1523,0.1554,0.1987,0.265,0.0477,0.1809
"332",0.1164,0.1425,0.219,0.2398,0.0566,0.2256
"333",0.1388,0.1105,0.1632,0.2375,0.1635,0.1864
"334",0.1126,0.1451,0.163,0.2616,0.162,0.1556
"335",0.1862,0.1443,0.185,0.2292,0.1268,0.1285
"336",0.2779,0.0996,0.1487,0.1688,0.1598,0.1451
"337",0.1492,0.1383,0.1652,0.2069,0.1321,0.2083
"338",0.3235,0.1426,0.1564,0.2325,0.0199,0.1251
"339",0.2101,0.1377,0.1415,0.2043,0.1399,0.1665
"340",0.1127,0.1275,0.2185,0.2617,0.1574,0.1221
"341",0.1701,0.0916,0.1894,0.221,0.1541,0.1738
"342",0.2253,0.1317,0.1544,0.2246,0.1259,0.1381
"343",0.0825,0.1337,0.2107,0.2568,0.1937,0.1226
"344",0.2051,0.1074,0.2341,0.2756,0.0227,0.1551
"345",0.133,0.1479,0.1159,0.2083,0.1271,0.2677
"346",0.1026,0.1434,0.2013,0.2182,0.1608,0.1737
"347",0.2321,0.1135,0.1865,0.2352,0.0836,0.1491
"348",0.2208,0.1655,0.0762,0.1743,0.1709,0.1923
"349",0.2601,0.0996,0.122,0.1902,0.2068,0.1212
"350",0.1808,0.142,0.1713,0.2352,0.1378,0.1329
"351",0.2449,0.1597,0.0898,0.1714,0.2323,0.1018
"352",0.1719,0.1008,0.1792,0.2381,0.1883,0.1217
"353",0.1776,0.0869,0.2006,0.2214,0.1565,0.157
"354",0.2615,0.0676,0.1781,0.1891,0.1388,0.165
"355",0.1706,0.1151,0.1896,0.2493,0.1675,0.1079
"356",0.146,0.1167,0.1982,0.2286,0.106,0.2045
"357",0.216,0.1198,0.1371,0.2155,0.1577,0.1539
"358",0.1006,0.0617,0.2212,0.1833,0.1487,0.2845
"359",0.2449,0.0827,0.1946,0.1985,0.1236,0.1558
"360",0.3584,0.0564,0.0804,0.1191,0.0736,0.312
"361",0.2441,0.1141,0.1259,0.1808,0.1365,0.1986
"362",0.1333,0.1195,0.164,0.2183,0.1523,0.2127
"363",0.147,0.1167,0.2409,0.2542,0.0959,0.1453
"364",0.1201,0.0925,0.1738,0.1817,0.2043,0.2277
"365",0.0994,0.18,0.137,0.2231,0.2279,0.1325
"366",0.135,0.1832,0.2013,0.2411,0.0416,0.1978
"367",0.1993,0.1405,0.1596,0.2138,0.1219,0.1649
"368",0.2063,0.1039,0.1987,0.2397,0.1562,0.0952
"369",0.2021,0.1439,0.1928,0.2566,0.0325,0.1721
"370",0.1948,0.1528,0.2376,0.2804,0.0304,0.1039
"371",0.1334,0.1464,0.1788,0.2503,0.0739,0.2172
"372",0.214,0.0914,0.1722,0.2063,0.1606,0.1555
"373",0.1584,0.1143,0.1475,0.2149,0.1487,0.2162
"374",0.1168,0.168,0.1542,0.2671,0.074,0.2199
"375",0.1261,0.1318,0.2154,0.2479,0.1389,0.1399
"376",0.2823,0.1189,0.1131,0.1618,0.1763,0.1477
"377",0.1573,0.1353,0.1948,0.244,0.0809,0.1875
"378",0.1997,0.0878,0.1904,0.2187,0.0943,0.209
"379",0.293,0.0959,0.1757,0.1926,0.0469,0.196
"380",0.164,0.1493,0.2221,0.2468,0.0963,0.1215
"381",0.1723,0.1292,0.1341,0.2589,0.0652,0.2403
"382",0.1313,0.1005,0.1754,0.2361,0.1751,0.1816
"383",0.1611,0.163,0.0896,0.198,0.1413,0.247
"384",0.191,0.1237,0.1574,0.2437,0.1316,0.1525
"385",0.2373,0.1357,0.1305,0.1771,0.1611,0.1584
"386",0.1847,0.1202,0.103,0.197,0.2864,0.1087
"387",0.1124,0.1254,0.1852,0.227,0.1454,0.2046
"388",0.1875,0.1037,0.174,0.1807,0.1206,0.2335
"389",0.248,0.1199,0.1802,0.2295,0.0189,0.2035
"390",0.1206,0.1501,0.1471,0.2465,0.133,0.2027
"391",0.2461,0.095,0.1138,0.1888,0.1441,0.2122
"392",0.1389,0.0927,0.258,0.2414,0.1622,0.1069
"393",0.1862,0.1227,0.1458,0.1977,0.1097,0.238
"394",0.0935,0.1382,0.2293,0.3096,0.0645,0.165
"395",0.1237,0.1551,0.1279,0.2221,0.1614,0.2097
"396",0.2794,0.0711,0.1015,0.1715,0.1092,0.2672
"397",0.1491,0.1267,0.1419,0.2225,0.2306,0.1292
"398",0.0718,0.1776,0.1669,0.2813,0.1562,0.1462
"399",0.2089,0.1164,0.1842,0.2025,0.1316,0.1564
"400",0.087,0.0923,0.0837,0.1514,0.3221,0.2635
"401",0.2929,0.1266,0.0933,0.1731,0.0701,0.244
"402",0.1735,0.1298,0.1851,0.2294,0.0934,0.1889
"403",0.2166,0.1632,0.1117,0.1835,0.156,0.169
"404",0.1405,0.1445,0.1419,0.2285,0.1841,0.1605
"405",0.2632,0.1011,0.1223,0.1827,0.1652,0.1656
"406",0.1952,0.1109,0.174,0.2076,0.1668,0.1456
"407",0.2221,0.1587,0.1382,0.2051,0.1125,0.1634
"408",0.3181,0.0846,0.1232,0.1722,0.1178,0.184
"409",0.1463,0.1584,0.2063,0.2377,0.1073,0.1441
"410",0.1429,0.121,0.2312,0.2545,0.0311,0.2194
"411",0.1236,0.1417,0.1974,0.2692,0.1552,0.113
"412",0.2944,0.0966,0.2163,0.2114,0.0168,0.1646
"413",0.1838,0.1571,0.1998,0.2676,0.034,0.1576
"414",0.2007,0.1504,0.1294,0.2447,0.1146,0.1602
"415",0.1779,0.1108,0.1581,0.2217,0.0267,0.3048
"416",0.1725,0.1144,0.1983,0.2099,0.0569,0.248
"417",0.2068,0.1239,0.1468,0.2061,0.1097,0.2067
"418",0.1714,0.1324,0.1379,0.2341,0.1535,0.1707
"419",0.2606,0.084,0.1522,0.215,0.0794,0.2087
"420",0.0759,0.1565,0.2716,0.341,0.0618,0.093
"421",0.2184,0.0781,0.1922,0.2017,0.18,0.1295
"422",0.1119,0.0903,0.1954,0.1946,0.2029,0.205
"423",0.248,0.0581,0.1147,0.1304,0.1613,0.2875
"424",0.2573,0.0953,0.1351,0.163,0.1025,0.2467
"425",0.1331,0.1443,0.1327,0.1956,0.1704,0.2239
"426",0.138,0.1401,0.2065,0.2495,0.1498,0.116
"427",0.2106,0.1397,0.2081,0.2781,0.0414,0.1221
"428",0.221,0.1312,0.1425,0.2054,0.1859,0.114
"429",0.2066,0.0902,0.1888,0.2077,0.1014,0.2053
"430",0.236,0.1241,0.1237,0.1812,0.2172,0.1178
"431",0.15,0.1611,0.1278,0.2466,0.1525,0.162
"432",0.2304,0.1502,0.1022,0.1776,0.177,0.1625
"433",0.1805,0.1487,0.1774,0.2288,0.1553,0.1094
"434",0.1198,0.1301,0.2353,0.2712,0.0759,0.1676
"435",0.2327,0.1001,0.2034,0.2203,0.0387,0.2048
"436",0.2674,0.077,0.2093,0.1868,0.1517,0.1079
"437",0.2306,0.154,0.0811,0.1694,0.147,0.2179
"438",0.1536,0.1332,0.1958,0.2194,0.0949,0.203
"439",0.1311,0.1695,0.2065,0.2303,0.1477,0.1148
"440",0.2583,0.0862,0.1581,0.2002,0.1731,0.1241
"441",0.1765,0.1529,0.1306,0.2622,0.1828,0.0949
"442",0.1783,0.1151,0.2113,0.255,0.1409,0.0994
"443",0.0967,0.1383,0.227,0.2315,0.1205,0.186
"444",0.2369,0.1604,0.1722,0.2647,0.019,0.1466
"445",0.0811,0.1909,0.2002,0.3372,0.0635,0.1271
"446",0.2496,0.101,0.1974,0.1989,0.077,0.1761
"447",0.1796,0.1428,0.1737,0.2364,0.1429,0.1246
"448",0.1445,0.1191,0.2438,0.288,0.0595,0.145
"449",0.1726,0.1419,0.2049,0.2362,0.1281,0.1163
"450",0.1551,0.0944,0.1854,0.2218,0.147,0.1963
"451",0.1479,0.1763,0.1826,0.2718,0.1266,0.0948
"452",0.1715,0.1398,0.1772,0.2369,0.1371,0.1375
"453",0.231,0.1688,0.1801,0.2794,0.0355,0.1051
"454",0.2808,0.1198,0.125,0.1941,0.0364,0.2438
"455",0.1796,0.1465,0.1481,0.2067,0.1101,0.209
"456",0.1687,0.1393,0.2225,0.2809,0.075,0.1136
"457",0.1271,0.1689,0.1802,0.2619,0.0674,0.1946
"458",0.1784,0.1603,0.2235,0.3051,0.0447,0.088
"459",0.2038,0.1239,0.1706,0.2326,0.0281,0.241
"460",0.2216,0.0812,0.1668,0.1903,0.2032,0.1369
"461",0.1279,0.141,0.1073,0.2029,0.1135,0.3073
"462",0.2449,0.115,0.1873,0.219,0.0705,0.1634
"463",0.1153,0.1523,0.1827,0.222,0.1431,0.1847
"464",0.0957,0.1889,0.2292,0.32,0.0242,0.142
"465",0.1398,0.1163,0.1223,0.2323,0.288,0.1014
"466",0.1903,0.1589,0.1376,0.2352,0.1516,0.1265
"467",0.1056,0.1521,0.114,0.1849,0.1795,0.264
"468",0.1355,0.1476,0.1448,0.2541,0.1416,0.1765
"469",0.1298,0.1577,0.1872,0.2805,0.1452,0.0997
"470",0.1357,0.174,0.1471,0.2518,0.1067,0.1848
"471",0.0831,0.12,0.1973,0.2452,0.1542,0.2003
"472",0.2321,0.0954,0.1306,0.1967,0.099,0.2462
"473",0.1235,0.1134,0.1518,0.1837,0.1888,0.2388
"474",0.1705,0.0847,0.1817,0.2019,0.1468,0.2143
"475",0.1936,0.1462,0.1847,0.2495,0.1201,0.1059
"476",0.0975,0.1682,0.2052,0.2397,0.1548,0.1346
"477",0.1747,0.1323,0.1915,0.2512,0.141,0.1093
"478",0.0827,0.1714,0.1641,0.2274,0.1818,0.1726
"479",0.2196,0.137,0.0996,0.1906,0.2044,0.1489
"480",0.2426,0.1437,0.136,0.233,0.0492,0.1955
"481",0.1418,0.1401,0.2189,0.2596,0.104,0.1357
"482",0.2012,0.1639,0.1327,0.2516,0.0984,0.1523
"483",0.1275,0.1078,0.114,0.1941,0.1735,0.283
"484",0.2661,0.1045,0.122,0.2181,0.044,0.2452
"485",0.2258,0.1152,0.1251,0.2042,0.1338,0.1959
"486",0.1899,0.174,0.1041,0.2014,0.1989,0.1319
"487",0.1748,0.1105,0.1439,0.2138,0.1396,0.2174
"488",0.1834,0.1138,0.1382,0.1776,0.1703,0.2168
"489",0.2358,0.1293,0.1253,0.2102,0.08,0.2193
"490",0.1361,0.17,0.1799,0.3084,0.0235,0.1821
"491",0.2273,0.1069,0.1766,0.184,0.1082,0.197
"492",0.0948,0.1327,0.1764,0.2519,0.1411,0.203
"493",0.1536,0.1595,0.198,0.264,0.0914,0.1335
"494",0.2174,0.1233,0.1874,0.2187,0.0745,0.1787
"495",0.1867,0.1362,0.1622,0.2226,0.1201,0.1721
"496",0.1422,0.1418,0.235,0.3141,0.0763,0.0907
"497",0.1626,0.1519,0.1337,0.252,0.1866,0.1133
"498",0.109,0.152,0.2353,0.3377,0.0689,0.0971
"499",0.0666,0.169,0.2258,0.2531,0.166,0.1195
"500",0.157,0.1386,0.13,0.235,0.1198,0.2195
"501",0.1577,0.1418,0.1713,0.2111,0.09,0.2282
"502",0.1261,0.1362,0.1998,0.2592,0.1577,0.121
"503",0.2021,0.1175,0.2229,0.2627,0.0703,0.1245
"504",0.1439,0.1364,0.1646,0.2341,0.1176,0.2034
"505",0.2079,0.1172,0.2045,0.2017,0.0627,0.2059
"506",0.1005,0.1528,0.2026,0.2715,0.0783,0.1942
"507",0.2078,0.1107,0.1776,0.2214,0.1538,0.1287
"508",0.1051,0.1511,0.2361,0.2571,0.1449,0.1056
"509",0.1869,0.1071,0.173,0.2136,0.1258,0.1937
"510",0.1574,0.1575,0.1681,0.2215,0.0973,0.1982
"511",0.1605,0.139,0.1891,0.2457,0.0773,0.1884
"512",0.1664,0.1165,0.2082,0.2602,0.1418,0.107
"513",0.1448,0.1288,0.1903,0.246,0.0816,0.2085
"514",0.1547,0.1003,0.1979,0.2227,0.068,0.2563
"515",0.2284,0.0921,0.2029,0.235,0.0414,0.2003
"516",0.1498,0.1484,0.1172,0.2166,0.1857,0.1824
"517",0.2325,0.1079,0.1238,0.2314,0.1707,0.1337
"518",0.184,0.1555,0.1437,0.2303,0.1174,0.1691
"519",0.1646,0.1189,0.2607,0.2913,0.0301,0.1345
"520",0.1767,0.1219,0.176,0.1975,0.1155,0.2125
"521",0.1468,0.0815,0.2098,0.1794,0.172,0.2106
"522",0.3129,0.1119,0.1479,0.1907,0.0183,0.2183
"523",0.1962,0.0983,0.2106,0.2668,0.0866,0.1415
"524",0.1882,0.1331,0.1756,0.2241,0.1324,0.1465
"525",0.2183,0.1667,0.1305,0.2315,0.0979,0.1551
"526",0.2393,0.1015,0.1606,0.2065,0.162,0.1301
"527",0.2907,0.1063,0.1033,0.194,0.043,0.2627
"528",0.1972,0.1278,0.1242,0.2141,0.1572,0.1794
"529",0.3261,0.1389,0.0701,0.1612,0.0313,0.2725
"530",0.0913,0.1393,0.1667,0.2021,0.1956,0.205
"531",0.1322,0.1112,0.1824,0.2452,0.0758,0.2532
"532",0.207,0.1031,0.1868,0.2203,0.1069,0.1759
"533",0.2257,0.1564,0.1484,0.2377,0.0738,0.158
"534",0.3262,0.0785,0.089,0.1352,0.0851,0.2859
"535",0.1579,0.1489,0.2128,0.2622,0.0577,0.1605
"536",0.0879,0.0933,0.2115,0.2283,0.1533,0.2256
"537",0.12,0.1096,0.2002,0.2603,0.2003,0.1095
"538",0.2366,0.092,0.1939,0.2412,0.0342,0.202
"539",0.1749,0.0992,0.1966,0.2146,0.108,0.2067
"540",0.2546,0.1053,0.1373,0.2367,0.0813,0.1847
"541",0.1682,0.1427,0.2119,0.2635,0.0783,0.1355
"542",0.2049,0.1076,0.1939,0.2291,0.0904,0.1741
"543",0.0822,0.0905,0.2144,0.196,0.2722,0.1447
"544",0.2525,0.0758,0.1819,0.185,0.1095,0.1954
"545",0.1684,0.146,0.1972,0.2626,0.0674,0.1584
"546",0.1998,0.1213,0.1678,0.2343,0.1391,0.1377
"547",0.2456,0.1024,0.1882,0.2592,0.0224,0.1822
"548",0.199,0.0782,0.1773,0.1903,0.1644,0.1907
"549",0.1327,0.1374,0.1991,0.2614,0.1619,0.1074
"550",0.1379,0.119,0.206,0.242,0.1561,0.139
"551",0.1374,0.1467,0.1239,0.2063,0.2018,0.1839
"552",0.1788,0.1256,0.1116,0.1775,0.1286,0.2779
"553",0.0853,0.1758,0.1733,0.2623,0.176,0.1274
"554",0.1427,0.1438,0.1492,0.2305,0.1368,0.1969
"555",0.2031,0.0876,0.198,0.2175,0.1307,0.1632
"556",0.2258,0.1303,0.1612,0.204,0.0932,0.1854
"557",0.1218,0.1384,0.175,0.1979,0.1661,0.2007
"558",0.1812,0.1011,0.1934,0.2073,0.1137,0.2034
"559",0.1451,0.1404,0.1651,0.2375,0.1448,0.167
"560",0.188,0.1576,0.1357,0.2097,0.2103,0.0987
"561",0.2692,0.0831,0.077,0.1308,0.1688,0.2712
"562",0.2939,0.1418,0.1766,0.2491,0.0117,0.1269
"563",0.0857,0.1699,0.2054,0.2475,0.1227,0.1688
"564",0.1511,0.1382,0.1817,0.2059,0.1868,0.1363
"565",0.2185,0.1652,0.1641,0.2621,0.0848,0.1054
"566",0.1817,0.1064,0.1886,0.2143,0.1157,0.1934
"567",0.1382,0.2025,0.1443,0.2377,0.1258,0.1515
"568",0.2037,0.1259,0.1919,0.223,0.0353,0.2203
"569",0.1714,0.0822,0.1603,0.1995,0.2024,0.1842
"570",0.1545,0.1484,0.2027,0.2354,0.0394,0.2195
"571",0.2514,0.1037,0.1635,0.2049,0.0549,0.2217
"572",0.1676,0.16,0.205,0.3133,0.0534,0.1007
"573",0.1316,0.112,0.1579,0.2504,0.0929,0.2552
"574",0.2163,0.0721,0.1541,0.1523,0.2152,0.19
"575",0.144,0.1576,0.1555,0.2316,0.0961,0.2152
"576",0.2513,0.1243,0.1449,0.189,0.0559,0.2346
"577",0.1547,0.1401,0.2211,0.2766,0.0349,0.1727
"578",0.0596,0.2079,0.2155,0.3392,0.088,0.0898
"579",0.2452,0.0909,0.1927,0.1887,0.0823,0.2001
"580",0.1976,0.1083,0.1718,0.2439,0.1525,0.1259
"581",0.108,0.1762,0.1958,0.2735,0.1553,0.0911
"582",0.2357,0.1244,0.0986,0.1653,0.1385,0.2375
"583",0.1787,0.1732,0.1296,0.2202,0.204,0.0942
"584",0.173,0.1409,0.1886,0.2079,0.1512,0.1384
"585",0.1811,0.1322,0.1679,0.2248,0.1091,0.1849
"586",0.1133,0.1681,0.1479,0.2874,0.1706,0.1128
"587",0.2182,0.0864,0.2039,0.234,0.1639,0.0936
"588",0.1268,0.1681,0.203,0.2764,0.0276,0.1982
"589",0.1596,0.1668,0.1655,0.2297,0.0634,0.2149
"590",0.2283,0.1358,0.1381,0.2018,0.0747,0.2213
"591",0.199,0.1307,0.142,0.2329,0.1874,0.1079
"592",0.1993,0.0825,0.1783,0.1756,0.2304,0.1338
"593",0.1654,0.0863,0.1542,0.2073,0.1452,0.2416
"594",0.2017,0.1571,0.1496,0.2517,0.126,0.1138
"595",0.129,0.1319,0.2035,0.2468,0.1017,0.1872
"596",0.2263,0.1404,0.185,0.2281,0.0279,0.1924
"597",0.1093,0.1237,0.1973,0.2333,0.2136,0.1228
"598",0.1434,0.1029,0.2037,0.2368,0.1425,0.1707
"599",0.1375,0.1663,0.1921,0.2707,0.0707,0.1628
"600",0.2127,0.1088,0.1824,0.1986,0.0855,0.2119
"601",0.1969,0.1307,0.1457,0.2024,0.189,0.1353
"602",0.2027,0.1727,0.1267,0.2378,0.0943,0.1657
"603",0.2153,0.133,0.0962,0.169,0.1536,0.233
"604",0.2053,0.1341,0.0997,0.1849,0.1525,0.2234
"605",0.1431,0.1403,0.1939,0.2512,0.1387,0.1328
"606",0.2325,0.1388,0.0841,0.1691,0.1092,0.2663
"607",0.1374,0.1473,0.1944,0.2578,0.1201,0.143
"608",0.1509,0.1619,0.2341,0.2937,0.0553,0.1041
"609",0.2156,0.1281,0.1837,0.2537,0.0494,0.1694
"610",0.2066,0.1721,0.1737,0.2849,0.0538,0.1089
"611",0.1983,0.1207,0.1545,0.2516,0.1188,0.1561
"612",0.2729,0.1046,0.1836,0.2262,0.0782,0.1346
"613",0.236,0.1134,0.1731,0.1998,0.0734,0.2042
"614",0.1952,0.0999,0.1637,0.21,0.0835,0.2478
"615",0.1983,0.1265,0.1762,0.2344,0.1221,0.1425
"616",0.1913,0.1186,0.2253,0.2577,0.0941,0.1131
"617",0.1112,0.1742,0.1704,0.2722,0.0795,0.1925
"618",0.1821,0.1064,0.0822,0.1516,0.1652,0.3125
"619",0.2176,0.1291,0.1014,0.1696,0.1716,0.2108
"620",0.2568,0.089,0.1551,0.2143,0.0393,0.2456
"621",0.1587,0.1533,0.1982,0.2658,0.1312,0.0928
"622",0.1159,0.1737,0.2077,0.2797,0.1296,0.0932
"623",0.2205,0.0957,0.1332,0.2127,0.1089,0.2291
"624",0.1591,0.143,0.1713,0.2329,0.0665,0.2272
"625",0.2329,0.1198,0.108,0.1993,0.1279,0.2121
"626",0.216,0.1633,0.1677,0.2426,0.0633,0.1471
"627",0.1801,0.0982,0.196,0.219,0.156,0.1506
"628",0.1934,0.1329,0.1734,0.2183,0.0978,0.1842
"629",0.2257,0.1712,0.1089,0.2234,0.0941,0.1767
"630",0.1327,0.0974,0.1981,0.2265,0.176,0.1694
"631",0.1965,0.1731,0.197,0.2499,0.0403,0.1433
"632",0.1103,0.1752,0.1403,0.2171,0.235,0.122
"633",0.223,0.1522,0.1575,0.2711,0.0811,0.115
"634",0.3217,0.1033,0.123,0.1791,0.1181,0.1548
"635",0.1323,0.1641,0.1577,0.2328,0.0692,0.2438
"636",0.1079,0.1418,0.1712,0.2691,0.2051,0.1049
"637",0.0953,0.1632,0.2027,0.2391,0.1214,0.1783
"638",0.0978,0.1285,0.2627,0.2981,0.0401,0.1727
"639",0.0512,0.1792,0.2225,0.3926,0.0889,0.0656
"640",0.2811,0.1163,0.141,0.2043,0.098,0.1593
"641",0.2041,0.098,0.1943,0.2399,0.0668,0.1969
"642",0.1394,0.1653,0.1355,0.2224,0.1145,0.2229
"643",0.2088,0.1838,0.1414,0.2733,0.0618,0.131
"644",0.1708,0.1332,0.1821,0.2521,0.121,0.1407
"645",0.1632,0.0971,0.167,0.2037,0.1443,0.2247
"646",0.2095,0.1042,0.1437,0.222,0.1587,0.1617
"647",0.1285,0.0873,0.1933,0.1926,0.1802,0.2181
"648",0.1081,0.144,0.1542,0.235,0.159,0.1996
"649",0.1426,0.1104,0.183,0.2177,0.1888,0.1576
"650",0.2463,0.1449,0.1241,0.2371,0.0546,0.193
"651",0.1061,0.149,0.2107,0.2656,0.073,0.1956
"652",0.0845,0.1176,0.2029,0.2226,0.1912,0.1811
"653",0.0977,0.1364,0.2235,0.2666,0.1127,0.163
"654",0.1698,0.1277,0.182,0.2186,0.1383,0.1635
"655",0.1156,0.1608,0.1722,0.2109,0.1484,0.1921
"656",0.3136,0.1291,0.0788,0.1574,0.0504,0.2706
"657",0.2348,0.1008,0.1523,0.1912,0.0338,0.2872
"658",0.0987,0.0871,0.2331,0.2209,0.0994,0.2607
"659",0.1734,0.1216,0.1778,0.247,0.185,0.0951
"660",0.064,0.2037,0.2174,0.2938,0.1075,0.1136
"661",0.1937,0.1168,0.1731,0.2254,0.1477,0.1433
"662",0.1846,0.1058,0.1816,0.236,0.0907,0.2013
"663",0.1845,0.1652,0.1146,0.186,0.1574,0.1924
"664",0.1345,0.1313,0.1709,0.2306,0.1418,0.1909
"665",0.2492,0.1416,0.142,0.2365,0.1059,0.1249
"666",0.1938,0.1267,0.1635,0.2168,0.1325,0.1666
"667",0.1769,0.1675,0.1168,0.2176,0.1145,0.2067
"668",0.2048,0.1093,0.0895,0.1649,0.214,0.2174
"669",0.2075,0.1369,0.1393,0.2153,0.0978,0.2033
"670",0.1035,0.1481,0.1846,0.2366,0.1331,0.1941
"671",0.0943,0.2133,0.175,0.3048,0.1109,0.1017
"672",0.0929,0.215,0.1337,0.279,0.0814,0.1979
"673",0.1858,0.1414,0.1936,0.2427,0.0629,0.1736
"674",0.1573,0.1181,0.2175,0.2711,0.1417,0.0943
"675",0.2165,0.0919,0.2014,0.2042,0.1104,0.1757
"676",0.1413,0.1212,0.2294,0.3269,0.1095,0.0718
"677",0.1849,0.1506,0.194,0.2357,0.0364,0.1983
"678",0.2546,0.0871,0.1044,0.1765,0.2289,0.1486
"679",0.0627,0.1413,0.161,0.2501,0.2475,0.1374
"680",0.137,0.0847,0.2096,0.2196,0.0455,0.3036
"681",0.1645,0.0927,0.1505,0.2048,0.2623,0.1252
"682",0.0982,0.0803,0.2271,0.2081,0.2109,0.1755
"683",0.1258,0.1558,0.1319,0.253,0.1189,0.2147
"684",0.2293,0.1248,0.1038,0.1936,0.1616,0.1868
"685",0.1004,0.127,0.2182,0.2512,0.1788,0.1244
"686",0.1212,0.136,0.1962,0.2593,0.1499,0.1374
"687",0.1545,0.095,0.1954,0.2263,0.1261,0.2028
"688",0.0884,0.0997,0.2181,0.2277,0.2233,0.1428
"689",0.1894,0.1231,0.1847,0.2032,0.0698,0.2298
"690",0.2927,0.142,0.0951,0.1939,0.1076,0.1688
"691",0.1895,0.153,0.1921,0.2162,0.1051,0.144
"692",0.1914,0.1157,0.1232,0.2282,0.1933,0.1481
"693",0.1646,0.1577,0.1396,0.2062,0.0953,0.2366
"694",0.2369,0.1117,0.1597,0.2463,0.148,0.0976
"695",0.1861,0.1214,0.1791,0.2143,0.144,0.155
"696",0.1316,0.1798,0.1223,0.2275,0.196,0.1428
"697",0.1821,0.1498,0.1238,0.2242,0.155,0.165
"698",0.2182,0.0808,0.1805,0.1812,0.1921,0.1472
"699",0.2197,0.1224,0.1575,0.2197,0.0809,0.1998
"700",0.2668,0.1293,0.144,0.1944,0.0305,0.235
"701",0.1857,0.0942,0.1734,0.1845,0.1342,0.228
"702",0.2635,0.0997,0.0853,0.1479,0.2019,0.2017
"703",0.2117,0.1412,0.1669,0.2018,0.1392,0.1391
"704",0.1902,0.1636,0.1767,0.2422,0.1207,0.1066
"705",0.2188,0.1474,0.1901,0.2086,0.1003,0.1349
"706",0.1269,0.1673,0.1561,0.238,0.1216,0.1901
"707",0.1973,0.103,0.1182,0.1763,0.1954,0.2097
"708",0.1713,0.1358,0.1724,0.23,0.116,0.1746
"709",0.2521,0.1373,0.1157,0.232,0.0366,0.2263
"710",0.2279,0.1458,0.1517,0.2497,0.0313,0.1936
"711",0.2267,0.1351,0.1587,0.19,0.1331,0.1565
"712",0.1667,0.1126,0.1392,0.2182,0.152,0.2114
"713",0.1486,0.1046,0.2735,0.2587,0.0873,0.1273
"714",0.2538,0.1643,0.1386,0.2724,0.024,0.147
"715",0.1781,0.1311,0.1389,0.2167,0.1312,0.204
"716",0.1846,0.1422,0.1855,0.23,0.0646,0.193
"717",0.0943,0.142,0.1833,0.2613,0.1746,0.1445
"718",0.1069,0.1408,0.1653,0.2048,0.1754,0.2068
"719",0.1221,0.1591,0.102,0.1919,0.1925,0.2324
"720",0.1631,0.1199,0.2129,0.2357,0.1389,0.1295
"721",0.1443,0.1712,0.1374,0.2481,0.1468,0.1523
"722",0.1106,0.1403,0.1697,0.2068,0.1604,0.2121
"723",0.138,0.0893,0.2297,0.2358,0.1416,0.1655
"724",0.1317,0.1701,0.1725,0.2437,0.0408,0.2413
"725",0.2262,0.1424,0.1472,0.2591,0.1103,0.1148
"726",0.1634,0.1626,0.1446,0.2039,0.0902,0.2353
"727",0.0806,0.1693,0.2378,0.2891,0.0669,0.1564
"728",0.1236,0.1841,0.1257,0.2546,0.0754,0.2366
"729",0.087,0.2055,0.1588,0.2459,0.1914,0.1115
"730",0.0878,0.0964,0.2379,0.2325,0.2089,0.1364
"731",0.1066,0.1067,0.2337,0.2511,0.2005,0.1014
"732",0.2351,0.156,0.1974,0.2175,0.0461,0.1479
"733",0.1829,0.2201,0.1243,0.2341,0.1206,0.1179
"734",0.125,0.1383,0.2161,0.2972,0.0512,0.1722
"735",0.2706,0.1167,0.1629,0.2305,0.0228,0.1965
"736",0.1708,0.0988,0.1816,0.2258,0.1536,0.1695
"737",0.1385,0.0856,0.2105,0.2243,0.063,0.2782
"738",0.194,0.0864,0.1907,0.215,0.1372,0.1768
"739",0.1918,0.1317,0.1793,0.2741,0.1094,0.1136
"740",0.1589,0.0903,0.1941,0.2331,0.1417,0.1819
"741",0.0552,0.1965,0.1884,0.2828,0.1901,0.0871
"742",0.205,0.1536,0.1334,0.239,0.0979,0.171
"743",0.2387,0.1258,0.1289,0.2004,0.1207,0.1855
"744",0.2237,0.0604,0.0893,0.1416,0.3116,0.1734
"745",0.2273,0.1399,0.1381,0.2047,0.0518,0.2383
"746",0.0655,0.1361,0.2322,0.2887,0.1566,0.1208
"747",0.0861,0.1589,0.1718,0.2415,0.1597,0.182
"748",0.1404,0.1895,0.1385,0.2697,0.084,0.1778
"749",0.1062,0.1389,0.1998,0.2614,0.1519,0.1419
"750",0.2422,0.1039,0.1456,0.2213,0.1054,0.1817
"751",0.138,0.1017,0.1737,0.2481,0.211,0.1275
"752",0.2204,0.109,0.18,0.2329,0.0211,0.2367
"753",0.2149,0.1485,0.1656,0.2082,0.047,0.2159
"754",0.1534,0.1452,0.1118,0.2178,0.1803,0.1914
"755",0.1966,0.1395,0.1103,0.2103,0.0942,0.2491
"756",0.1553,0.145,0.1895,0.2212,0.0991,0.1899
"757",0.2474,0.1473,0.1343,0.1965,0.1203,0.1542
"758",0.1032,0.1395,0.1989,0.2611,0.1061,0.1912
"759",0.0902,0.1252,0.1986,0.226,0.1773,0.1828
"760",0.2391,0.1339,0.1513,0.2609,0.0412,0.1735
"761",0.1797,0.1074,0.2509,0.2907,0.0785,0.0929
"762",0.2884,0.0749,0.1683,0.2002,0.1614,0.1069
"763",0.1844,0.1282,0.1701,0.2297,0.1682,0.1193
"764",0.2407,0.0762,0.1585,0.1763,0.1482,0.2002
"765",0.1617,0.133,0.1732,0.2486,0.1089,0.1746
"766",0.2899,0.1072,0.1146,0.2267,0.0779,0.1838
"767",0.153,0.1293,0.1774,0.2144,0.1693,0.1567
"768",0.2429,0.1613,0.1266,0.205,0.1339,0.1303
"769",0.2064,0.1099,0.1773,0.1922,0.1095,0.2047
"770",0.1945,0.095,0.1588,0.2202,0.1311,0.2004
"771",0.0908,0.1507,0.1902,0.2537,0.0972,0.2173
"772",0.194,0.1248,0.2112,0.2652,0.1105,0.0942
"773",0.2363,0.0818,0.1623,0.2117,0.0276,0.2803
"774",0.2676,0.0927,0.17,0.2004,0.0282,0.241
"775",0.1842,0.0941,0.1853,0.2296,0.0675,0.2393
"776",0.2144,0.1203,0.1729,0.2013,0.1095,0.1815
"777",0.2118,0.1538,0.1199,0.1963,0.1256,0.1926
"778",0.1589,0.1586,0.1747,0.2112,0.1427,0.1539
"779",0.1277,0.2088,0.1179,0.2192,0.0479,0.2786
"780",0.269,0.1709,0.1768,0.2213,0.042,0.1201
"781",0.191,0.1044,0.1339,0.1918,0.1751,0.2037
"782",0.097,0.1617,0.2251,0.267,0.1374,0.1118
"783",0.1209,0.1494,0.1705,0.2732,0.0945,0.1914
"784",0.2594,0.1339,0.1157,0.2083,0.0533,0.2295
"785",0.1617,0.1489,0.1307,0.2159,0.1535,0.1893
"786",0.2494,0.1196,0.181,0.2495,0.0296,0.1708
"787",0.1522,0.1546,0.1813,0.2446,0.1646,0.1028
"788",0.2388,0.1163,0.1255,0.2152,0.0768,0.2275
"789",0.2057,0.1541,0.1897,0.265,0.038,0.1474
"790",0.0926,0.1691,0.1849,0.2699,0.0913,0.1922
"791",0.1861,0.0971,0.1631,0.1933,0.1381,0.2224
"792",0.1884,0.116,0.1764,0.2297,0.1036,0.1859
"793",0.2682,0.154,0.1049,0.2057,0.0548,0.2124
"794",0.1326,0.141,0.19,0.2813,0.1381,0.1169
"795",0.0883,0.151,0.1879,0.286,0.0896,0.1972
"796",0.1718,0.1368,0.1751,0.2221,0.1006,0.1936
"797",0.0742,0.1457,0.2551,0.3042,0.1161,0.1047
"798",0.1768,0.131,0.1958,0.2409,0.0527,0.2028
"799",0.2824,0.1111,0.1294,0.1742,0.1414,0.1614
"800",0.1798,0.1409,0.1233,0.224,0.1429,0.1892
"801",0.2915,0.0953,0.107,0.1637,0.0823,0.2601
"802",0.2497,0.143,0.1845,0.2092,0.0377,0.1759
"803",0.0724,0.1727,0.2408,0.2991,0.0834,0.1316
"804",0.2305,0.1232,0.15,0.2102,0.1131,0.173
"805",0.2735,0.1262,0.0834,0.1746,0.1005,0.2419
"806",0.194,0.1251,0.1799,0.218,0.1689,0.114
"807",0.1196,0.1666,0.1883,0.2614,0.0737,0.1904
"808",0.2044,0.069,0.1216,0.1569,0.1577,0.2903
"809",0.1944,0.096,0.1622,0.2097,0.1674,0.1703
"810",0.3966,0.0719,0.1053,0.192,0.0087,0.2253
"811",0.1353,0.1494,0.1266,0.2157,0.0595,0.3135
"812",0.1082,0.1348,0.181,0.2581,0.0782,0.2397
"813",0.3235,0.1351,0.1034,0.2033,0.0764,0.1583
"814",0.0984,0.1079,0.2083,0.2267,0.1793,0.1794
"815",0.2476,0.1495,0.1998,0.2159,0.0372,0.15
"816",0.124,0.1477,0.1765,0.2431,0.1477,0.1609
"817",0.2282,0.0733,0.1318,0.1676,0.1959,0.2032
"818",0.1804,0.0832,0.2529,0.2481,0.076,0.1594
"819",0.2062,0.1628,0.1689,0.2161,0.1173,0.1288
"820",0.1678,0.1016,0.1439,0.2289,0.1095,0.2483
"821",0.2011,0.1395,0.1491,0.1984,0.1637,0.1481
"822",0.1928,0.109,0.1515,0.1802,0.1717,0.1949
"823",0.2206,0.1541,0.1264,0.227,0.0644,0.2075
"824",0.261,0.0772,0.173,0.206,0.1091,0.1737
"825",0.1769,0.1732,0.1143,0.2002,0.1671,0.1683
"826",0.1656,0.1686,0.1225,0.2298,0.1923,0.1212
"827",0.1737,0.1142,0.2178,0.2289,0.1369,0.1285
"828",0.2291,0.1136,0.1467,0.2104,0.0814,0.2188
"829",0.096,0.1093,0.1322,0.2367,0.1789,0.247
"830",0.1487,0.1558,0.1277,0.2004,0.0916,0.2758
"831",0.1673,0.1515,0.0835,0.168,0.1566,0.2732
"832",0.1391,0.1055,0.1461,0.2379,0.1755,0.1959
"833",0.1584,0.1516,0.196,0.2864,0.0623,0.1453
"834",0.1444,0.1182,0.1875,0.2437,0.1221,0.1841
"835",0.1564,0.1243,0.1633,0.222,0.1552,0.1789
"836",0.1709,0.1137,0.2226,0.2313,0.0738,0.1876
"837",0.099,0.1676,0.1616,0.2418,0.1513,0.1787
"838",0.2642,0.0646,0.2314,0.194,0.1316,0.1143
"839",0.1575,0.1029,0.1998,0.2456,0.0564,0.2377
"840",0.1981,0.1303,0.1909,0.2393,0.0633,0.178
"841",0.2767,0.1024,0.1725,0.1796,0.0168,0.2519
"842",0.155,0.1328,0.1607,0.2,0.1531,0.1984
"843",0.1483,0.1356,0.1674,0.2494,0.0919,0.2073
"844",0.1728,0.0834,0.219,0.2065,0.1482,0.1701
"845",0.1685,0.1251,0.1766,0.2264,0.1035,0.2
"846",0.2465,0.0895,0.1252,0.1944,0.2241,0.1203
